"y" "prf" "prfm" "" ""
-0.00240288461631031 -0.0123460329864318 -0.0160347744639154 193409 -3.36107617531745
-0.0168410171960266 -0.0346358256242092 -0.0158183952599852 193410 -3.36543571717072
0.0799196231758734 -0.0260275343417984 -0.0158343737277358 193411 -3.35067562118228
0.00349388925425584 0.00277172683738197 -0.0143612353138341 193412 -3.26853027990381
-0.0352127557557445 -0.018219665473835 -0.0140907031234085 193501 -3.28397302061758
-0.0197946273281795 -0.0375202927202704 -0.0144059576403091 193502 -3.29205666373233
-0.0375980304153185 -0.0416462730843701 -0.0144852027827777 193503 -3.27870151966474
0.0866363066595467 -0.0530327456886606 -0.0148201712991914 193504 -3.30386358275703
0.0340148785872776 0.0427061997918091 -0.013370793042638 193505 -2.88473407101868
0.0575139062006066 0.0657051019570349 -0.0127033892168645 193506 -2.99039128956244
0.0723206615796261 0.0811283961908638 -0.011728149002733 193507 -3.22786419890184
0.0260575343192896 0.131005290118611 -0.0105767954331116 193508 -3.57093004528419
0.0258626595257274 0.0962763030676523 -0.010081736922944 193509 -3.11300267570034
0.0678455468950672 0.0664800713171936 -0.00960247830362841 193510 -2.94037207023177
0.0474559411562953 0.0663315723711499 -0.00858342534048768 193511 -3.23510174984463
0.0444952398865513 0.0662189450271428 -0.00785564136000998 193512 -3.37309377287995
0.0665365238002442 0.0467010834676583 -0.00718447621582329 193601 -3.48614918812615
0.0244974716003874 0.0489900190419315 -0.00625129900043003 193602 -3.73726268755263
0.00965325702813835 0.0339068575718331 -0.00586693936791982 193603 -3.75555851993674
-0.0851222534168351 0.0276925895401592 -0.00567533200500552 193604 -3.73930792233825
0.0504079025438458 0.0247348769185803 -0.00664419690027173 193605 -3.44158595299449
0.0234235149435881 0.029072828342415 -0.00595682220817393 193606 -3.57225577496025
0.0644760191843648 0.0252586024746965 -0.00560705628970057 193607 -3.61387562684372
0.00965325702813835 0.0352909861956507 -0.00478254951941745 193608 -3.78571708696442
0.00965325702813835 0.0325542712017532 -0.0046146913037482 193609 -3.764374118355
0.0685927914656117 0.026889273688031 -0.00445069189763456 193610 -3.7492142466159
0.0320798934634116 0.0255793393379471 -0.00362065231396131 193611 -3.93342705312947
0.00209779808214612 0.0250366804814469 -0.00321952258612566 193612 -3.99569496999652
0.0328543368709473 0.0212405100599928 -0.00316044124536708 193701 -3.97157276593407
0.0106431600984798 0.0155021642291349 -0.00276467445288011 193702 -4.03054250656953
-0.00280392733273426 0.0111174068853868 -0.00261893712080011 193703 -4.03848257663662
-0.0767730588059137 0.00673303665404823 -0.00262092626286392 193704 -4.02906717680407
-0.0089398415694743 0.00135347120921667 -0.00340977873672615 193705 -3.96801017818045
-0.0433251247383737 0.00617064504937595 -0.00346798992443929 193706 -3.96439708962668
0.0850761723551193 0.00973028250686386 -0.00388316841208444 193707 -3.92547403456405
-0.0500309336055649 0.0174332076085016 -0.00296606180623698 193708 -4.05016646020666
-0.146761381395404 0.0151483257292045 -0.00344631560010767 193709 -3.94007945181853
-0.101257832074227 0.0137538923487071 -0.00489394252733288 193710 -3.69919859668926
-0.0869750140144072 0.0184150910579078 -0.00585758142280182 193711 -3.52026586816188
-0.0433251247383737 0.0173089606635065 -0.00666072431974841 193712 -3.30596058769965
0.00488803407277587 0.0156116694272214 -0.00702017922581337 193801 -3.19174290183806
0.0567583338186089 0.017899779791075 -0.00690456550446784 193802 -3.19330743396475
-0.271939965503173 0.0208459084241253 -0.00629242224174595 193803 -3.3270078013933
0.135404637006203 0.013205989159924 -0.00882239884423573 193804 -2.66281696110697
-0.039052727263701 0.0201549748702861 -0.00746176643055235 193805 -2.99954424573663
0.214062442578017 0.0182012184448693 -0.00775700905516121 193806 -2.86958262805455
0.0709243383366986 0.0257960242368521 -0.00570312524374289 193807 -3.52939412919413
-0.0270629195496891 0.0180640405642583 -0.00500012099071132 193808 -3.74774454426234
0.0078689583786952 0.0135289977763196 -0.00520069188670203 193809 -3.66500323119896
0.0750147038054458 0.0187810406064412 -0.00508294728971647 193810 -3.67284028307879
-0.016739324004298 0.0221631556692134 -0.00436778969065252 193811 -3.86202204929715
0.041045969436001 0.0155558867173982 -0.00447727229519805 193812 -3.78857614257109
-0.061343630241052 0.0187779357232884 -0.00407794561334543 193901 -3.87006845810138
0.0344014267173323 0.0180465452402402 -0.00457590808836896 193902 -3.70619903301259
-0.127606124605146 0.022468587110072 -0.00423989658142326 193903 -3.77739515475273
-0.00180162194662821 0.0165090350171356 -0.00529430878675423 193904 -3.40812181213916
0.0656941031953625 0.0263860660653804 -0.00526470974573621 193905 -3.3904126528173
-0.0546674013423082 0.0262326053630331 -0.00466841720001269 193906 -3.59188549835585
0.0974896212772571 0.0230782542895873 -0.00508507540119849 193907 -3.37391150003175
-0.069028586410436 0.0317662525073566 -0.00423735063526084 193908 -3.66989791537033
0.155892019956974 0.0294653934389692 -0.00476842633833604 193909 -3.34721053288565
-0.00531409482376877 0.0354471611599759 -0.00346224384813027 193910 -3.94993334268787
-0.0368714747759047 0.014294320481528 -0.00347717813019187 193911 -3.85647473237223
0.0298500219688853 0.0192564161454004 -0.00374433250335757 193912 -3.77413499541384
-0.0243951568347216 0.0278034492574986 -0.00347771064246675 194001 -3.83390485794488
0.0142973047008244 0.0302534197442364 -0.00364241494319317 194002 -3.70572715008499
0.0202927032677624 0.0305440566208141 -0.00350226088347428 194003 -3.71019718322088
0.0021975835434872 0.0303776960963621 -0.00331780379703059 194004 -3.73742948613942
-0.247564325855892 0.03031219147869 -0.00327537774056507 194005 -3.69435555206332
0.0645697706493001 0.0236009842995943 -0.00514017887121642 194006 -2.79801099598376
0.0310140535291695 0.0314351145054012 -0.00461207319303069 194007 -2.99246315253729
0.0217614917815127 -0.000688570387457926 -0.00434420757857805 194008 -3.06914167609436
0.023618865598634 0.000289395435641271 -0.00414938892663708 194009 -3.08078685633211
0.0297529581493478 0.000786086769243716 -0.00394369815237581 194010 -3.0954992756417
-0.0162310131104173 6.14063600865022e-05 -0.00369592862074549 194011 -3.11497874183979
0.00687630393943206 -0.00249316515154951 -0.00378742558782338 194012 -3.10890166360343
-0.0424900516209521 -0.00205285950382922 -0.00371015218545197 194101 -3.11063308533406
-0.0143017847108596 -0.00141849114626605 -0.00398914426772175 194102 -3.10566271237447
0.00826574441703259 -0.00554805473789086 -0.00406280598517274 194103 -3.10234958906606
-0.0560413908836249 -0.00541789303712384 -0.00397536945749752 194104 -3.10034288677166
0.0138042809763971 -0.00918640943723376 -0.00434203158021673 194105 -3.11402281418467
0.0566638471175418 -0.0113961209617714 -0.00421513428961104 194106 -3.10288307695639
0.0567583338186089 -0.0114367776766688 -0.0037923635853947 194107 -3.05499055681042
-0.00180162194662821 -0.0191589982406238 -0.00337477256881537 194108 -3.0033676120353
-0.00883894866720439 -0.0258268768820756 -0.00336399756455381 194109 -2.98568623953519
-0.0539283420255556 -0.0254613901009836 -0.00340124212987796 194110 -2.97043190460395
-0.0193867138001901 -0.0264815807860032 -0.00374264145349741 194111 -3.07822851745596
-0.0500309336055649 -0.027988945641027 -0.00384763522763628 194112 -3.09020071088848
0.00767050630421974 -0.0276462257510126 -0.00415552388348914 194201 -3.19188688689802
-0.0250101630041676 -0.0209675686572046 -0.00407720580277584 194202 -3.12640699775257
-0.068171780103334 -0.0299119291057919 -0.0042149226264692 194203 -3.15227112430367
-0.044788182790134 -0.0305271802447186 -0.00463294130278858 194204 -3.31630649178174
0.0574194908674864 -0.0314209505562349 -0.00489368962413498 194205 -3.40345206953347
0.026349775322782 -0.0312807277769439 -0.0044916691048342 194206 -3.17187296124639
0.034208171329737 -0.0280153633688719 -0.0042939675379905 194207 -3.03204655939657
0.0175451792157489 -0.0195383850149052 -0.00404873098469288 194208 -2.89182724240571
0.0254727959730311 -0.02045116211609 -0.00391206066696856 194209 -2.8382577245023
0.0656941031953625 -0.0210408643932282 -0.00372725024784907 194210 -2.76516943013987
0.00119928057548219 -0.0226501615260958 -0.003293366788829 194211 -2.61086781644244
0.0496469398894137 -0.027348274732456 -0.00326546214681464 194212 -2.57796535412826
0.0685927914656117 -0.0217707373063331 -0.00293884238115891 194301 -2.3941777550641
0.0594003432814475 -0.0202067514157645 -0.00249999800173087 194302 -2.21766894438786
0.0580802110765247 -0.0255930345397977 -0.00212255689634564 194303 -2.07132029638621
0.00776973726436069 -0.0287966308210907 -0.001757691635904 194304 -1.87126353153497
0.0555293097924802 -0.0309670827596512 -0.0017002974859024 194305 -1.79584629232319
0.0177416814761571 -0.0311139620411732 -0.00135760522675041 194306 -1.54402740214941
-0.0491902441907718 -0.0308137687167144 -0.00124391899637596 194307 -1.4215716772219
0.0126200313561022 -0.0236601540676603 -0.00152762506261499 194308 -1.54282277674622
0.0234235149435881 -0.0209236060655864 -0.00144440355426959 194309 -1.4751292000077
-0.0118701725704874 -0.0196654857883225 -0.00129897713030551 194310 -1.39365203885768
-0.0612373094711895 -0.0201210577059929 -0.00136043756891122 194311 -1.39684900375761
0.0613772796749033 -0.0220683266681612 -0.00170654665505156 194312 -1.51544221694262
0.0169554406494134 -0.0175979777588087 -0.00134399592901734 194401 -1.33674487176603
0.00339423306801562 -0.0180576077955832 -0.00123942771999773 194402 -1.28449392781573
0.0241070753432331 -0.0184020285185185 -0.00121310010188402 194403 -1.25768708896956
-0.017349638335113 -0.0175818547649844 -0.00107004826321104 194404 -1.18686595441257
0.0491710440064494 -0.0191366193621286 -0.0011615066344015 194405 -1.20326826114414
0.0531615481142323 -0.0167079258583608 -0.000880319200653732 194406 -1.074471278199
-0.0153167041118933 -0.0147427925945369 -0.000580086604459921 194407 -0.956016145948402
0.015282623531157 -0.0151567289378997 -0.000661504380744083 194408 -0.969455098159733
-0.000100005000333347 -0.0141776593804116 -0.000573899282327044 194409 -0.928325759733162
0.00129915573162013 -0.0126321044553027 -0.000571309696086641 194410 -0.916171683122902
0.0166604408931072 -0.0118853768433593 -0.000561144123109974 194411 -0.904472199611117
0.0393168623769504 -0.0106340861120959 -0.000468054474373665 194412 -0.872809365372706
0.0196065296389183 -0.00966528721449893 -0.000254157071947192 194501 -0.817582421583896
0.0602480803453569 -0.0106253774805108 -0.000147950191140424 194502 -0.78935071382531
-0.0398849336989149 -0.00776070019539603 0.000173305290436689 194503 -0.706371133483796
0.0748291406206491 -0.00928938363300254 -3.86430640043243e-05 194504 -0.742396360374231
0.0168571170664228 -0.006436135702773 0.000355397902757009 194505 -0.653936501867336
0.00369317183761761 -0.00571041694230479 0.000441794338168872 194506 -0.637314881351414
-0.0222456089473197 -0.0049523087411482 0.000458728595978501 194507 -0.632499094120575
0.0598713970373904 -0.00889510195602288 0.000341089541350013 194508 -0.64610408611756
0.0463109028632504 -0.00601911734331052 0.000647946796484242 194509 -0.573980271603025
0.0378736524280815 -0.00227911252430958 0.000882115801954837 194510 -0.534123115500118
0.0523077796233449 -0.000281140337286857 0.00107084813167997 194511 -0.519409459922993
0.0116320842297077 0.00287836656371394 0.00133093407833817 194512 -0.511513874086567
0.0602480803453569 0.00486002585034748 0.00138296008920367 194601 -0.51338478733427
-0.0603871500150951 0.00936401021700324 0.00167876471360645 194602 -0.539300221385575
0.0567583338186089 0.0077818429240606 0.00136843513996295 194603 -0.47719484420361
0.0411419433311752 0.0109496701221602 0.00164400677518009 194604 -0.520087184294971
0.0382587121170903 0.0137474468605819 0.0018395411145662 194605 -0.561304285153574
-0.0399890082163633 0.0176848984260621 0.00201894589782987 194606 -0.607353623600848
-0.0275767677702345 0.0161828002738048 0.00181302455413284 194607 -0.509813375089951
-0.0668879455416317 0.0048958417638745 0.00166965971352617 194608 -0.443945270062263
-0.107585210679937 0.00280268099339852 0.00133685580452055 194609 -0.416686372553454
-0.0148091156537082 0.00011637593002135 0.000810662246624621 194610 -0.399387725895273
-0.000400080021339691 -0.00203688057841803 0.000735567160565329 194611 -0.40079847006611
0.0481232751817282 -0.00271052663372397 0.00073013344199162 194612 -0.40071043180121
0.0121261797978406 -0.00148964222750514 0.000955815069323699 194701 -0.37975836487083
-0.0111620647061919 -0.00100890316644151 0.00100875518652046 194702 -0.375927711486623
-0.0171461588349705 -0.000854381675193999 0.000951345658724649 194703 -0.378832456820644
-0.0495054199038393 -0.000490953595030375 0.000866380848895094 194704 -0.382868077396625
-0.0100503358535015 -0.00224120416419474 0.000630998602386989 194705 -0.392097171973238
0.0512632939375415 -0.0042271513625874 0.000581317977010764 194706 -0.395515260013601
0.0402778464985701 -0.00405023224852154 0.000815956754605813 194707 -0.36352785745859
-0.0178585183013132 0.00213059067731237 0.000997808781075695 194708 -0.33779834347536
-0.00601807232556302 0.00165328768585949 0.000911311867853727 194709 -0.335058733388416
0.0238141780992549 0.00218740874866887 0.000879670844139496 194710 -0.334375606249737
-0.0205088766315404 0.00276361055532464 0.00098391860439002 194711 -0.338219513290117
0.0287818014254519 0.00277967890983262 0.000886666137259113 194712 -0.333216933092251
-0.0408219945202552 0.00274114599924426 0.00101231989981854 194801 -0.339921105343066
-0.0455205153018093 -0.000458517558370824 0.000824722077306999 194802 -0.330831449842339
0.0767758388020496 -0.000344829197800985 0.00061782369615023 194803 -0.338823235620733
0.0350775266126962 0.00111957422721685 0.00095630376328756 194804 -0.330575939905176
0.0697126124113003 0.00115028387397322 0.00110728262545309 194805 -0.331541566756055
-0.00190180728959633 0.0019305536069615 0.0014095087478577 194806 -0.332933376726197
-0.0530843710924553 0.00194600978964552 0.00139498543190395 194807 -0.332694815358514
0.00159872136369707 0.00387936356970256 0.00115708431171024 194808 -0.329421890017456
-0.03056230558264 0.00377387168563665 0.00115900447280584 194809 -0.329097267493283
0.0575139062006066 0.00200511110253754 0.00102168278425413 194810 -0.318102980769019
-0.0980539404753882 0.00413730855131036 0.00126518374725565 194811 -0.325925682510486
0.0316924467324897 -0.000875057714065332 0.000838921411536144 194812 -0.290150889840368
0.00129915573162013 0.00210571173523998 0.000970774083847911 194901 -0.283212972763236
-0.0306654143108852 -4.36557153778764e-05 0.000972171452561836 194902 -0.283177452029726
0.0386436235922045 -0.000876595599457597 0.000838113885767569 194903 -0.287507746201432
-0.0197946273281795 0.000316772972243436 0.00099763080436013 194904 -0.279080184957348
-0.030871663667087 0.000136096884390072 0.000910268375231812 194905 -0.280986611977174
0 -0.000963688868376477 0.000777289580075666 194906 -0.284364468580778
0.0530667209366922 -0.000497451485534468 0.000774050873492018 194907 -0.284343275046672
0.0247901688072187 0.00553806454863884 0.00099103290694928 194908 -0.276001750999533
0.0295588022415444 0.00640145569620167 0.00108937644372725 194909 -0.288984941159054
0.0300441213483766 0.00764359020494134 0.00120653457458247 194910 -0.307193600072742
0.0172503534065277 0.00868595999631291 0.00132472140562261 194911 -0.329087047064958
0.0491710440064494 0.00923838923095193 0.00138972398521814 194912 -0.341018727107745
0.0159717695096987 0.00967656898337881 0.00158395699343453 195001 -0.386955199896999
0.0138042809763971 0.00945120832591203 0.00164220724653681 195002 -0.398053192030723
0.0115332358136731 0.0108416040506858 0.00169124786641528 195003 -0.406603208461487
0.0377773643340299 0.0111845609662252 0.00173077392242836 195004 -0.412990624824117
0.0412379080162448 0.0102204632284165 0.00187496028407477 195005 -0.452462005436827
-0.0623010261973793 0.0107881608796382 0.00203178477703162 195006 -0.491763864090045
0.0125212805536717 0.00909441239766439 0.00177649584459348 195007 -0.413327342613012
0.0464063728141558 0.00871640992590474 0.00181896534937245 195008 -0.420235798710134
0.0460244383112793 0.0103035816285736 0.00199450632364325 195009 -0.458471374554192
-0.00300450902029872 0.0116515363631841 0.00216717272359476 195010 -0.503117694333421
0.0261549574768512 0.0107344273272144 0.00214697084178268 195011 -0.490624037945842
0.0528770396007669 0.0105371878920953 0.0022403871321915 195012 -0.513331723552213
0.0542040540135122 0.0114065791674381 0.00243665322703094 195101 -0.565602453359815
0.0130149370774945 0.0130562810979809 0.00263652736134168 195102 -0.6232278332303
-0.0228592941460826 0.0133193061911614 0.00267644432178842 195103 -0.630461980618602
0.0462154237969629 0.0129451233812056 0.00257860624336746 195104 -0.586876576852524
-0.0249076357061848 0.012884596919078 0.00274515898212164 195105 -0.640929675269875
-0.0277823810124516 0.0119452968985908 0.00264001527608246 195106 -0.596867179933103
0.0658813691135128 0.0119508096738185 0.00252477892650468 195107 -0.553542658637451
0.0405659617466618 0.0157718366217355 0.00276386039890848 195108 -0.629235837964104
0.00578324475572736 0.0148415877480141 0.00290597356186996 195109 -0.684542795712906
-0.0272684271541938 0.0147581141045423 0.00291674985847617 195110 -0.679590238627559
0.00458945233380722 0.0147513759564194 0.0028041186009662 195111 -0.622524735506569
0.0315955615897506 0.0153509420389265 0.00281075552934108 195112 -0.6157985184438
0.0129162252665462 0.0155121501365968 0.00291736592215741 195201 -0.654122484834097
-0.0277823810124516 0.0143440542152474 0.0029542620820998 195202 -0.660438204368541
0.0423887664917865 0.0137229174038883 0.0028412597177816 195203 -0.604999308181275
-0.0522411118456905 0.0147142806540843 0.00298612237995744 195204 -0.655650759662763
0.0302381830606099 0.0127314439228146 0.00278456313095873 195205 -0.560249194492157
0.0361390466158731 0.0138102289499902 0.00288439447615746 195206 -0.590744904247154
0.00757126549631813 0.0134680088034264 0.00300488234622889 195207 -0.632241495351926
-0.00914165791728339 0.0140615455779157 0.00302136748395485 195208 -0.631309380859069
-0.0221433646856899 0.013410438232104 0.00297761559402233 195209 -0.60497400221764
-0.00803217169726427 0.0138433651156023 0.00288757623818107 195210 -0.562415828639939
0.0567583338186089 0.0139234272403507 0.00284857713841162 195211 -0.538156494852693
0.0273232956488904 0.0139674874938855 0.00304042680631268 195212 -0.611836301075774
-0.00501254182354429 0.0131299589973815 0.00312653627029345 195301 -0.639967881557602
-0.00410842804454319 0.0119984706483268 0.00309777627702901 195302 -0.622169434098874
-0.0162310131104173 0.0126689891930993 0.00307240231815023 195303 -0.608120432818482
-0.0303561200148992 0.0133974667246823 0.00300467103594473 195304 -0.576897767058404
0.00349388925425584 0.0132131865338137 0.00288802491338934 195305 -0.522932988171654
-0.0209172482553883 0.0137715586936456 0.00289013593896727 195306 -0.516545853925998
0.0222506089348197 0.0134276838003473 0.00280747141051464 195307 -0.473521510550157
-0.0480354490385568 0.0145069011877466 0.00287474870298629 195308 -0.494032907699382
0.000399920021326891 0.0133887552016847 0.00269919629698097 195309 -0.405108733315807
0.0437297628613252 0.0138935274835836 0.00269129500393748 195310 -0.39399043915227
0.0271286673882527 0.0134944407196554 0.00283183770207922 195311 -0.448527251358399
-0.00100050033358353 0.0126098134791598 0.00291476203547913 195312 -0.476269793537165
0.0489806222216219 0.0119141122394674 0.00290144481653674 195401 -0.464695502237755
0.0158733491562902 0.011547587585668 0.00305764541790991 195402 -0.516511229522454
0.0350775266126962 0.0115574220780902 0.00310094171432336 195403 -0.526502325510902
0.0409499863289542 0.0117952758021791 0.00320860698334145 195404 -0.558925059527571
0.0299470763679521 0.0111917984218623 0.00333525590732001 195405 -0.598741788801038
0.0100493358530014 0.00988985917091658 0.0034242586513355 195406 -0.6234124618679
0.0482185722704744 0.0096482355229304 0.00344634224200772 195407 -0.626431831446395
-0.0241902388012177 0.00857696233595252 0.00359508719226841 195408 -0.662697629647546
0.0610950993598108 0.008550702171859 0.0035030828015615 195409 -0.642373707038479
-0.0175531592475892 0.0101918357106423 0.00369315546346992 195410 -0.682024403160031
0.0891091750717758 0.00897473797367999 0.00362326627034143 195411 -0.660359418627965
0.0525924501191706 0.00959464771058492 0.00390354793854286 195412 -0.724899954275759
0.00518652668730015 0.00828161085137533 0.00406266199795667 195501 -0.762182612544993
0.0288789595503768 0.00865897485818087 0.00406632279499037 195502 -0.761608008572168
-0.00260338587011493 0.00861351104957668 0.00414688330393643 195503 -0.776244752016741
0.0296558849075107 0.00851138414235027 0.00412503777262882 195504 -0.770715427308377
0.0078689583786952 0.00889265539829796 0.00420739534403166 195505 -0.785238063977167
0.0625052053513971 0.0078564265621552 0.00421916885861257 195506 -0.78610104499699
0.017839918128331 0.00780550784320198 0.00440598307814073 195507 -0.816461686042325
0.000499875041650993 0.00795038663953708 0.00444890299842888 195508 -0.822101394388852
-0.00521356705288743 0.00809196020143262 0.00443632647627353 195509 -0.819339830302801
-0.0290169490704926 0.00786027051738162 0.00440569189364128 195510 -0.813567885000732
0.0663493805415339 0.00765292067707948 0.00429992404248895 195511 -0.797328732559732
0.0130149370774948 0.00885819704544599 0.00449566365289604 195512 -0.827666793418746
-0.0330398540782002 0.00732310210597052 0.00452245382089792 195601 -0.831560619409344
0.0351740750076541 0.00693010982628588 0.00440470363939604 195602 -0.817161764394947
0.062880898039201 0.00806261323631243 0.00450085792492185 195603 -0.828099749946731
0.000899595242835994 0.00749199206163777 0.00468272720876696 195604 -0.858271406292554
-0.0558298849606706 0.00634444503136317 0.0046709783517299 195605 -0.856241463281604
0.0322735605502956 0.00599628848403978 0.00448366917738811 195606 -0.844044376475828
0.0451645519543737 0.00727845503967114 0.00456944044705757 195607 -0.850239230766126
-0.0340739803337514 0.00642273426516249 0.0046943484824647 195608 -0.866156222312919
-0.0546674013423082 0.00566866861372806 0.00457542722842723 195609 -0.857438870165028
0.00269636154774253 0.00594587066270313 0.00439425649885311 195610 -0.850345599980917
0.00159872136369707 0.00732192996372762 0.00438907998985582 195611 -0.849806250180363
0.0287818014254519 0.00698099913295264 0.00438059865664562 195612 -0.848050955965318
-0.0392607139533026 0.00773794608531069 0.00445454169533897 195701 -0.856878986642373
-0.0232686269393543 0.00676833127602753 0.00432247143658174 195702 -0.837003895123223
0.0188217542405877 0.00834676809974449 0.00423936571858194 195703 -0.827496153248619
0.0393168623769504 0.00859736447203183 0.00428315667510448 195704 -0.834892764483386
0.0314017631395316 0.00831737764965355 0.00438804800954114 195705 -0.855678898442602
-0.00984833605481441 0.00742519043177712 0.00446868596515305 195706 -0.870049348048463
0.00359353551013022 0.00660140321995135 0.00442607578056982 195707 -0.86356607450313
-0.05508996631796 0.00861551322049804 0.00442360533466347 195708 -0.862975298953939
-0.0644318601593889 0.00814037331472619 0.00424752967888647 195709 -0.828499052037301
-0.0471964348309747 0.00884208750274794 0.00404493560856708 195710 -0.792139293658711
0.0199986865066891 0.0100378803280006 0.0038942256955096 195711 -0.756920438612596
-0.0423857164964378 0.0103314369189087 0.00394145285331365 195712 -0.768482915068636
0.0428679002271759 0.00942870298514908 0.00380599329381145 195801 -0.724448002819233
-0.0165359686400995 0.0100192863228367 0.00391987640440435 195802 -0.754392636764134
0.0313048498284125 0.010129234346756 0.0038604117385773 195803 -0.73410554087856
0.0296558849075107 0.011011852248227 0.00393996083448987 195804 -0.75631728993244
0.0217614917815127 0.0104523276861542 0.0040142843144697 195805 -0.779140418553048
0.0285874568519125 0.00981480729008469 0.00406542900457645 195806 -0.792715186015069
0.0422929121902514 0.00981282225737184 0.00413589460183891 195807 -0.810893668616464
0.0185273046138836 0.00838511995540888 0.004245227030459 195808 -0.840505514847889
0.0437297628613252 0.00814756312377563 0.00428603296641164 195809 -0.847882747125683
0.0232281261192072 0.00789263408775998 0.00439840826525755 195810 -0.869638507296489
0.0285874568519125 0.00755152677545448 0.00445190178188809 195811 -0.87843655207247
0.0481232751817284 0.00689685771300452 0.00452027445914028 195812 -0.888867429562556
0.00498754151103897 0.00650476015097702 0.00464344677756567 195901 -0.90459315189737
0.00757126549631813 0.00576146544262657 0.00464441605850504 195902 -0.904436078543003
0.000599820071967549 0.00666300388520616 0.0046526375456899 195903 -0.904822456059939
0.0340148785872776 0.00694720790304675 0.00464128511579152 195904 -0.903369479312777
0.0149871298082482 0.00721361662135578 0.00472333425956662 195905 -0.91330363964135
-0.00501254182354429 0.00611813788494444 0.00475192421931225 195906 -0.916607998842611
0.0287818014254519 0.00545454622009004 0.00472480070252654 195907 -0.914614787042756
-0.0159261505502593 0.00685192422307147 0.00479144059372578 195908 -0.917487804143469
-0.0524518600024242 0.00617864270555106 0.00473420967896339 195909 -0.911311792401492
0.0097522914426783 0.00614214628269356 0.004576672296921 195910 -0.901378460125057
0.0133110140596724 0.00695413420484287 0.00459089103083792 195911 -0.902389631306733
0.0208804775793551 0.00678502212219717 0.00461478177886212 195912 -0.90501368550111
-0.0759095941003501 0.00607116948952026 0.00465922357066675 196001 -0.909948560331997
0.00876150566857267 0.00510303386815341 0.00443969000753046 196002 -0.897572838043503
-0.01999864650669 0.0075544991317458 0.00445143407182677 196003 -0.897969384593189
-0.019182819416774 0.00735306698154009 0.00438517369085518 196004 -0.886637218709097
0.0281014301108748 0.00703078244881019 0.00432147641218591 196005 -0.876188743923301
0.0182327682610597 0.0069696942868035 0.00438557332242497 196006 -0.885383108304438
-0.0253178079842899 0.0061570999421851 0.00442279696473312 196007 -0.890224605975765
0.0280041964095973 0.00187385882237966 0.00434306343940062 196008 -0.88307310094411
-0.0634724229555735 0.00300349736772119 0.00440632850081826 196009 -0.87448409747537
-0.00934351500315247 0.00271419040919652 0.00422531849693455 196010 -0.891191599416485
0.0445908833278752 0.00384927375605526 0.00418923117379602 196011 -0.894139997801435
0.0444952398865513 0.00381659264547632 0.00429639735988111 196012 -0.893190030036828
0.058363243296915 0.00286296403921544 0.00440274350413156 196101 -0.891405621863028
0.0337248694016209 0.00240447821831982 0.00454511949303073 196102 -0.880943481122576
0.0265445552221122 0.00236982530652984 0.00462190830857965 196103 -0.871985878683046
0.00119928057548219 0.00217330522084088 0.00467944806425821 196104 -0.864669076277536
0.0219571673520421 0.00226668983488566 0.00467033767816194 196105 -0.865496618001216
-0.0333499796815542 0.00265466892785437 0.00471547300368121 196106 -0.859157398305732
0.0261549574768512 0.00239265221951006 0.00461634422064674 196107 -0.87129816753595
0.0240094524603519 0.00364613595217724 0.00467228867066286 196108 -0.864185018821662
-0.0234733561856421 0.00326606271314853 0.00472238494991076 196109 -0.861425066413046
0.0235211950413459 0.00239560168037299 0.00464952773767418 196110 -0.867819724853791
0.0421011760186353 0.00246461446188851 0.00469816605546715 196111 -0.861408026963684
-0.00370686193132651 0.00212324787954539 0.00479431775203057 196112 -0.849610861520178
-0.0419684848225016 0.00153665239198784 0.00477251985540657 196201 -0.852478375310728
0.0159717695096987 0.00154578069786177 0.00465297764395412 196202 -0.875418403777473
-0.00883894866720439 0.0035163504698862 0.00468185211299939 196203 -0.869593466418395
-0.0705297661905273 0.00323761444311487 0.00464744803976732 196204 -0.871938479296297
-0.0931026182623243 0.00319738121487667 0.00445664292750769 196205 -0.89116876429578
-0.0906908652845038 0.00367903657634317 0.00420965745614103 196206 -0.915740352537897
0.058363243296915 0.00499995924878602 0.00397000967144243 196207 -0.929495678602632
0.0188217542405877 0.00336683148182627 0.00410702033548644 196208 -0.939933653920977
-0.0558298849606706 0.00198351587249256 0.00414399202871534 196209 -0.938403626361883
-0.00300450902029872 0.00122059471943628 0.00399368156007026 196210 -0.960191022052248
0.101382614288603 0.00182825426777414 0.00397618608361934 196211 -0.962579269235886
0.00776973726436069 0.00181505569969447 0.0042190948821355 196212 -0.937321685955061
0.0457378916738537 0.000561707230007383 0.00422792732587238 196301 -0.935590794996699
-0.0264466500149835 0.000122586408864318 0.00433092971879541 196302 -0.912589974764488
0.0281014301108748 -7.48910284066526e-05 0.00425474759074151 196303 -0.931662207140049
0.0417175933518685 0.000907471067172164 0.00431362828832208 196304 -0.914874360987983
0.015085637418041 0.000393066835206547 0.00440575628108944 196305 -0.895496071132262
-0.0225524044705115 -0.000547306014453554 0.00443199677528342 196306 -0.887794023851196
-0.00662187630888697 -0.00028543790868632 0.00436585853693588 196307 -0.906939223265835
0.0470744073859289 0.00458318792063564 0.00433899365956223 196308 -0.913184578271897
-0.0185713855854353 0.0047814292446567 0.00444322637596801 196309 -0.916055262242588
0.0221528046411333 0.00379957688358636 0.00438722975319087 196310 -0.915225677645015
-0.0112631922787107 0.00394517419953636 0.00443035008058879 196311 -0.913820669655552
0.015282623531157 0.00305718297058482 0.00439235118867765 196312 -0.915142160273397
0.0192142189238044 0.00313041067202706 0.00441865619433581 196401 -0.912859851477688
0.0127187724077746 0.00249593938627164 0.00445430815272008 196402 -0.909963608600761
0.0109399400383343 0.00254735244063556 0.00447417465333319 196403 -0.907235749623503
-0.00190180728959633 0.00267931242962647 0.00448968008591113 196404 -0.905069999161467
0.0115332358136731 0.00343474013942012 0.0044743894462568 196405 -0.906621269001961
0.00965325702813835 0.00337191839461948 0.00449123633496185 196406 -0.905447733399889
0.0142973047008244 0.00314058094032455 0.0045035268604218 196407 -0.904484180459075
-0.017349638335113 0.00359219693250627 0.00452678999068404 196408 -0.902361266492613
0.0238141780992549 0.00361903054850419 0.00447495011313476 196409 -0.905762030382484
0.00299550897979837 0.003840256235118 0.00452066932823197 196410 -0.903425671623248
-0.00290421314738983 0.00344812236861625 0.00451707225193849 196411 -0.903551006280878
-0.00280392733273426 0.00375665681590549 0.00449961040394007 196412 -0.904718901323309
0.0320798934634116 0.00389457941768062 0.00448246594915915 196501 -0.905546308361482
0.00139902091370741 0.00312992198953787 0.00454709692694428 196502 -0.903557992911019
-0.0171461588349705 0.00257815003729457 0.00453974160915634 196503 -0.904095739553368
0.0276151670329734 0.00303917376639845 0.0044891917246712 196504 -0.91066122812673
-0.0108587433348759 0.00340450797879069 0.00454297306259748 196505 -0.905720709288627
-0.0603871500150951 0.00319957604427416 0.00450723822176808 196506 -0.908481288356433
0.011137744410456 0.00315439711197694 0.00435701973047904 196507 -0.924384782005028
0.0237165266173161 0.0034695180079925 0.00437267960271918 196508 -0.923048530542503
0.0251802985302983 0.00369056849516261 0.00441725067878967 196509 -0.920557130421673
0.0226417304808246 0.00361123619755224 0.0044649818232759 196510 -0.918494423959815
-0.00380723834295407 0.0030925497799529 0.00450667161377487 196511 -0.916277228242457
0.00677698427902367 0.00299017678924193 0.00448764664819883 196512 -0.917986458115339
0.00339423306801562 0.00397872481279126 0.00449287344644272 196601 -0.917287962157332
-0.0157229604652362 0.00426013703770804 0.00449037084876977 196602 -0.917355602945791
-0.0293258293818287 0.00529165325269964 0.00444443145941975 196603 -0.918359411782843
0.017839918128331 0.00621104042828088 0.00436785490422418 196604 -0.914691779391053
-0.0626203619816673 0.00637858093331688 0.00439833468527419 196605 -0.918395434988706
-0.0183676573581849 0.0059027198280347 0.0042470509456197 196606 -0.900706823399111
-0.01999864650669 0.00529303622682842 0.00419611691790843 196607 -0.895042036267224
-0.086865933021662 0.00156871870330215 0.00414174666302169 196608 -0.891235593993223
-0.0147076288722743 0.00158976914602645 0.00393769356955827 196609 -0.933068863074449
0.0335314832087923 0.00232900691679728 0.00389598143881592 196610 -0.939732947215122
0.00995033085316809 0.00240730756076169 0.00396213211240961 196611 -0.932924201598961
-0.00270365157431482 0.00182277584865784 0.00397546885793469 196612 -0.931305275837824
0.0743650819553067 0.000750439737534504 0.00396062636808525 196701 -0.933224016570455
0.00419120461846805 0.00104647997287746 0.00411673380841168 196702 -0.900562369307045
0.0353671438372913 0.000963283147796035 0.00411689856684101 196703 -0.89978649592275
0.0350775266126962 0.000998740763033294 0.00418588365573825 196704 -0.884211028511483
-0.0477207362114117 0.000790323265068893 0.00425392692216327 196705 -0.868594677289036
0.0211742352314066 -0.000759549844439968 0.00413969689329827 196706 -0.897864500951129
0.0418135028134103 0.000485252497010265 0.00417705333702219 196707 -0.883024759732853
-0.0120725812342692 0.00420708285008638 0.00425940880633595 196708 -0.861012547048667
0.0275178860367393 0.00404648597340381 0.00422374943943506 196709 -0.861328425591878
-0.0354199452312603 0.00452965157876451 0.00427449919237037 196710 -0.861042958055735
9.99950003332973e-05 0.00374225759074619 0.00418820692188421 196711 -0.860509083045691
0.0268366539535596 0.00374828765682587 0.00417933878322575 196712 -0.860792942713395
-0.0456251780262756 0.00370967692046448 0.00422838059095375 196801 -0.859583113819906
-0.0422813922566061 0.00268052403242255 0.00412070551834634 196802 -0.865352143450737
-0.00180162194662821 0.00456753457309262 0.00402070099727963 196803 -0.877273937286427
0.0826853666186079 0.00504294053103867 0.00400817987266908 196804 -0.876768417203388
0.0181345701954827 0.00537439133309581 0.00417701503735993 196805 -0.893998636166282
0.00259662584726591 0.00421846430871618 0.00420690273577133 196806 -0.896689578111753
-0.0325231917055601 0.00468978202463037 0.00420346197318905 196807 -0.896688451944594
0.00915793778476572 -0.00151163375183695 0.0041251535431704 196808 -0.894782763117119
0.0353671438372913 0.000100866889032811 0.00413586159474826 196809 -0.887732391055174
-0.000200020002667045 0.000747479414800349 0.00420217004961566 196810 -0.866979916933097
0.0488853977298107 0.000829501547415991 0.00419284337577607 196811 -0.868470452150505
-0.04468360762664 0.0014434440040423 0.00428733080570004 196812 -0.844887540749695
-0.0179603253769929 0.000566622395587947 0.00418401658959805 196901 -0.868203967519809
-0.0650719967437148 0.00153664902398809 0.00413739692229997 196902 -0.880350331597035
0.0215657779145606 0.00128335717100789 0.003991999036447 196903 -0.91219808935854
0.00925702126267685 0.00126125960337477 0.0040288413401747 196904 -0.904163875328745
-0.00581688532156485 0.000660411658842668 0.00403977895507533 196905 -0.901235126676281
-0.0800177079860312 -5.87667947562487e-05 0.00401920136785896 196906 -0.905753261942155
-0.0782859183985442 -0.00018148182376488 0.00384412447337169 196907 -0.965130944959314
0.0409499863289542 -0.00512960000240757 0.00367337594349245 196908 -1.02299402535639
-0.0366639843715915 -0.0046896623207493 0.00375071330943739 196909 -0.964296504700979
0.0436340370200613 -0.00640146788386215 0.00366703898711642 196910 -1.01549004475774
-0.0440563861969199 -0.00611821168082959 0.00374961542933325 196911 -0.942700425158649
-0.0332465937936357 -0.00716959495941773 0.0036510463538152 196912 -1.01379770227461
-0.0910193983871685 -0.00804451514979577 0.00357512528355295 197001 -1.07082973814259
0.0441125746183209 -0.00999414801388296 0.00338088601523525 197002 -1.24925910002323
-0.0164343064634248 -0.00741704956503419 0.00346435259024157 197003 -1.14600401610723
-0.122167633974208 -0.00741576174526055 0.0034236600359396 197004 -1.17242625691609
-0.0774211469685849 -0.00769903362616631 0.00316735127265358 197005 -1.40644931524025
-0.0658193410372936 -0.00683276353309741 0.00300321991167346 197006 -1.55190034930821
0.0621293714655488 -0.00661650004126899 0.00286333665771215 197007 -1.66456996716733
0.0388360237851982 -0.00208674053678925 0.00298355173845827 197008 -1.56647477942888
0.0357531697058178 -0.0018948978829753 0.0030561275928039 197009 -1.53509109901864
-0.0277823810124516 -0.00157778293700063 0.00312218222333524 197010 -1.50685028728685
0.0404699325537131 -0.00315931378226642 0.00305987463616631 197011 -1.53093534301918
0.0516432331518384 -0.00321181952675344 0.00313514638247928 197012 -1.48978770940862
0.0436340370200613 -0.00376731520330741 0.0032325521792049 197101 -1.43673145464944
0.010742096531902 -0.00317145399746858 0.00331351707868558 197102 -1.3861533280412
0.0375847603272712 -0.00232907265091357 0.00332837423759201 197103 -1.37437674029979
0.0282958691548473 -0.00250904630523827 0.00339675025773109 197104 -1.33981901884492
-0.0436384570298295 -0.00327666632772117 0.00344635009617156 197105 -1.31233968198146
-0.00471107973011922 -0.00408425658369244 0.00335274212971828 197106 -1.36531310257173
-0.0502412164367468 -0.00407553320348178 0.00333674248317098 197107 -1.37093874724767
0.0326607822395483 -0.00339792670852129 0.00323064751501273 197108 -1.43796258007409
-0.0122750308756126 -0.00276058153125808 0.00328880983660272 197109 -1.40164322072285
-0.0490852076904914 -0.00379628175737409 0.00325811192592774 197110 -1.41500627998723
-0.00833463679005763 -0.00468367922868207 0.00315507389518676 197111 -1.47783326918427
0.0801042442416614 -0.00457974118475701 0.00313250078971476 197112 -1.48825243061619
0.0217614917815127 -0.00461916247943234 0.00328342577687544 197201 -1.38767414155234
0.0258626595257274 -0.0053201179918327 0.00331958637571035 197202 -1.35730104136704
0.00359353551013022 -0.00466272805687663 0.00336361581545648 197203 -1.3175738014769
0 -0.0054471810550934 0.0033640640019958 197204 -1.31165635925856
0.0094551587707552 -0.00623068816151737 0.00335751913039659 197205 -1.3100746122501
-0.0275767677702345 -0.0061588554329302 0.00336935920736816 197206 -1.29197049366294
-0.0111620647061919 -0.00745203912807063 0.00330938609307048 197207 -1.33643066469513
0.0292674976805681 -0.00534986582606285 0.00328139489229821 197208 -1.3536904131682
-0.0149106127357542 -0.00544053824037904 0.00333156111389719 197209 -1.30896674678369
0.00119928057548219 -0.00528301269576188 0.00329641241669169 197210 -1.3305062903755
0.0414298097631396 -0.00551196141478859 0.00329237947084321 197211 -1.32723651788702
0.00249688019858715 -0.00519901213057342 0.00336557991286298 197212 -1.26363298079613
-0.0380134421982162 -0.00488531692435537 0.00336391573716513 197301 -1.25853758127816
-0.0540338884924856 -0.00634328784504987 0.00328480033002291 197302 -1.31406600458819
-0.0176549352387207 -0.00659247905620765 0.00317541351929293 197303 -1.40634943652374
-0.0640053299759123 -0.00654507507611153 0.00313573666451576 197304 -1.43416445530238
-0.0351091771135679 -0.0072731751730206 0.00300809205113092 197305 -1.54589908807814
-0.0209172482553883 -0.00671033800880359 0.00293576326713718 197306 -1.60756843529675
0.043059489460447 -0.00781659937556681 0.00289058710895058 197307 -1.64070889148418
-0.0464628744103409 -0.00422539159760403 0.00296652076178895 197308 -1.55706323739553
0.0398935636616766 -0.00567168802580909 0.00287325775203021 197309 -1.6186982927179
-0.0152151658064804 -0.00526539882370419 0.00294297584225554 197310 -1.55820962221374
-0.142716302201595 -0.00476860560413454 0.00290884399705115 197311 -1.57908862348848
-0.000600180072032461 -0.00584201700735132 0.00263562608673474 197312 -1.80571337498878
-0.00803217169726427 -0.00497330900715949 0.00262956652463967 197401 -1.8041961455135
-0.0106565801885289 -0.00513531207640058 0.0026096380419819 197402 -1.81379335177785
-0.0342809339768742 -0.00280593733436015 0.00258488763483543 197403 -1.82721231934571
-0.0623010261973793 -0.00270093710773778 0.00251623619794211 197404 -1.86274316155037
-0.0557241487723617 -0.00309161466392413 0.00239575801505118 197405 -1.92871292231027
-0.0349020520092649 -0.00392068981310324 0.00228792887444374 197406 -1.98992947412902
-0.0915671935254905 -0.00583557588891986 0.0022190585394739 197407 -2.03099040178529
-0.104805114366126 -0.000170693470620882 0.00204570132678451 197408 -2.18017013708454
-0.134446096552923 0.000813848757492699 0.00184855960041382 197409 -2.24676687323153
0.144879261318084 0.000570916364139216 0.00159755655040768 197410 -2.31270917676027
-0.0518197487297965 0.00614181487068378 0.00186094203711297 197411 -2.32999761362787
-0.0422813922566061 0.000566772897836756 0.00176244535680671 197412 -2.29033177271252
0.122925346837298 -0.000193388874703125 0.00168177898755137 197501 -2.30468094724097
0.0500274935996481 0.000976484483611387 0.00190343084833702 197502 -2.29296011335447
0.0222506089348197 0.00454301644129055 0.00199124848109488 197503 -2.28932340820651
0.0371994409891063 0.0028317461088975 0.00202815077700331 197504 -2.2997814161039
0.0464063728141558 0.00338813757400106 0.00209209857738895 197505 -2.3080897040477
0.0431552703139276 0.0020058704246436 0.00217252375749198 197506 -2.32373672571633
-0.0733236644188434 0.00250524833120953 0.00224676786357248 197507 -2.32624239957211
-0.0338670695115773 0.00875818996003164 0.00211011247065671 197508 -2.33556123222778
-0.0490852076904914 0.0106137739391808 0.00204517170895593 197509 -2.28654256126499
0.0464063728141558 0.00944110575001029 0.0019530448992272 197510 -2.19771023136319
0.0221528046411333 0.0102909952761744 0.00203299692785117 197511 -2.26303482298333
-0.0210193672240755 0.00879257503167189 0.00206911866521792 197512 -2.29037865992472
0.110556990564644 0.00815710098978129 0.00202774145036256 197601 -2.25599211292797
-0.000200020002667045 0.00922548538049305 0.00222189037543283 197602 -2.41389471845412
0.0191161171922301 0.0104092290923026 0.00221756553547194 197603 -2.40550273971798
-0.0192847614118671 0.0131055837208555 0.00224768773093853 197604 -2.42745535763866
-0.017349638335113 0.0123002718254537 0.00220937376449226 197605 -2.36923436821139
0.0355601753985509 0.0124298056244794 0.00217463306804535 197606 -2.31978815116896
-0.0155198116580368 0.0119102687108698 0.00223382729203561 197607 -2.38126614287415
-0.00984833605481441 0.00720762662135331 0.00220240492221248 197608 -2.33761782411641
0.0160701801774945 0.00756349153491992 0.00218111386041561 197609 -2.32316239829322
-0.0287081641367437 0.00765188433788267 0.00220560956820587 197610 -2.33586615966745
-0.000400080021339691 0.00715134407665384 0.00215118391027462 197611 -2.3008711336727
0.0511682865743994 0.00760455580008884 0.00214670014238075 197612 -2.29574847575118
-0.0451019739124202 0.00919590581930572 0.00223270292559482 197701 -2.35289530762537
-0.0232686269393543 0.00946690369594042 0.00214980506773489 197702 -2.28596214868038
-0.0176549352387207 0.0122019431927357 0.00210536724954068 197703 -2.24395887492195
-0.00230264906267556 0.0125953261184129 0.00207088155584389 197704 -2.19360610049435
-0.0184695162836613 0.0129752579092635 0.00206326216452243 197705 -2.17289971536458
0.0421970486997883 0.0132909608227622 0.00202755298461254 197706 -2.11578810715283
-0.0213257867147524 0.0146727058852489 0.00209729169245139 197707 -2.19904862607394
-0.0221433646856899 0.0130479502881819 0.0020566971024909 197708 -2.12363747683326
-0.00702461493696447 0.0134938411037421 0.00201482848348021 197709 -2.05791470805445
-0.0499258087697257 0.0128490710825011 0.00199921631867806 197710 -2.02326048987633
0.0344014267173323 0.0128504183726774 0.00190969041335322 197711 -1.9007821593005
-0.00220242355520004 0.0141036146384854 0.00196561422799002 197712 -1.96377480818242
-0.06720874969345 0.0144763719616505 0.00195845265104296 197801 -1.93820225368271
-0.0185713855854353 0.0134400058983378 0.00183981250980026 197802 -1.7522580085003
0.022934971282496 0.0145199906868282 0.00180486182813033 197803 -1.69001487142086
0.0708311807605913 0.016209880894251 0.00184098167335147 197804 -1.72973371410117
0.0124225199985571 0.017393116364118 0.00195871238851741 197805 -1.92331434835369
-0.0225524044705115 0.0154327738641058 0.0019765382958599 197806 -1.9323658874052
0.0444952398865513 0.01557092306036 0.00193482240680144 197807 -1.84589283549659
0.0314017631395316 0.0127185831320429 0.00200708118011171 197808 -1.95118472204356
-0.0207130415975416 0.0117338484417503 0.00205690267495819 197809 -2.00677790810735
-0.134560493395695 0.0125129180061354 0.00201837485047003 197810 -1.9519828431704
0.0199006617063362 0.0120716993210733 0.00178766730275692 197811 -1.67329708993251
0.000999500333083423 0.0112629486916951 0.00181821198134643 197812 -1.70235017122213
0.0340148785872776 0.0111314719245165 0.00181683367890827 197901 -1.69118289143502
-0.0438473997802763 0.0104207936845163 0.00187094804009881 197902 -1.74786233333966
0.0475513018582224 0.010713282099482 0.0017942394028163 197903 -1.66025030995802
-0.00863719339566359 0.0118527366157139 0.001870884398554 197904 -1.74302602837857
-0.0307685336716365 0.011374352197837 0.00185331236210882 197905 -1.71002761618744
0.0299470763679521 0.0117550618889487 0.00179885185120107 197906 -1.63550494056277
0.000499875041650993 0.0122141083176817 0.00184576555872898 197907 -1.68650916607742
0.0465018336514199 0.0112042954629291 0.00184352614023135 197908 -1.67195177434696
-0.0166376411530232 0.0118234411911312 0.00191770937529977 197909 -1.75619773197151
-0.093981063470894 0.0111827659388938 0.00188693764971383 197910 -1.70664366511839
0.0413338634929772 0.0104610395784542 0.00172821579355388 197911 -1.52025374463616
0.00836491633162767 0.01049012431485 0.0017936796740488 197912 -1.58998143599838
0.0460244383112793 0.010061318068313 0.00180452329889629 198001 -1.59427347470986
-0.0213257867147524 0.0103173151190551 0.00187737324125606 198002 -1.67004562913602
-0.152102778209958 0.0103846839941849 0.00183921014922315 198003 -1.6204028407572
0.0267392971896215 0.00931246538009625 0.00158643184321464 198004 -1.35991509922739
0.0435383020144834 0.00843808358753405 0.00162766604870056 198005 -1.39784423240925
0.0242046886968174 0.00871373233944381 0.00169625956091951 198006 -1.45965368589607
0.0578914784157777 0.00868927480492979 0.00173303803989974 198007 -1.49052424177183
0.0115332358136731 0.00751394339826617 0.00182465050380819 198008 -1.57869073844719
0.0142973047008244 0.00671578946107692 0.00184046253200015 198009 -1.58768897171544
0.00109939544330106 0.00675376170419458 0.00186071755991694 198010 -1.59901447428772
0.0827774264575682 0.00625952326431047 0.00185948164738996 198011 -1.59546577073726
-0.0600685264661195 0.00734617097751048 0.00199062904578571 198012 -1.68628238785886
-0.062726829908305 0.00507778606702367 0.00189020970029719 198101 -1.61437242227551
-0.00511304938682301 0.00428931070675706 0.00178582029866779 198102 -1.57359201372358
0.0232281261192072 0.00561977495530946 0.00177469308949764 198103 -1.56898586018788
-0.0323166014765431 0.0054689846881698 0.00180923968052777 198104 -1.58709500080141
-0.0104544579038589 0.00577163481381545 0.00175437498413376 198105 -1.55890774513245
-0.0378057147358988 0.00665568791675589 0.00173477814161692 198106 -1.5460145776105
-0.028193734370782 0.00592988524930927 0.00167141196713372 198107 -1.50109323237488
-0.0867568639262819 0.00765698190378508 0.00162362773299306 198108 -1.47115608423047
-0.0878480905731953 0.00584025247565887 0.00148244483896866 198109 -1.35596860684861
0.0364283566135514 0.00571078471500621 0.00133997189572757 198110 -1.27484010627059
0.0226417304808246 0.00614832609790921 0.00139584511980053 198111 -1.31058901645917
-0.046253384517462 0.00497878568744112 0.00142962236202792 198112 -1.33243636273621
-0.0412387480165975 0.00469955357747107 0.00135393504952079 198201 -1.29450905740949
-0.0702078950434964 0.00463812758761344 0.00128643475940016 198202 -1.26219545147666
-0.0289140101646422 0.0029347173501643 0.00117331081983861 198203 -1.21141360080381
0.0211742352314066 0.00475990676653842 0.00112577950706692 198204 -1.19970268038143
-0.0518197487297965 0.00528258680785256 0.00115740167697913 198205 -1.21610021395886
-0.0413429635343824 0.00368080316982223 0.00107397309366137 198206 -1.16578739397997
-0.0433251247383737 0.00347834364594326 0.0010072797970764 198207 -1.14093868266385
0.098758772023264 -0.000711086217607959 0.000937684185560779 198208 -1.11653535388276
0.00776973726436069 0.000764720470811768 0.00109100877464809 198209 -1.08994025338476
0.101743983883284 -0.000209843506581028 0.00110146061891994 198210 -1.0894558376229
0.0396052545923594 0.00213238860782707 0.00125871456152051 198211 -1.07030959961278
-0.00120072057651888 0.00153993017027272 0.00131853755688843 198212 -1.08043388478301
0.0286846338599089 0.000984707571371181 0.00131461347879901 198301 -1.08029853902916
0.019508466388043 0.000772005475924029 0.00135717960691893 198302 -1.07905311958283
0.0216636396360264 0.000148574083960525 0.00138536483483993 198303 -1.07682340288315
0.0578914784157777 0.000790022222533548 0.00141680402057821 198304 -1.07097592083634
-0.00170144663975757 0.00234933683190899 0.0015042261171652 198305 -1.06637622089307
0.0237165266173161 0.00249616834586369 0.00149927144520705 198306 -1.06562806803763
-0.0492952917248775 0.00334361752105321 0.00153355733281833 198307 -1.07166412433972
-0.0126800531573745 -0.00224520609386088 0.00145523861316087 198308 -1.05176347651059
0.00159872136369707 -0.000686829143348437 0.00143349201043697 198309 -1.06336565964054
-0.0429075010112765 -0.000807157267297437 0.00143374581896732 198310 -1.06271756853258
0.0144944461504525 -0.000931903862381275 0.00136573777168167 198311 -1.08954963204546
-0.0254203773469112 0.000193840941669826 0.001385842991251 198312 -1.08157946998744
-0.0271656680727696 0.000211632140217292 0.00134485488675839 198401 -1.09037365645583
-0.0568878622070484 0.000318673101258396 0.00130132737078965 198402 -1.09941978422046
-0.00100050033358353 0.00181758745389512 0.0012126243378966 198403 -1.11837272847357
-0.0133892371190161 0.00198596406351125 0.0012092558071942 198404 -1.11799662234326
-0.0698861274641664 0.00210996246353858 0.00118706964773187 198405 -1.11536622683386
0.0106431600984798 0.00130889846194726 0.00107921957624189 198406 -1.10577761888022
-0.036249132675121 0.00262166286149023 0.00109371039521498 198407 -1.10645564407488
0.0902976379807806 0.00376310421093484 0.00103721592763504 198408 -1.09363486884333
-0.016739324004298 0.00421988360764829 0.00117205040203557 198409 -1.16624305474209
-0.0185713855854353 0.00249849276249692 0.00114503475436387 198410 -1.15152777698155
-0.0252152491410638 0.00318983705631273 0.00111534135023767 198411 -1.14501836900649
0.0119285708652738 0.00334689959049399 0.00107574647731842 198412 -1.13145387776401
0.0708311807605913 0.00404121798470683 0.00109204200943246 198501 -1.13729505303273
0.00637960696403899 0.00383103428502865 0.00119659843934425 198502 -1.19649381094216
-0.0147076288722743 0.00236310321710602 0.00120435743414169 198503 -1.19916838571832
-0.016942720730312 0.00235256718744403 0.0011805727012472 198504 -1.19461885565202
0.0433468045033659 0.00269504622184051 0.00115352300955831 198505 -1.18945312843561
0.00717420374800045 0.00323060505986499 0.00121640420403492 198506 -1.20875823949922
-0.0136933271320025 0.00331168021497323 0.00122526997716582 198507 -1.21139998165158
-0.0158245503469715 0.00238435919661149 0.00120310267091148 198508 -1.20311029010358
-0.0527680655386557 0.00241805816673221 0.00117783909076626 198509 -1.19816193664617
0.0331445985923021 0.00269688038201301 0.001097919232056 198510 -1.18507449073362
0.057041740367197 0.00389622771941463 0.00114532556247057 198511 -1.19969467909362
0.0317893224894073 0.00338397020981487 0.00122789042924269 198512 -1.2438862166023
0.000899595242835994 0.00254487923889594 0.00127296628773851 198601 -1.26207960820741
0.0639133257436529 0.0013891206250085 0.00127241640401995 198602 -1.26174318426577
0.0419094030772096 0.00182086263895408 0.00136453538834294 198603 -1.27019355915376
-0.0184695162836613 0.0013344917635756 0.00142407263898738 198604 -1.27781155213593
0.0404699325537131 0.00101329776746005 0.00139490315376356 198605 -1.27894979827636
0.00508703904855721 0.00108415939138563 0.00145211403136231 198606 -1.27756729241668
-0.0722481642076241 0.00061451752337853 0.00145742824922371 198607 -1.27721749195038
0.0545828777702917 0.000188164782517354 0.00134982884417721 198608 -1.30295059431336
-0.0948602810239601 0.000999041406059095 0.00142742804086251 198609 -1.29115447812076
0.0411419433311752 0.000361266768115917 0.00128727125910877 198610 -1.31854239533382
0.00776973726436069 0.00239806627931604 0.0013451995615391 198611 -1.31124316834632
-0.0383251143216679 0.00126317433529955 0.00135452399942418 198612 -1.31300418962066
0.113775014258845 -9.88931600035756e-05 0.0012970172772197 198701 -1.3168050044444
0.0388360237851982 0.000508375104708053 0.00145979296026112 198702 -1.29610949482275
0.0116320842297077 -0.000859597792047653 0.00151380485451681 198703 -1.28862454241145
-0.0258307600345215 -0.00174904660659355 0.0015284055462559 198704 -1.28135738044965
-0.00270365157431482 -0.00170405150177864 0.00148898311746516 198705 -1.30612190327419
0.0340148785872776 -0.00184908698900308 0.00148295054956332 198706 -1.30845803468269
0.0333380596105104 -0.00229770839944361 0.00152969182547957 198707 -1.27866459378221
0.0300441213483766 -0.0010358035252438 0.00157532793420989 198708 -1.2444874732114
-0.030871663667087 -0.0013753093476729 0.00161611417119294 198709 -1.22419743856659
-0.272333795504981 -0.00180560351160701 0.00156963666355591 198710 -1.2519154800255
-0.0846868081671938 -0.00223147470321691 0.00117834604617229 198711 -1.68542290848555
0.0622233431801319 -0.000652514372070701 0.00105585652518318 198712 -1.79569389465997
0.0384511863742526 0.000947741448455559 0.00114298969705633 198801 -1.77270062757995
0.0420052941450301 -0.000275533250684586 0.00119605967810497 198802 -1.77430361675659
-0.0274739770007551 0.000407154638534295 0.00125402734070003 198803 -1.7595000662437
0.000999500333083423 0.000217135162870821 0.00121327839837173 198804 -1.76948519504452
-0.00803217169726427 0.000749130363237607 0.00121297559657953 198805 -1.76939478074711
0.0421011760186353 0.0011072406824908 0.00119989900917664 198806 -1.77097342381176
-0.017756721589259 0.00125705881415238 0.00125766917444424 198807 -1.77450643711083
-0.0397808700118446 0.00252145944925745 0.00123085056969995 198808 -1.775539255342
0.0264471700148482 0.00278639822616759 0.00117308758296538 198809 -1.76304832467538
0.00538547227633789 0.00302713500714362 0.00120863481564032 198810 -1.77757222295039
-0.0290169490704926 0.00232139128020849 0.00121450116038849 198811 -1.77953559677626
0.00856323066048781 0.00176836858568225 0.00117210080943354 198812 -1.7711690950728
0.0540145883062383 0.00219176947894792 0.00118245253191401 198901 -1.77268915355839
-0.0290169490704926 0.00191253623490603 0.00125634363089907 198902 -1.79781505371768
0.0089597413714718 0.001135419169202 0.00121406249584127 198903 -1.79397277890532
0.0359461267734691 0.00152346778872904 0.0012248653952494 198904 -1.7939487386766
0.0252778071842686 0.00123031699637999 0.00127322369800458 198905 -1.80082086055187
-0.02081513971392 0.00108214199146585 0.00130660976683109 198906 -1.80217382269265
0.0629747991613884 0.000574315524458413 0.00127588511477449 198907 -1.80521904260624
0.00697561373642514 0.00175650534997061 0.0013614591980569 198908 -1.80221317877656
-0.0142003494011414 0.000263366565397501 0.00136923503536766 198909 -1.8030075603771
-0.0444744901018295 0.000406548747898153 0.00134770034043473 198910 -1.80916877839037
0.00339423306801562 0.000171757621389539 0.00128441002214431 198911 -1.82946019791723
0.00548493023056975 -0.000685179852598451 0.00128732012289723 198912 -1.82849760961235
-0.087957278759142 -0.0012505921413415 0.00129310195500146 199001 -1.82518640975173
0.00538547227633789 -0.00182864287835556 0.00117033664452809 199002 -1.92402847937989
0.0118297517535772 -0.00114402773091245 0.00117612666600036 199003 -1.91837180535761
-0.0413429635343824 -0.000820669111726874 0.00119074069218359 199004 -1.90959499746848
0.0745507312642962 -0.00165893035504132 0.00113247534392802 199005 -1.9433098709112
-0.017349638335113 -0.00193270344467829 0.00123291071454412 199006 -1.89050337129233
-0.0261386576096948 -0.00368581479441562 0.00120752471857464 199007 -1.9097789210746
-0.114289146402128 -0.00422605879232953 0.00117021751212407 199008 -1.95339157908763
-0.0695644633859092 -0.00466675612156276 0.00101291592640983 199009 -2.2089236217439
-0.026343975339602 -0.00383443437311363 0.000916892281086946 199010 -2.3623632356639
0.0561912796497426 -0.00321718825746811 0.000879853058776228 199011 -2.40674049145615
0.0184291354683671 -0.00437691024660348 0.00095490248427279 199012 -2.33712378249127
0.0408539940082661 -0.00535789907972227 0.000978580306744462 199101 -2.30063794277648
0.0649446886403821 -0.00563483586358377 0.00103253891797792 199102 -2.21095938795064
0.0218593343528935 -0.0060595955401225 0.00111890668787306 199103 -2.06782863559902
-0.00813298323018899 -0.00631319465858329 0.00114689646879751 199104 -2.00736212506465
0.0312079271241932 -0.00695450244956185 0.00113438989238378 199105 -2.02238009263698
-0.05508996631796 -0.00634156344714033 0.00117486571638353 199106 -1.92741827622058
0.0368139731227164 -0.00726443007810563 0.00109924094214382 199107 -2.07958824478236
0.0184291354683671 -0.0044737392284725 0.00114718017997009 199108 -1.96464697414911
-0.0207130415975416 -0.00514538998742094 0.00117034633987411 199109 -1.92516497177142
0.00856323066048781 -0.00549681737227586 0.00114105130916806 199110 -1.96930453164177
-0.0468819859001304 -0.00505904449126888 0.0011509740088356 199111 -1.94388495097779
0.0993927438780348 -0.00545889698725938 0.00108684455635367 199112 -2.05262610468704
-0.00934351500315247 -0.00502960061181799 0.00121791908878258 199201 -1.84491804668709
0.00806737107775879 -0.00712826815725483 0.00120385592754165 199202 -1.8623599403238
-0.0303561200148992 -0.00587382060285601 0.00121298294236907 199203 -1.82876985197666
0.00757126549631813 -0.00550510394873295 0.00117105850285078 199204 -1.90519913429863
0.000199980002666245 -0.00428874634850451 0.00117954684103841 199205 -1.88141990228237
-0.0269601815827831 -0.00379645992758049 0.00117824940151738 199206 -1.87789278707182
0.0340148785872776 -0.00370620614379086 0.00114102925471275 199207 -1.92765527973362
-0.0267547373088196 -0.0036909661932293 0.00118445573996053 199208 -1.86832700185087
0.00925702126267685 -0.00384750724872051 0.00114759664622863 199209 -1.91699672346763
0.0078689583786952 -0.00347603123448721 0.00115828100013699 199210 -1.8976360820036
0.0382587121170903 -0.00364696564996927 0.00116711083879299 199211 -1.88232068804497
0.0124225199985571 -0.00426731168733633 0.00121585144494055 199212 -1.81661691982622
0.00697561373642514 -0.00484257061777887 0.00123055835905291 199301 -1.78867544143992
-0.000900405243164155 -0.00439404988544149 0.00123808792049115 199302 -1.76900435839626
0.0202927032677624 -0.00339414138047719 0.00123528884566961 199303 -1.76760393777433
-0.0334533762592196 -0.00190887475134478 0.00126020049850894 199304 -1.73207353028859
0.0262523711440657 -0.00176361114231557 0.00121488251318554 199305 -1.77500916533599
0.000599820071967549 -0.000826312509646612 0.00124752591426883 199306 -1.7476567386346
-0.00581688532156485 -0.00155417263588646 0.00124668254728666 199307 -1.74735750332766
0.0341115296287678 0.000166735752907314 0.001237497153439 199308 -1.75342751805689
-0.00380723834295407 0.00105401395801091 0.00128019070210826 199309 -1.7436127719737
0.0118297517535772 0.000952391737518717 0.00127359222085656 199310 -1.7441168860683
-0.0216323001271138 0.00147478532864868 0.00128726600263469 199311 -1.74319466812587
0.0141001243787816 0.000857100107919992 0.00125761585240216 199312 -1.74329298407612
0.0258626595257274 0.000558207421782884 0.00127420824067913 199401 -1.74187777659094
-0.0280908801665257 0.000801101129249207 0.00130593527459533 199402 -1.73716432537883
-0.0518197487297965 0.00114225675597302 0.00126805278047017 199403 -1.74549220593612
0.00409161790325356 0.00129879377506693 0.00119972871160239 199404 -1.75727352983106
0.00269636154774253 0.00180119661209343 0.00120344579282559 199405 -1.75740731695255
-0.0339705195711533 0.00213945825299422 0.00120536224437234 199406 -1.75768363622872
0.0250827803674632 0.00201990637988236 0.00116026495999346 199407 -1.74921608331362
0.0357531697058178 0.00210252848731097 0.00119089558151391 199408 -1.75874424657601
-0.0271656680727696 0.00190447595099322 0.00123509286300279 199409 -1.77450743575118
0.00955421280481171 0.00104489129628786 0.00119882113766974 199410 -1.76992332778301
-0.0451019739124202 0.00100023786170828 0.00120947852500028 199411 -1.76966514665986
0.00419120461846805 0.000271483694955867 0.00115048304418828 199412 -1.78058294383874
0.013705647056112 0.000172460678511392 0.00115435164670009 199501 -1.77944837517887
0.0317893224894073 -7.31998252676211e-05 0.00117029992549223 199502 -1.77510041307176
0.0170537545658276 -0.00015085548979292 0.00120915655311141 199503 -1.76344113794944
0.0165620882989782 -0.000462704996818705 0.00122923842638481 199504 -1.75569939782083
0.0233258253034968 -0.000749389522715485 0.00124864709710961 199505 -1.74602370517665
0.0222506089348197 -0.000595755743810121 0.00127655756260441 199506 -1.73000920230815
0.0321767316952212 -0.000949839906070851 0.00130303995070065 199507 -1.71575607031793
0.000799680170564244 -0.00114786756769571 0.00134197272717545 199508 -1.69123378341269
0.0287818014254519 -0.00148332517791202 0.00134128973906889 199509 -1.69056353566177
-0.0201006717070029 -0.00108566962195654 0.00137580610597 199510 -1.66169554022206
0.0346912397899305 -0.00186629741637124 0.00134882560620496 199511 -1.68233380869913
0.00538547227633789 -0.00236980100858308 0.00139066050480436 199512 -1.64263222522791
0.0181345701954827 -0.00231106333709751 0.00139566653459325 199601 -1.63416814228878
0.00935609492402503 -0.00205832000726536 0.00141661635144042 199602 -1.60847616338267
0.00339423306801562 -0.00231460851557248 0.00142654069965615 199603 -1.59570332976346
0.0158733491562902 -0.00254901701389119 0.00142899724443563 199604 -1.59017737348548
0.0192142189238044 -0.00215738600848955 0.00144700765829081 199605 -1.56559594160222
-0.0155198116580368 -0.00246849059659314 0.00146913369971735 199606 -1.53931964420313
-0.0663535005500212 -0.00291093436376526 0.00144800317066542 199607 -1.56302273952826
0.0232281261192072 -0.00208246388430348 0.00136377770020494 199608 -1.6885016227367
0.0447821427718932 -0.000733460075549391 0.00139090468335506 199609 -1.65836654065359
0.00439034830129285 -0.000572576979156025 0.00144467325595548 199610 -1.62750520561339
0.0567583338186089 -0.00138329461312701 0.00144831889338783 199611 -1.6244096771536
-0.0218366946091744 -0.00080209577121948 0.00151668726783186 199612 -1.57092775041152
0.0443995872966845 -0.00136603592904701 0.00148785593218124 199701 -1.59290950430573
-0.00883894866720439 -0.000617730494558221 0.0015407680547022 199702 -1.54863616885832
-0.056147160623001 -0.00132942317545804 0.00152798515233532 199703 -1.55691280027765
0.0354636642755691 -0.0010940826698184 0.00145704401362027 199704 -1.63127065737008
0.0606246218164348 0.00060684634455976 0.00149882118838925 199705 -1.59908996022158
0.0366211834556452 0.000310089309618421 0.00157136818302489 199706 -1.58896067311713
0.0667236320429081 -0.000313700658585284 0.00161432138801585 199707 -1.57475136102303
-0.0466724081984307 2.60774106421238e-05 0.00169401454671216 199708 -1.53652058275691
0.0479326537553027 -0.000583544481686023 0.00163488689054451 199709 -1.5762583205958
-0.0431162910736281 0.000692826378151247 0.00169141652041601 199710 -1.54003011783714
0.02557027611153 0.000440473268606446 0.00163677297456961 199711 -1.56463463002545
0.00836491633162767 0.00127427848597956 0.00166592462272669 199712 -1.5543753423537
-0.00280392733273426 0.000798391431116721 0.00167407424767669 199801 -1.55340504173498
0.0642884898823619 0.00109771740031038 0.00166863317649758 199802 -1.55492918186824
0.0427720918438691 0.00034254693855626 0.00174462814822799 199803 -1.55267139008659
0.00299550897979837 0.000462971524890027 0.00179435840725301 199804 -1.53370215107576
-0.0353163451275676 8.67975690036701e-05 0.00179581258470162 199805 -1.53266915977066
0.0273232956488904 0.000201750143897554 0.00175093694055135 199806 -1.56303100543658
-0.0290169490704926 0.000655244816122766 0.001781821431745 199807 -1.54806160905185
-0.180443321782182 -0.002390165938876 0.00174466971823204 199808 -1.56545490638385
0.0553400950331645 -0.00374351397834564 0.00152516611401468 199809 -2.01908228115322
0.0658813691135128 -0.00369660360320807 0.00158992535459127 199810 -1.89718719121157
0.0562858110105919 -0.00584289072610519 0.00166719872449382 199811 -1.75281516766923
0.0561912796497426 -0.00597786477930303 0.00173276728666201 199812 -1.56235498673889
0.0310140535291695 -0.00657242451389407 0.00179806526311654 199901 -1.36396481961183
-0.0453112227100031 -0.00904953844910248 0.00183305447062079 199902 -1.23635873378345
0.0297529581493478 -0.010920161827247 0.00177666179456742 199903 -1.45543921617501
0.0388360237851982 -0.00997430526420873 0.00181008628244649 199904 -1.2535388299725
-0.028399474521698 -0.0100839496245077 0.00185426997875049 199905 -1.01941029352062
0.0427720918438691 -0.00905592778401385 0.00181821068852349 199906 -1.15843408942602
-0.0392607139533026 -0.00770949948682325 0.00186696530894652 199907 -0.924016434509967
-0.0178585183013132 -0.00553306515512717 0.00181806200423517 199908 -1.09328615779611
-0.0325231917055601 -0.00558030682119681 0.0017946931440148 199909 -1.15030225467339
0.0558130648192127 -0.00613393079783612 0.0017539839093178 199910 -1.26140278889952
0.0296558849075107 -0.00698313016675891 0.0018180349530499 199911 -1.05026477660872
0.0702720529853317 -0.00781442354560956 0.00185097915417944 199912 -0.915535673970358
-0.0528734896070681 -0.00926624839270841 0.00193185512797513 200001 -0.580995417356167
0.0199986865066891 -0.0123957914688186 0.00186714988035406 200002 -0.855737025961578
0.0462154237969629 -0.0113472290488189 0.00188853140939455 200003 -0.679424962320674
-0.0710664484338602 -0.0126758500967941 0.00194074211892054 200004 -0.349879334314096
-0.0504515434960982 -0.0121091912503209 0.00185485130650551 200005 -0.834876758221581
0.0415257468284983 -0.0113276170932996 0.00179338668276567 200006 -1.15938856454159
-0.0303561200148992 -0.00916420156805984 0.00184002090828883 200007 -0.856879401870714
0.0632564496350148 -0.0149767449568578 0.00180227631166141 200008 -1.00805461580415
-0.0614499623162226 -0.0111218837406504 0.00187423670196978 200009 -0.417922234055035
-0.0337636301528091 -0.0126022118363604 0.00180017331130523 200010 -0.804208847006205
-0.119121430907863 -0.0103676672699339 0.00175862681193127 200011 -1.01880654055306
0.00687630393943206 -0.0104946719219969 0.00161757656955111 200012 -1.80986274946502
0.02557027611153 -0.00682988158669206 0.00162370562242976 200101 -1.73607789944659
-0.110149743500987 -0.00454683141566854 0.00165158288725991 200102 -1.61010815118607
-0.0799093832283019 -0.00597216119969024 0.001521581344948 200103 -2.04306584399756
0.0727856697256476 -0.00348515435851509 0.00142700415032169 200104 -2.41326530527213
0.00399202126953746 -0.0011658868109343 0.00150978682500304 200105 -2.23919499752898
-0.0224501288375919 -0.00255483179364202 0.00151266311057029 200106 -2.23332663305134
-0.0246001168682327 -0.00216923736252506 0.00148492839766732 200107 -2.28868338033694
-0.0701006276794891 -0.00424594204793879 0.00145477227597264 200108 -2.34462551995342
-0.100151881950441 -0.00392401700675964 0.00137214479334509 200109 -2.61061984744839
0.0221528046411333 -0.00281111693390428 0.00125504672328305 200110 -3.01035640469454
0.0711106274579529 -0.00278321289508103 0.00127912248125292 200111 -2.95765222619058
0.0144944461504525 -0.00319444177443995 0.00135948094497755 200112 -2.82196538667865
-0.0159261505502593 -0.00388323778216417 0.00137457860613327 200201 -2.78012255045628
-0.0244976316004002 -0.00335807173950358 0.0013547155416598 200202 -2.83038160312741
0.0402778464985701 -0.00248275462122423 0.00132506835457028 200203 -2.90483362381275
-0.0549843083327595 -0.000773652530352227 0.0013696878026161 200204 -2.82172287529672
-0.0153167041118933 -0.000840108187191786 0.0013052095461683 200205 -2.92436837691834
-0.0762333059995891 0.00137853870657058 0.00128621307341623 200206 -2.94789680897709
-0.0869750140144072 0.00125310543635805 0.00119772047173472 200207 -3.00010320840181
0.00359353551013022 0.00191803897244058 0.00109718143583262 200208 -3.07358634606363
-0.110819835105244 0.0015410497898086 0.00110002466370767 200209 -3.07477541751655
0.0741793981742515 0.000764675545123883 0.000972698315847657 200210 -3.172942283664
0.0567583338186089 0.00172884055518271 0.00105588774750493 200211 -3.22169645056829
-0.0604933804289625 0.000521823880586372 0.00111911413351073 200212 -3.28332416650137
-0.0270629195496891 -0.000386271311111294 0.00104925869749885 200301 -3.35416816705632
-0.0198966317144566 0.000465991195481675 0.00101742157604111 200302 -3.39192292536372
0.0098513160503742 0.000704590191702537 0.000993763144717017 200303 -3.40544260535165
0.0780715354201554 0.000593788981575975 0.00100377167907369 200304 -3.40453094080531
0.0578914784157777 0.00076370938024865 0.00109075561106137 200305 -3.45556414449963
0.0131136391453832 0.000656491679744509 0.00115479250261122 200306 -3.48317353180521
0.0225439644348944 0.00053714790655409 0.00116825967225398 200307 -3.48049958101562
0.02244618882983 -0.000409443172761967 0.00119230433452917 200308 -3.47622144268354
-0.0132878943269354 -0.000564078828584048 0.00121618510362501 200309 -3.45570252359033
0.058363243296915 -0.000434681361282836 0.00119990667553235 200310 -3.47653403251795
0.0127187724077746 -0.000139466740177351 0.00126399113362807 200311 -3.44780066719508
0.0412379080162448 0.000339794976045884 0.00127681843628669 200312 -3.43659717422171
0.0205866336083883 0.000679125035806784 0.0013215176416334 200401 -3.42864249650203
0.0133110140596724 0.000782593453144197 0.00134304291086999 200402 -3.42389879109191
-0.0142003494011414 0.00119339363888616 0.00135640002152714 200403 -3.42053152037713
-0.0192847614118671 0.00122000108589834 0.00133905693409942 200404 -3.42561992130712
0.0110388471152162 0.00110482550853697 0.00131609054395914 200405 -3.4330669135989
0.0176434351725953 0.000346341901999874 0.00132690562357122 200406 -3.43271965412006
-0.0424900516209521 0.000195433598705597 0.00134503510084791 200407 -3.42359440831452
-0.000300045009001992 0.00299770028763507 0.00129638350626212 200408 -3.48736564434984
0.0147900854726353 0.00399019189030078 0.00129461362985939 200409 -3.48418661840701
0.0131136391453832 0.00415398339404873 0.00130955878140177 200410 -3.51192850472555
0.0429636994321157 0.00442759133343105 0.00132261639242388 200411 -3.53663998750311
0.0321767316952212 0.00405255349646108 0.00136862863887658 200412 -3.6573358776222
-0.0296348051296907 0.00464280849321805 0.00140263316763634 200501 -3.7326452865009
0.0171520588175657 0.0041444885093574 0.00136841327976718 200502 -3.66379571155624
-0.0220411308768803 0.00469222696677143 0.0013857961493022 200503 -3.69873139403407
-0.0286052570103344 0.00534598202171474 0.0013600239523537 200504 -3.64150840469863
0.0335314832087923 0.00513536234403707 0.00132709507217493 200505 -3.55389322483468
0.00339423306801562 0.00478382756161012 0.00136244566288471 200506 -3.65992145328189
0.0361390466158731 0.00448938061345425 0.00136467349995174 200507 -3.66085175662019
-0.0153167041118933 0.00474457570803706 0.00140276153184213 200508 -3.76109605973776
0.00199800266267306 0.00439515249429678 0.00138446889984679 200509 -3.71630271143604
-0.0231662780318396 0.00474093424764565 0.00138513942854934 200510 -3.7141682953695
0.0324671901375014 0.00503472933948379 0.00135833657105983 200511 -3.652787945934
-0.00571630699610919 0.00501369310760469 0.00139226116600688 200512 -3.75327338957259
0.0265445552221122 0.00444710634876631 0.00138451762770392 200601 -3.72812215326184
-0.00642056780292269 0.00457198905664302 0.00141189525294266 200602 -3.79581247040499
0.0108410231778748 0.00500690452555819 0.00140338170614281 200603 -3.77282108522128
0.00369317183761761 0.00503276320580673 0.00141362887386456 200604 -3.79631657638932
-0.0408219945202552 0.00524312609562798 0.00141610126319618 200605 -3.7977647732752
-0.00752826642079152 0.00567160004507133 0.00137033951261823 200606 -3.6882619795499
-0.0118701725704874 0.00603779733953266 0.00136070898671627 200607 -3.65091040067729
0.0159717695096987 0.00343929239780773 0.00134640533097875 200608 -3.59441646985044
0.0141987193998129 0.0039521659546355 0.00136219946076138 200609 -3.62061819864956
0.0278097006392672 0.00355920687046256 0.00137604683933641 200610 -3.6473346202756
0.0128175037106143 0.00338360391439193 0.0014045313800691 200611 -3.70280884423169
0.00468898948613147 0.00316885090112994 0.00141681660324514 200612 -3.72159612902141
0.00955421280481171 0.00335331261051913 0.00142033506871061 200701 -3.72518195589229
-0.0236781273545771 0.00338305109809212 0.00142907177949053 200702 -3.73748764728823
0.00249688019858715 0.00310004409617808 0.00140213272462565 200703 -3.70544101698633
0.0300441213483766 0.00314431714286032 0.00140330608740588 200704 -3.70580045792166
0.0279069532530079 0.00309627782950949 0.00143397077183947 200705 -3.75794284966267
-0.023882940463332 0.00278828955560885 0.00146228412208671 200706 -3.80385415689932
-0.0421770788991862 0.00241658852408329 0.00143520589069203 200707 -3.78548029625834
0.00498754151103897 0.00240072600757799 0.00138866129646591 200708 -3.77942512977931
0.0285874568519125 0.00152789852273346 0.0013924980557565 200709 -3.78223184683886
0.0146915487429897 0.00132389476015506 0.00142145967321779 200710 -3.79696316241456
-0.0530843710924553 0.000536584159018194 0.00143557678924947 200711 -3.79866926664949
-0.0114654781092781 -0.000258612870321015 0.00137763848119239 200712 -3.88748162767847
-0.0679576931832271 -0.000738556590125349 0.00136400459946153 200801 -3.9068374533175
-0.0327298246229189 -0.00115482014265302 0.00129049272482454 200802 -4.1118317987042
-0.0110609473594249 -0.000253570214695929 0.00125445425305786 200803 -4.20207708149269
0.043251041994315 -0.000332286858382422 0.00124142208203936 200804 -4.21998381801398
0.0166604408931072 -0.000582560636195228 0.00128582971408193 200805 -4.1936341588658
-0.090034122703981 -0.000795373350536911 0.00130206478396475 200806 -4.17128411305465
-0.00924258136693254 -0.00151843123131873 0.00120571859463147 200807 -4.50164781339819
0.0139029051689914 -0.00307319279656129 0.00119470879488272 200808 -4.52639844141269
-0.0986056037541221 -0.00311258455435115 0.00120808584369757 200809 -4.47206258011656
-0.190071510254016 -0.00288301892961179 0.00110312928260628 200810 -5.08681058510698
-0.0821866709879471 -0.00296710674568952 0.000902315585614028 200811 -7.03103566000669
0.0172503534065277 -0.00223948758431586 0.000815128821108717 200812 -7.70060727724033
-0.0846868081671938 -0.00233455294450071 0.000832356519835572 200901 -7.64703819767558
-0.106583485402783 -0.00242791420873423 0.000742807656288944 200902 -8.33439849689754
0.0855352881062627 -0.0039667327558402 0.000630541659365228 200903 -9.44220782805849
0.096945206056479 -0.00447483852342812 0.000719261352622174 200904 -9.35567874894054
0.0507881668321051 -0.00419803899318448 0.00081970597131096 200905 -9.23304397758118
0.00419120461846805 -0.00383864340256344 0.000871810727161632 200906 -9.00212090905006
0.0742722443745874 -0.00398540472057737 0.000875268429131743 200907 -8.96119849473145
0.0326607822395483 -0.00204905645098901 0.000951644054465203 200908 -8.75408280719181
0.0398935636616766 -0.00128280975816011 0.000984605736570279 200909 -8.66273270851159
-0.0262413112052271 -0.000354936065578688 0.00102500963888088 200910 -8.62080592036176
0.054109325647032 -0.000158785213843389 0.000996725073689894 200911 -8.73575652327874
0.0270313390510305 -0.000385488683668271 0.0010517640380146 200912 -8.84056085839491
-0.0341774518015865 -0.000589302129780207 0.00107865800800737 201001 -8.82584897207657
0.0334347760862374 -0.000215732565139879 0.00104219874243385 201002 -9.02139364789889
0.0610950993598108 0.000119682267636156 0.00107566214878076 201003 -9.03157326147925
0.0197045832743354 0.000671864619772419 0.00113760171246603 201004 -9.22189024403835
-0.0822952427268302 0.000737184731083917 0.00115674293057105 201005 -9.23489168221534
-0.0573113667131135 0.00142583301844392 0.00107079855811235 201006 -9.92802667709047
0.0669107052826268 0.00103210918681514 0.00101073460207199 201007 -10.2264634325261
-0.0489801822217186 -0.000785117691631664 0.00107846324614245 201008 -10.6963587217663
0.0910282983475638 -0.000920569993344052 0.00102706833293109 201009 -11.1835130561616
0.0379699312516286 -0.000766388413411447 0.00111937728679225 201010 -11.8361406046131
0.00588266315815551 -0.00106825292897174 0.00115713400192016 201011 -11.8580185522369
0.0658813691135128 -0.00115720953294072 0.00116197077690095 201012 -11.8299449955576
0.0196065296389183 -0.000751370716641733 0.00122814603082387 201101 -12.0705619875967
0.034208171329737 -0.000390537550667692 0.00124691863920803 201102 -12.024876479294
0.00439034830129285 -0.000394110024272604 0.0012805525705249 201103 NA
0.0285874568519125 -0.000126586830982055 0.00128372259675402 201104 NA
-0.0127813343647332 0.000264107615016447 0.00131152680678982 201105 NA
-0.0176549352387207 -0.000380624855158537 0.00129719022370587 201106 NA
-0.023882940463332 -0.0010356009882015 0.00127792993360178 201107 NA
-0.0618754037180875 -0.000330855192104278 0.00125238590274195 201108 NA
-0.0789349880881423 -0.000573542922204004 0.00118836177533745 201109 NA
0.107508207715285 -0.00119289760284324 0.00110718310273008 201110 NA
-0.00280392733273426 -0.00125907684880042 0.00121487644747963 201111 NA
0.00737275432941316 -0.0013777201991451 0.00121081294517405 201112 NA
0.049266241302918 -0.00104809857757034 0.00121703712839046 201201 NA
0.043251041994315 -0.000615511082646406 0.00126552270273408 201202 NA
0.0306261935417607 -0.000957209194322708 0.00130784681492317 201203 NA
-0.00853633102228634 -0.00134965126536775 0.00133737183680317 201204 NA
-0.0640053299759124 -0.00168214927994472 0.00132743853412803 201205 NA
0.0381624610943489 -0.00190906866437767 0.00126177746024859 201206 NA
0.0078689583786952 -0.00165678674284052 0.00129882633939929 201207 NA
0.0250827803674632 -0.000455789663369201 0.00130541624114382 201208 NA
0.0268366539535598 -0.000355708336442113 0.00132924125529845 201209 NA
-0.0178585183013132 -0.000583901654494179 0.00135477420094236 201210 NA
0.00767050630421974 -0.000509310926296438 0.0013355609084401 201211 NA
0.0116320842297077 -0.000209350495885455 0.0013418895252191 201212 NA
0.0542040540135122 -0.000331544888725211 0.0013521591806128 201301 NA
0.0128175037106143 -2.34346797265278e-05 0.00140485299400552 201302 NA
0.0395091330947125 -8.44658622992447e-05 0.00141622017599418 201303 NA
0.0154795708483864 -1.3819142570648e-05 0.0014541235719332 201304 NA
0.0276151670329734 -1.74879121386702e-05 0.00146806536843067 201305 NA
-0.0120725812342692 -0.000309345544828185 0.00149403071268543 201306 NA
0.0549615580739743 -0.000406145277959895 0.00148057177226186 201307 NA
-0.0274739770007551 0.000323594462510009 0.00153357572300687 201308 NA
0.0370067256290957 9.01105988604864e-05 0.00150485537377542 201309 NA
0.0409499863289542 -2.85724810744833e-05 0.00153997097244537 201310 NA
0.0307231726428405 -6.04478489181701e-05 0.00157891367536683 201311 NA
0.0277124385665358 -4.5237488108911e-06 0.00160768392113926 201312 NA
-0.0337636301528091 -0.000186963979252375 0.00163342825510908 201401 NA
0.0454512629039174 -0.000275341400610342 0.00159855430593871 201402 NA
0.00429078141715625 -0.000419459997004334 0.0016417164207005 201403 NA
-0.00190180728959633 -0.000429333728791562 0.0016443212043745 201404 NA
0.020390689647734 -0.000163520885924119 0.00164083777756313 201405 NA
0.0257652078860264 6.01896005652733e-06 0.001659238024737 201406 NA
-0.0206109539041243 -0.000163181732464199 0.00168287132852258 201407 NA
0.0414298097631396 0.00110688151416578 0.00166103604425946 201408 NA
-0.0198966317144566 0.000953988457782197 0.00169994873870063 201409 NA
0.0248877155077789 0.000637525930656985 0.0016788377118647 201410 NA
0.0251802985302983 5.74017276393571e-06 0.00170150263158727 201411 NA
-0.000600180072032461 0.000244852726639138 0.00172440877392748 201412 NA
-0.0315938715911786 -0.000247793806499919 0.00172214309279107 201501 NA
0.0594945717856397 1.21962876150246e-05 0.00168970296164796 201502 NA
-0.0112631922787107 -0.000105002995221284 0.00174593337879192 201503 NA
0.00588266315815551 -0.000297179567796246 0.00173329088544158 201504 NA
0.0135083500247923 1.37966881162688e-07 0.0017373194022112 201505 NA
-0.0154182527283806 -1.58033983568492e-05 0.00174873650271807 201506 NA
0.015282623531157 -0.000151682720304875 0.00173210182323057 201507 NA
-0.0623010261973793 0.0249058860488474 0.00174521946283166 201508 NA
-0.0311811174835747 0.0221502342303581 0.00168327918656454 201509 NA
0.0746435429957657 0.019865492435289 0.00165152614630353 201510 NA
0.00558437829390066 0.022176048672017 0.00172198176102309 201511 NA
-0.0220411308768803 0.0216586678478026 0.00172570634784361 201512 NA
-0.0595377127161963 0.0205995917454917 0.0017028095875115 201601 NA
-0.000900405243164155 0.0174818172443206 0.0016438677951114 201602 NA
