"y" "prf" "prfm" "" ""
0.369106067829015 -0.0734221937521513 -0.134624404941349 193508 -14.2971849850631
0.35290303253795 -0.0126433042844492 -0.128508711616964 193509 -14.610348550965
0.336696814269035 0.0339984719518319 -0.122142571867178 193510 -15.0526031426255
0.337630608341931 0.113710256458358 -0.114669697162848 193511 -15.5607778320002
0.322066839478066 0.209335538372333 -0.107912165856036 193512 -16.193688021344
0.279478119937806 0.234932517991652 -0.100744510919804 193601 -16.8847749073887
0.245802341941099 0.301440514511237 -0.0922916511104948 193602 -17.458620159741
0.232148576465944 0.3132617570808 -0.0834449709131861 193603 -17.911131699624
0.219495854742827 0.321579359847112 -0.0741733426490639 193604 -18.294898299277
0.22805727252053 0.329071521730885 -0.0675784715208291 193605 -18.6129379689193
0.169539307626484 0.290614440602418 -0.0609365135419568 193606 -18.9384445531825
0.102831100633016 0.283215813426998 -0.0549380784894637 193607 -19.1077368120435
0.123794673274731 0.267872585503728 -0.0492077521878626 193608 -19.0976395526474
0.0641348368683954 0.277953179882724 -0.0438462750581851 193609 -19.1496828417727
-0.0915518274055235 0.251304594510164 -0.0388391291459849 193610 -19.038381138562
-0.261333337109063 0.254087213121899 -0.0339499117760119 193611 -18.6388067726214
-0.380145659076597 0.234887743218562 -0.0293855944522417 193612 -17.9228914088656
-0.425568581897116 0.268569592251352 -0.0254759271814816 193701 -17.1023005750604
-0.453728401870541 0.237706564821987 -0.0220849488174493 193702 -16.0604906613591
-0.408008915167149 0.229456075527282 -0.0189462633201235 193703 -15.1276699329991
-0.677608030900428 0.199411386194729 -0.0160384326120387 193704 -14.2963505558874
-0.465903346269114 0.148057124055577 -0.0130975205020078 193705 -13.3177926408335
-0.497226275470874 0.149205486862721 -0.0109232725480972 193706 -12.7876241414568
-0.240465078359741 0.171790408582323 -0.00958498580478995 193707 -12.228656157487
-0.255354149821836 0.160384219665572 -0.00803405953642343 193708 -11.8205563669098
-0.232806568818191 0.161731525608174 -0.00720453199154045 193709 -11.4326605922425
-0.0787054761776139 0.169396060289853 -0.00816302398488117 193710 -11.0644797361163
0.0973100616241377 0.146267639954724 -0.0110076342447034 193711 -10.8559594461177
0.165888497664383 0.14043548245021 -0.0151091678539467 193712 -10.8954628550929
0.250259591838758 0.102731815061887 -0.0196197108654101 193801 -11.0284812432004
0.183815252066876 0.0516963844230298 -0.0243382835937267 193802 -11.2494122276989
0.161651563012766 0.0791165939961116 -0.0284637742558065 193803 -11.3645317159524
0.306020693106276 0.093714915266369 -0.035369564220111 193804 -11.4899029403902
0.168639776917825 0.0641546749096327 -0.0399014987679953 193805 -11.8094747996027
0.273573873295039 0.091958273716191 -0.0446652985253169 193806 -11.9517040509344
0.00505524492096248 0.0737917809898463 -0.0466838529565996 193807 -12.256108233902
0.031806851692878 0.165184154427392 -0.0488131417001225 193808 -12.2495963114173
-0.0103731314995936 0.171680182704493 -0.0506716611659615 193809 -12.2098500001755
0.137424259714961 0.188230374927585 -0.0509519993160781 193810 -12.0912101410072
0.0569099323282574 0.189087101656208 -0.0494840581186502 193811 -12.2322888628098
0.0379987829293455 0.182683617259639 -0.0473725624737185 193812 -12.2142021309666
0.0268028354622298 0.18807725703313 -0.0444829299075779 193901 -12.16578801754
0.063963984326614 0.189849168662547 -0.0422877550809005 193902 -12.0886856294729
0.0436666442629395 0.209120830088368 -0.0403454758609608 193903 -12.0765590197339
0.191792719040587 0.196487858394979 -0.0370778704933454 193904 -12.0026125612984
0.195791924530702 0.238020130686937 -0.0351552756577269 193905 -12.2258566938748
-0.118166262442232 0.241337843511494 -0.0322966724266828 193906 -12.4473707841114
0.00085969400312679 0.246302738534441 -0.0319539942858787 193907 -11.9858914319247
-0.0654220001499371 0.256950921980226 -0.0313743502315264 193908 -11.7606344088088
0.0253866805067842 0.275142022961323 -0.0311851500627703 193909 -11.3690314834707
-0.107057589526169 0.271529103721334 -0.0296797089040405 193910 -11.1445879393415
-0.0719905365530528 0.19473703640777 -0.0289134288931352 193911 -10.6228974642916
-0.0513500748875654 0.233870139117635 -0.0283264796666222 193912 -10.3591547301428
-0.0743237929170186 0.270993023905822 -0.0278470943176757 194001 -10.0508394120601
-0.0926273906154123 0.298340646060435 -0.0270556195017766 194002 -9.60467520038513
-0.121429381519118 0.298887396511171 -0.0264511557089158 194003 -9.03901166052081
-0.133258006374751 0.311360897608709 -0.0246016313466319 194004 -8.40177679260521
-0.191708531469037 0.321895410662259 -0.0227495846585871 194005 -7.6952481482093
0.0701725673667816 0.325762144206528 -0.0235447236401174 194006 -6.80371915040097
0.0622666438350233 0.328026421701325 -0.0233430342381072 194007 -6.58962398751228
0.0883837833300994 0.0610156879595143 -0.0236879437947615 194008 -6.34916804503352
0.065216724048565 0.0694564481924054 -0.0232889631093831 194009 -6.39745570875561
0.0329606650542673 0.0678301691946701 -0.0239645165482281 194010 -6.42931516255085
-0.0507206351206361 0.0713513613250598 -0.0243487247082667 194011 -6.43787040438903
-0.0538763358104089 0.0522368819863823 -0.0245630211382612 194012 -6.38361142080732
-0.110573334733797 0.059077733280424 -0.0249548382388813 194101 -6.34396991541692
-0.0598072091229229 0.0520125730395693 -0.025483530054323 194102 -6.26353732935303
-0.0701076418390123 0.0200585402441911 -0.0262272963447477 194103 -6.22041083544673
-0.146529413434369 0.00919150665078305 -0.0270506094988247 194104 -6.19708733195992
-0.134855515281538 -0.017281135309041 -0.0283075402008874 194105 -6.16222808383386
-0.0906739470592814 -0.0451355611863424 -0.0275614787799202 194106 -6.1554302185121
-0.120598496987202 -0.0520872841118487 -0.0268860793617627 194107 -6.16369859025219
-0.143135738120807 -0.108402095491049 -0.0260258565058533 194108 -6.18147042130084
-0.12339988655835 -0.134237872692064 -0.0253499855387835 194109 -6.23276870767389
-0.0887051588433972 -0.133245757328146 -0.0249212307550111 194110 -6.27155814795841
0.0314789789592236 -0.141665567269874 -0.0251095475751981 194111 -6.28054915153864
0.0526640747007931 -0.167093884824392 -0.0253180025624098 194112 -6.17841056479149
0.152702485845367 -0.164973832345106 -0.025931350275873 194201 -6.0175816402225
0.213787973455925 -0.14013405697693 -0.0261733206962091 194202 -5.75936440918985
0.29855867354233 -0.176379063451997 -0.0264849116262999 194203 -5.51108498303008
0.42516256215829 -0.169347130607184 -0.0273302954418497 194204 -5.06918417976752
0.478106521887885 -0.169770216013007 -0.0280822200561132 194205 -4.5291787827608
0.476217412041102 -0.1866724161615 -0.0285168848269686 194206 -3.93008502663128
0.467809071536204 -0.182335828369693 -0.0291519304280736 194207 -3.23431449501836
0.384461055435163 -0.12712011102488 -0.0299326414396677 194208 -2.55948660924856
0.379538816711815 -0.13594566993541 -0.0305684730391145 194209 -2.21270536345703
0.377490734852877 -0.145067530537127 -0.030961288483738 194210 -1.83002803312979
0.299971746797102 -0.162017753483163 -0.0305422262861343 194211 -1.40626131865171
0.237573742726793 -0.189188689595526 -0.0299875176128881 194212 -0.982739882620187
0.249297428106358 -0.157433508291511 -0.0287776500403169 194301 -0.528275557016622
0.197689748633791 -0.160633834284072 -0.0271818235699469 194302 -0.164247244014315
0.141716188735894 -0.178883158749779 -0.0250528007130039 194303 0.159155870254035
0.107567464903548 -0.19263136403574 -0.0221293243307227 194304 0.471567580669718
0.0824632245676221 -0.188876234731657 -0.0189019962906027 194305 0.777368150978053
0.0761085771105659 -0.197277845321002 -0.015728153929502 194306 1.04182641147511
0.11150794284681 -0.18243647171966 -0.01264829899023 194307 1.31873960898663
0.145360504589913 -0.129314095352551 -0.0101349486457655 194308 1.61585431164346
0.148021522274068 -0.114913456884143 -0.00768417024729014 194309 1.8316635388974
0.124312024822714 -0.106460968230058 -0.00527682709041409 194310 2.02124788827669
0.137473414384505 -0.0999754514554826 -0.00338087321533636 194311 2.17525935808143
0.215323389919963 -0.0982838292033522 -0.00189349904285408 194312 2.33011611954896
0.193083355231331 -0.0793422651602695 -0.000352450410036824 194401 2.5494544518058
0.195732883301102 -0.0744184431615088 0.000855123974376758 194402 2.70813466952488
0.252365483847999 -0.0668273522803076 0.00170882739717383 194403 2.85983017040398
0.188399268337245 -0.0634538547622523 0.0023465300327544 194404 3.03227034111181
0.280524319247433 -0.0660804975583246 0.00282627071859193 194405 3.15851331972972
0.248229140956339 -0.0614057210575781 0.00326247492330606 194406 3.3512894410771
0.198590436438625 -0.0473815094274114 0.00390298065066407 194407 3.51233531132914
0.191665765183786 -0.0443237928615577 0.00473508373265965 194408 3.61424889966024
0.236228784831326 -0.0332066264433604 0.0055730161217907 194409 3.70812808452655
0.282812415721179 -0.00715995090085131 0.00626335919563328 194410 3.79946453295505
0.319365404812351 0.00547264082463128 0.00702179882100248 194411 3.84454195721521
0.35480237368483 0.018373182606364 0.00821893440203098 194412 3.86487386076976
0.327325976455847 0.027347850154458 0.00927530252105556 194501 3.85494691552339
0.36794410856684 0.027604900939929 0.0103347205936695 194502 3.82333548659453
0.247569482344631 0.0580393619332903 0.0117021260357843 194503 3.79200899556118
0.344363292874267 0.0713078893775934 0.0126948066105116 194504 3.71485400692901
0.310695159320246 0.0811976385062966 0.0141910608710531 194505 3.57673612074554
0.332084269501723 0.096456410533883 0.0154912724270824 194506 3.43479672760865
0.288627928076193 0.120960191441215 0.0165028700183064 194507 3.25151273409992
0.283300046620524 0.0649193720439113 0.0174653035082267 194508 3.05753623103026
0.156617031997767 0.0777498798739428 0.0186607323679157 194509 2.96448186882539
0.00281616375283885 0.116423247174074 0.0200963393426617 194510 2.90968733239196
-0.0498353720225552 0.143492127812415 0.0217140099668222 194511 2.9661332031567
-0.102322714298895 0.177921062148247 0.0235048076212201 194512 3.11115738887801
-0.0658527623827058 0.225495195928602 0.0251295197540256 194601 3.39415899544537
-0.113946829371444 0.266508258520942 0.0269530016094129 194602 3.73859472499822
-0.0647523389051861 0.296377729937453 0.0281202845762659 194603 4.30191474462283
-0.138613374164555 0.309966383039748 0.0297847214620449 194604 4.84986618527713
-0.22920613529856 0.326031980080671 0.0312554567387894 194605 5.63242023403145
-0.277486617911758 0.360279335702897 0.0328222734719296 194606 6.73284200272735
-0.186288745749464 0.369009037230924 0.0341476913714336 194607 8.16684363319174
-0.118474570158415 0.185471241312716 0.0354319818624083 194608 9.36274462416051
-0.069475817749042 0.167743705254538 0.0360534436579742 194609 9.6846505133765
0.0326299075998134 0.153959520779622 0.0358838656992746 194610 9.89454634438872
0.0718155096948634 0.109695740194158 0.0354487426651536 194611 9.96136092471821
0.0523307682803301 0.105956053026084 0.0347529272259412 194612 9.96246968244736
0.0339710465376444 0.104282104169876 0.034247370996752 194701 9.97426751856304
-0.0181124493924069 0.0945483956903308 0.0335063999949111 194702 9.99672145982264
-0.0516133216498103 0.10230068498186 0.0330175505476469 194703 10.0434843924019
0.0433640732968518 0.105419861291829 0.0321678925045172 194704 10.1218536918173
0.128860424534634 0.0860339429662851 0.0308803357173099 194705 10.1388406880881
0.209508642368966 0.050348031889917 0.0293687330034419 194706 10.1079607400419
0.157575488728615 0.0249588025305247 0.0283167453022082 194707 10.0904861245255
0.0653229316343487 0.0731164731358946 0.0276041661009431 194708 10.1021741403502
0.0859650581119177 0.076398892945731 0.0271351806717161 194709 10.0966231495253
0.0610387968451834 0.0833796410608743 0.0271615976281012 194710 10.0828601550373
0.0943224522752506 0.0911524747502277 0.0273752527097603 194711 10.0804317560011
0.0164353019348441 0.0954912438300859 0.0274940884981916 194712 10.0621064282024
0.0185672922762727 0.0858159419090366 0.0275247849817909 194801 10.0900947703811
0.0612265827479795 0.0583709595143688 0.0273095150083277 194802 10.1103811427338
0.0764718870907798 0.0803421030649614 0.026938985258759 194803 10.1057043142582
0.038596422530879 0.0735108795019856 0.0270157380066006 194804 10.0957169128782
-0.0159850863017593 0.0661016553312501 0.02748943422301 194805 10.1007250235686
-0.115999927162211 0.0550692370847133 0.0283321157422043 194806 10.1237016308841
-0.113901919499205 0.0586354597624627 0.0289277073227868 194807 10.1718146351659
-0.0077311205662248 0.116584182193831 0.0290946578930233 194808 10.2240933224485
0.0154192015878718 0.117950740896941 0.0293543400858037 194809 10.289134622459
0.0764618696802408 0.110912450488282 0.0294983603438008 194810 10.3363668356365
0.0499822840456723 0.105637607065181 0.0297916820267486 194811 10.332753861304
0.165975950038533 0.0876065236338102 0.0297315181524607 194812 10.345236583531
0.184391970215602 0.0992169488822531 0.029681454359294 194901 10.2972181258951
0.198839084742329 0.0673956786918342 0.0298222808253149 194902 10.2321377172795
0.243228196559767 0.0759204888312582 0.0300296124087169 194903 10.1937864565577
0.216170584837898 0.0679879946169558 0.0300675186481955 194904 10.1348586398607
0.273640043309603 0.0777069379028239 0.0298646437365217 194905 10.0926862718956
0.34560639547765 0.0713624604401981 0.029224886846615 194906 10.0233040369311
0.283433669778907 0.0672648367155294 0.028599878958642 194907 9.95445490342813
0.24315588008238 0.131112626291647 0.0284419180911426 194908 9.89984495071584
0.264925185138819 0.129001081774979 0.0283855426950245 194909 9.76481006666793
0.281552989065709 0.13152839849788 0.0285927682423746 194910 9.61527935278149
0.249163486504269 0.135956608738269 0.0286845687393844 194911 9.44976160430933
0.258637601418528 0.142635394151771 0.0292712840440817 194912 9.30324661814937
0.262715949177933 0.137499011082374 0.0299313720703435 195001 9.1419805415884
0.301638114819318 0.141595076306378 0.0306470827172586 195002 8.98361790558043
0.301047214664247 0.168431300366629 0.0315440494423325 195003 8.78838210325772
0.266927910735331 0.172842584126587 0.032319791187692 195004 8.55713201585838
0.276113699179377 0.160427033404838 0.0333294993555661 195005 8.35949905637293
0.210508300027857 0.170309364186129 0.0346306530894082 195006 8.16535014022428
0.245365215079638 0.159365452875848 0.0356630307520202 195007 8.03715036315297
0.299183409111272 0.143030408852119 0.0365204392203275 195008 7.87869325167677
0.293929038293169 0.165009143563703 0.0374603764463295 195009 7.69022882975003
0.254162947204259 0.169784223118991 0.038460756006245 195010 7.47739559594809
0.23077776452578 0.164634827775053 0.0393207671511349 195011 7.30359852001891
0.209258879649957 0.161786569525202 0.0402122989977503 195012 7.16014254475561
0.188215539779443 0.162432146745109 0.0411131234924069 195101 7.04233603704173
0.147425041818192 0.174042626646646 0.0421636274896928 195102 6.94785164058045
0.107120104025653 0.182123169523181 0.0432033206108758 195103 6.9011845857633
0.172226297816329 0.183190767140772 0.0440982189713736 195104 6.91004204734812
0.0738157840316376 0.175920794353066 0.0450225834343537 195105 6.83627556738604
0.129023477107402 0.167146514114082 0.0456792727859152 195106 6.88324118719476
0.19336967205917 0.174280132939325 0.0464685452850999 195107 6.85883430987553
0.135601245752754 0.208234786870287 0.0474634856938643 195108 6.76268103346235
0.0864230752841297 0.192504518533795 0.0484300172726851 195109 6.75309252426003
0.0593794568480471 0.194245225497355 0.0492336615302304 195110 6.80138367499176
0.078151252545671 0.20406029282079 0.0499400588181508 195111 6.88957422760781
0.130020463699381 0.213110042683696 0.0505575736275764 195112 6.96323825848872
0.126534452616122 0.212465393739689 0.0510890715663867 195201 6.96825671421857
0.108859481513204 0.192476493889558 0.0514595945288936 195202 6.9784443606085
0.132876443764445 0.190174893685641 0.0516728531859693 195203 6.99760080450477
0.0758024216710341 0.199411235216614 0.0521329808372302 195204 6.98369607081084
0.0984550943672779 0.179344466402513 0.0522154249558402 195205 7.05571322719936
0.0725738340685377 0.189849898609382 0.0525063645473233 195206 7.07794744229341
0.0162975536915059 0.181061106634364 0.0530379241983115 195207 7.14324557209982
0.0309336383461331 0.209539148378695 0.0533483126252078 195208 7.26962682697665
-0.00742217074751917 0.20289729033424 0.0534721881407843 195209 7.42305356577337
0.0150484205323002 0.211712845047505 0.0534942301881995 195210 7.62223767912804
0.0664774113821506 0.215996599002741 0.0535858919813499 195211 7.80439781209551
0.036515849809326 0.211096105252538 0.053868982987713 195212 7.91279586746452
0.00768236405282115 0.19918285273097 0.0541371212520245 195301 8.06024477753395
0.06055725618345 0.184361757594546 0.0543383064000435 195302 8.22962005436904
0.0791084553230257 0.199636951653661 0.0546259918848948 195303 8.30428786518417
0.128308420985531 0.212271856519368 0.0547032781249902 195304 8.37253896557466
0.198047614815657 0.211417916345457 0.0548623756385985 195305 8.38272618245729
0.222088413510946 0.219219684803783 0.0549265475894317 195306 8.29176608981995
0.250572938846487 0.217577999362914 0.0547870927378146 195307 8.16634601089233
0.274563684322638 0.237897991992892 0.0547012889450388 195308 7.99902102907472
0.295871896392628 0.224965530306144 0.0544786242149579 195309 7.78697308735835
0.355065348981263 0.229957058324777 0.0543378020589484 195310 7.54681657531545
0.292720543254416 0.219678281004465 0.0543810035156146 195311 7.21021976845474
0.354242177280656 0.20381055806494 0.0543176519067271 195312 6.97491644437391
0.406752781563991 0.193293038874342 0.0541528629037097 195401 6.67032539085479
0.362456495659014 0.183296915680567 0.0541754135842722 195402 6.31655288343157
0.375832335794248 0.182561845572581 0.0542628979412503 195403 6.02934781446613
0.33861097226657 0.182066196807338 0.054521798371475 195404 5.72601934991723
0.327530259575884 0.16990208311237 0.0550218883242422 195405 5.46339720216575
0.307256317039642 0.145891381314777 0.0556019804255849 195406 5.23157923720787
0.360401944042922 0.145746354219955 0.0562766204201209 195407 5.05735447243304
0.331033527332653 0.132762300908256 0.0570293344335779 195408 4.84232300122122
0.35789297720211 0.137407046850873 0.0578500992513066 195409 4.67614004421256
0.293103986432672 0.157857144030735 0.0588679596955873 195410 4.48283152441523
0.283915560378266 0.139077165147319 0.0596660913800884 195411 4.30505535994765
0.263235355140727 0.146256368053649 0.0606680508559407 195412 4.16323110499311
0.225688117792673 0.12741664303598 0.061841219434612 195501 4.0289751253256
0.190408773040938 0.137471241990371 0.0628568115840188 195502 3.9445211657368
0.198618603284375 0.138615848191416 0.0639106012278243 195503 3.87721603888839
0.26491288655177 0.140001886453051 0.0648324145534576 195504 3.80450475293033
0.238006314448151 0.140906900450189 0.0657110026639005 195505 3.68392806022418
0.176385599584804 0.126888367449605 0.0665161537118197 195506 3.58289426731552
0.148142387271409 0.122826443432996 0.0674925184637502 195507 3.53441884567353
0.177701189512953 0.121296880790153 0.0683651708109983 195508 3.50468863958858
0.143445712092695 0.117344634207446 0.0693207081258204 195509 3.46057455646887
0.0945753843896119 0.115858557373098 0.0700568373307772 195510 3.4361545841568
0.127563698678122 0.115467044163442 0.0707580134719165 195511 3.43548093517484
0.0636220143234119 0.128999844200559 0.0713870243924028 195512 3.41979135961523
0.0804947021106711 0.107952702277856 0.0718896338171594 195601 3.44206564260328
0.0753368610907481 0.106080058437408 0.0722744362172366 195602 3.44567116846718
0.0181331799473649 0.11992702080333 0.0726833170168066 195603 3.45061677235506
-0.0242350979445008 0.107009534739392 0.0733034124024033 195604 3.49018908270121
0.0151884871876886 0.0872664897102795 0.0738330037273092 195605 3.53271275639362
0.102594398566107 0.0874285046327979 0.0741616979448012 195606 3.54264073077936
0.06144281012669 0.102396033858168 0.0743980579745986 195607 3.53973355533905
0.0216355933937776 0.100079226200058 0.0747270488393705 195608 3.54774627720137
0.00237720399246168 0.0876468243462499 0.074945203325889 195609 3.5659116371268
-0.00565157355394281 0.0982161147223913 0.07500732415204 195610 3.57751092108712
-0.0544566232167176 0.119079130826277 0.0751731171316175 195611 3.6014066592545
-0.0345682055375872 0.115024778097864 0.0751367929089502 195612 3.67511645038182
-0.105393370842384 0.122570502189729 0.0751535888625606 195701 3.73227961582074
-0.023514597079274 0.111090694913734 0.0751541615882737 195702 3.84158250387212
-0.0192458641005907 0.137014805636903 0.0749765261314485 195703 3.88810067329084
-0.00952383535788707 0.138119571276768 0.0746684154976722 195704 3.97252132904394
-0.0224284828520147 0.131865426867252 0.0744842671128116 195705 4.05222666153802
-0.0349450194192533 0.113731781894029 0.0745710267777909 195706 4.13092547551127
-0.000762100295929042 0.0985782774092713 0.0745306322650183 195707 4.18737992897426
0.0333177239193205 0.131571064146819 0.0743683775445543 195708 4.21100305520844
0.102450729935649 0.126686211585401 0.0741482210505112 195709 4.25381129000526
0.208712409215648 0.138413435138221 0.0739049289937904 195710 4.25285493419086
0.276586249763825 0.154960089456367 0.0735147723001414 195711 4.18645119414619
0.281836626433634 0.151754923988407 0.0731872481248755 195712 4.05440767841859
0.371534795275538 0.142275735828868 0.0726477296385696 195801 3.92136270848255
0.332474160789829 0.144359182531523 0.0723580840761665 195802 3.74236535741219
0.357908594833077 0.155223458181933 0.0720829971447047 195803 3.58177302056649
0.329848282297915 0.16440930821394 0.0718386653108646 195804 3.37736329250258
0.336514007601803 0.156147656468064 0.0715572708387367 195805 3.17623110076773
0.331914498587863 0.147764920148237 0.0712402997367784 195806 2.98258021258243
0.302744121288083 0.150774102374649 0.0710266427633875 195807 2.80700302465376
0.292738265248006 0.146361341144557 0.0709150779147364 195808 2.64698219976218
0.261353372981364 0.143778937771005 0.071008103436922 195809 2.50094539113639
0.168053569680081 0.14108389054923 0.0714131161009771 195810 2.38211369143203
0.156990751875467 0.136372118911783 0.0720147968448564 195811 2.33572341930294
0.144696714700994 0.130168099335862 0.072628310966461 195812 2.29906384824238
0.119906821114388 0.126017417147663 0.0734997584425808 195901 2.27215321976167
0.0419345673292629 0.112172178549296 0.0742525910075437 195902 2.26071255464902
0.0450935038159697 0.126853084709087 0.0750747823229801 195903 2.28236545057379
0.027223336473917 0.13261693679354 0.0758111219182833 195904 2.31450076637771
-0.0259670200660577 0.134385502752868 0.0765624270643453 195905 2.36322081958701
-0.0119412714879202 0.11910445325569 0.0772961973848152 195906 2.44878607804333
0.0109936997945758 0.110622146220044 0.0779421799747959 195907 2.50089712317353
-0.0452891717502144 0.117349225954702 0.0785558830755765 195908 2.53168946781347
-0.00191174068753265 0.108965067768416 0.0790766736451087 195909 2.59549162548415
-0.0160410352122069 0.110972233925451 0.0793294489179353 195910 2.628257817402
-0.0366295589582352 0.120686420608583 0.0795494526090331 195911 2.66865281435832
-0.0079842870406735 0.118824230654273 0.0797334844228522 195912 2.73316396039046
0.0120491287808096 0.110087695827551 0.0798466487515608 196001 2.78094588614681
0.142804846321353 0.0999315650716592 0.079740154140824 196002 2.80953956588162
0.164738756784452 0.133119485990673 0.0796431047001381 196003 2.79826559536465
0.208053589735667 0.130169030920988 0.0794966807665453 196004 2.76466945080982
0.227959746181368 0.124095623934586 0.079202910012137 196005 2.70896295669231
0.220094482543888 0.122208079401527 0.0789497317301924 196006 2.64907636411086
0.167936652584489 0.11073335299707 0.078761487874415 196007 2.59430861331683
0.220247228056806 0.0418802255994059 0.0784188064942365 196008 2.56932757828928
0.215681675418015 0.0541303861433007 0.0781975102210085 196009 2.63762008596631
0.255751555377444 0.0528149457327048 0.07793861311817 196010 2.68068543019298
0.287889585992057 0.066963498302678 0.0776247277152209 196011 2.73906396875202
0.285788544248859 0.06033177735171 0.0773908233033196 196012 2.77170512971467
0.23833723739097 0.0452967626780739 0.0772127805389531 196101 2.82018318692012
0.139420599725891 0.0313328723197833 0.0773910198481444 196102 2.88808894882567
0.122892904818676 0.0297403826960739 0.0776277345823891 196103 2.93293262457579
0.087649140701252 0.0295983743630176 0.0779802368936142 196104 2.97068222480722
0.0172403473301512 0.0335742531426938 0.0783844943310475 196105 2.98918973583234
-0.0960805392160751 0.0390668402890714 0.0787654351595766 196106 2.97022176749524
-0.153178387005699 0.0387752961854541 0.0790045000856488 196107 2.90576576218374
-0.119390099356675 0.0823855996312807 0.0793821544385128 196108 2.8178683902309
-0.1228035712428 0.0714544920501997 0.0797456198277915 196109 2.83103681033626
-0.15420348782211 0.0602536020287642 0.0802137207202108 196110 2.81890808154651
-0.179431471413028 0.0585360935546787 0.0807645850843271 196111 2.77654850938366
-0.119414389864822 0.049481981589551 0.0813069765106883 196112 2.72379241067969
-0.107190635176324 0.0429300696984199 0.0817213043758078 196201 2.6624474221819
-0.0197124168783215 0.0439839080002321 0.081873144626729 196202 2.59212569794847
-0.0613475707306638 0.0723563079550091 0.0819808080393063 196203 2.55755379988455
-0.0239720228601791 0.0682007060306187 0.0819956466064842 196204 2.54519285723652
0.0883491518285343 0.0688273979289713 0.0818265727180342 196205 2.53105233134685
0.195999869697909 0.0776089979842561 0.0813632729473725 196206 2.53301454584069
0.264462057863123 0.092686409725648 0.0807540738306113 196207 2.53999746157701
0.19981716473007 0.0698738325072695 0.0802355656099188 196208 2.52039026131504
0.22832448806659 0.051410825895326 0.0797109166774829 196209 2.53747063615116
0.266637811603935 0.0456073957751327 0.0791080445009375 196210 2.59420618355277
0.292449509580529 0.0508060962835561 0.0784434184960173 196211 2.67913476052749
0.181642177068027 0.0402138278819253 0.0779360907822716 196212 2.75974406131854
0.190296833764387 0.0265209358725071 0.0774626208949094 196301 2.81544653471961
0.164876631958743 0.0128987362563694 0.0772147253903859 196302 2.89984319841133
0.20445104223308 0.0148074691186304 0.076862149573284 196303 2.99120854342845
0.188940805925645 0.0271088838989714 0.0766062252777676 196304 3.10919893362388
0.146331386989569 0.0156410529140438 0.0766359542057442 196305 3.19092825428298
0.143189200586497 0.00105075772310814 0.0769373782347648 196306 3.26339855659581
0.176625748851128 0.00774432318651086 0.0774097325915113 196307 3.35685240127256
0.198021176713167 0.100573066935536 0.0777172889536685 196308 3.4682344780181
0.134520223205467 0.0990192883114701 0.0780947506055806 196309 3.44198963765642
0.176872960434691 0.0879149392590569 0.0785661082580764 196310 3.43134920908579
0.157824765463996 0.0882456685666023 0.0790994833237185 196311 3.42302015030101
0.166537453897587 0.0766334919012618 0.0793545646514406 196312 3.41630165529512
0.14895328058041 0.0772001620511114 0.0796298556417953 196401 3.42065745542625
0.161358944623939 0.0652360425604078 0.079840862513867 196402 3.42363737648238
0.150891780825021 0.0646734776805111 0.0801485419699638 196403 3.44022460721225
0.123989690204379 0.067551630074966 0.080416503211234 196404 3.45551869758319
0.153725456469019 0.077438449723454 0.0805784562426304 196405 3.4634703735379
0.132454403018229 0.0733193907930806 0.0807319139493555 196406 3.46732050399879
0.0638974482640236 0.0710605895465192 0.0809663732033941 196407 3.47270060093359
0.060953094385032 0.0770397687447436 0.0812518727241496 196408 3.47134792348316
0.102762056164701 0.0772383843575701 0.0813814794163183 196409 3.47053039051846
0.104702485608326 0.0794197181421403 0.0816132548556833 196410 3.47176707583964
0.124625613799662 0.0745561087445694 0.0817977863583668 196411 3.47250027318277
0.124924701584156 0.079010283613814 0.0820024715456596 196412 3.4768336789423
0.134841482575813 0.07960282347437 0.0821637987963458 196501 3.47877496953951
0.108292978203155 0.067632490611759 0.0823541717430467 196502 3.48096987819286
0.0922830304780787 0.0628506264819574 0.0825185305178237 196503 3.48687888963616
0.0806012479825299 0.0728027429167492 0.0826177438185092 196504 3.49143628431522
0.0714705386029332 0.0792666342698151 0.0827874519632598 196505 3.49177116667292
0.0221528091350609 0.0773230218168138 0.0829057066086288 196506 3.49140138186197
0.0644751537374186 0.0780013738889832 0.0828605563512782 196507 3.48834987164763
0.0343421744998772 0.0796115529888946 0.0828086429342965 196508 3.48750632599664
-0.0737605238818214 0.0833227009562411 0.0828558141239665 196509 3.48622404438294
-0.111590327314902 0.0837876684625971 0.0829073392925617 196510 3.49213041554932
-0.0980779124750222 0.0767530964084828 0.0830054999384608 196511 3.50196657422449
-0.0834328852432105 0.0791742131453119 0.0831039018202582 196512 3.49558902779661
-0.0914578948736454 0.0956597010231057 0.0832250671147677 196601 3.4936675527052
-0.020080792422766 0.102092336167778 0.0832836370004882 196602 3.52673525706465
-0.0001080893633567 0.120887922807696 0.0833046146076621 196603 3.55419881696611
0.0642899294141824 0.14050033028637 0.0832983277085339 196604 3.60136757154033
0.0810303658300398 0.141393275374757 0.0832708850423956 196605 3.63384489385525
0.0941367133353402 0.145136962265897 0.0831294080148323 196606 3.65549068471628
0.131240463538717 0.134218910833829 0.0830863265961778 196607 3.67026870156437
0.191865085355152 0.0726589943969718 0.0829740128816702 196608 3.65703222273804
0.264009741503299 0.0767478971169414 0.0826137036017541 196609 3.6736216328608
0.304356487213807 0.0833076550634136 0.0821682815124957 196610 3.69373218182331
0.234788241717887 0.0800277222078868 0.0817558188260254 196611 3.70162060765136
0.224221807556054 0.0589678451654733 0.08137867566605 196612 3.71000109087111
0.252177136906619 0.0510455781020253 0.0809849704939778 196701 3.75596085088185
0.132573509631388 0.0529661173754239 0.0807552755782579 196702 3.82956086888191
0.0870605481660561 0.0617435858302241 0.0805719119389345 196703 3.85212926115379
0.0499758926946076 0.0637896273062093 0.0805350748743989 196704 3.85573818300168
0.0993096828627498 0.0597455009818555 0.0805361929126735 196705 3.85148852362172
0.167065678623086 0.041354081632062 0.0805668247154272 196706 3.85886031020229
0.151756253018694 0.0601333658692897 0.0806806980610976 196707 3.9106357147636
0.0813595664684666 0.112598368576482 0.0809299904092905 196708 3.93193289639862
0.104623365393752 0.116111011848006 0.0813395647965254 196709 3.93780181816588
0.114532533012192 0.122452934058582 0.0818373704269211 196710 3.9354629135901
0.150466960468812 0.118908992157865 0.0821780182471683 196711 3.92966268628254
0.200046288095097 0.12116933797411 0.0824936711122991 196712 3.90869657486229
0.131074144359496 0.117846055119593 0.0828699093956568 196801 3.86619659838461
0.161134684053773 0.117502727154391 0.0829798731129925 196802 3.8537956533755
0.14001082007027 0.154636948848503 0.0829888812256924 196803 3.82988019540794
0.164756780349365 0.156073582661595 0.0829161653919235 196804 3.81232412895309
0.0938896654393139 0.146169641181484 0.0829521951006506 196805 3.77393578749752
0.0707484624379291 0.135649517061518 0.0831366544943402 196806 3.78972066291348
-0.00941786838296293 0.150773096344222 0.0832868067887042 196807 3.81422644329449
-0.0536511233597885 0.0430307375180162 0.0832825988404067 196808 3.91915800586039
-0.0205950547904024 0.0606756734291927 0.0833290928851853 196809 3.86680678721097
-0.0881120322737957 0.0689980247089079 0.0833969264506787 196810 3.84397782126014
-0.0416190571862051 0.0718106383914965 0.0835424145938851 196811 3.82217755410007
-0.131718462572624 0.0754214906900723 0.0837945874802514 196812 3.80884429847995
-0.116088324323828 0.0692097009635957 0.0838967031538567 196901 3.79808929901317
-0.1868238207018 0.0894491272258581 0.0840631643195892 196902 3.77287247007492
-0.0756148729784143 0.0917722182243179 0.084183481858838 196903 3.80784506438139
-0.111056122374258 0.0848111048599952 0.084356385932852 196904 3.82902062890402
-0.241692266355875 0.0753914655937229 0.0843767998075982 196905 3.83909535184483
-0.311518035199009 0.0654161480636813 0.0843476794286032 196906 3.82860131641536
-0.295995716311714 0.0698915750298665 0.0841477528874271 196907 3.77471482016205
-0.157252333669654 -0.0221769617023571 0.0838545637890288 196908 3.74207314446978
-0.158774693621139 -0.0251777159203566 0.083632802390771 196909 3.50359338860242
-0.0887718175442544 -0.0436383501034934 0.0832689362156342 196910 3.25697129772043
-0.162195680650518 -0.04375095173757 0.0830049024029453 196911 3.08783374151261
-0.079682845553964 -0.0485160533515498 0.08255189952325 196912 2.80543459563879
6.6175646963873e-06 -0.059074478425267 0.0821337095783088 197001 2.64806555476886
0.128851369348978 -0.0789349596553915 0.0815686727499892 197002 2.62838989493592
0.0901940908172096 -0.0462750750516064 0.0812391474968898 197003 2.89070087544534
0.138452939681596 -0.0509224627036108 0.0808368561373268 197004 3.0093603791397
0.283109369790499 -0.0461658212309214 0.0801635176770069 197005 3.21826107932699
0.311544309979618 -0.0354338418149657 0.0793475144418486 197006 3.65817379167042
0.367746939050502 -0.0267837001627187 0.0785671750847726 197007 4.09890643992743
0.254027297851375 0.013533113922318 0.0780779229919211 197008 4.58738111369209
0.246764268981621 0.00353442153663996 0.0775875449036953 197009 4.77094635854194
0.195832776370846 0.00294105959419388 0.0772438272126871 197010 4.97828720285644
0.172857470194649 0.000628373815022121 0.0767501375057527 197011 5.13338143168143
0.122690823648567 -0.0103884806796809 0.0764282589397862 197012 5.26941064422201
0.150013404226206 -0.0320547517336335 0.0762713356515416 197101 5.37149466738028
0.126550789487628 -0.0287673413838604 0.0763790816222331 197102 5.5538409042127
0.140023608723941 -0.0103083705596448 0.076407333174779 197103 5.69546886610851
0.105636545592047 -0.0102922752543427 0.0765339568615277 197104 5.8178308660598
0.0776949209461532 -0.0174795380647584 0.0769546807167801 197105 5.90018980209539
0.130674053399774 -0.0223208401212871 0.0774314889063388 197106 5.9591987331845
0.106345391724918 -0.0178014779043042 0.078020364058761 197107 6.09435121597395
0.143297551462596 0.0278416983453762 0.0783766533984222 197108 6.18987464197644
0.136464359964229 0.0308035477216924 0.0787168303996003 197109 6.2509901606075
0.133243745264187 0.0236659097948123 0.0789529512584133 197110 6.30339364163185
0.183744646583335 0.0194609955952851 0.07914189395245 197111 6.36368249066734
0.233149460886115 0.0193528977383075 0.0792293416024422 197112 6.47294284350823
0.156089404947192 0.00795402103116893 0.0793711934313476 197201 6.62686274978014
0.0997547992065579 -0.000609226689463283 0.0794655526234601 197202 6.73440411371579
0.0236157630332349 0.014792068495044 0.0795864269869341 197203 6.79775338950924
0.00632138487170542 0.00711286026020763 0.0796383196534782 197204 6.77916847035872
-0.0524407846749086 -0.000819753630420528 0.0796344560377579 197205 6.74639130914833
-0.0924220035814436 -0.000883871443887463 0.0797357250801428 197206 6.65730468417975
-0.0813452173938464 -0.0165482728047817 0.0797884174893404 197207 6.53074812403878
-0.0211876988068473 -0.00703877747828852 0.0799139296118172 197208 6.39882331075725
-0.0879756496733574 -0.0155815371774598 0.080025468922177 197209 6.33720778205318
-0.0270664383753262 -0.0195988990625231 0.080130229308677 197210 6.19753453077583
-0.0383265842519621 -0.0251244286365426 0.0803337939791576 197211 6.12681546978565
-0.216711914166097 -0.031927226615271 0.0806334325417203 197212 6.04071535171592
-0.214437050418631 -0.030401982177066 0.0807810958928073 197301 5.71584094196707
-0.180933587920181 -0.0459668934417918 0.080818153907092 197302 5.39324792555617
-0.134518224056615 -0.0459595996305086 0.0807066482718603 197303 5.08058061364052
-0.148940574389174 -0.0464288799282028 0.080561929860576 197304 4.83745079486312
-0.142424524008628 -0.0470070429999957 0.0803036721624488 197305 4.56989052439519
-0.157813415356759 -0.0382964055559798 0.0799689324807746 197306 4.31077231922492
-0.169810305887754 -0.0512591089005503 0.079656912848522 197307 4.03989219642968
-0.301397013370455 -0.00630649309374731 0.0794622321310405 197308 3.72791842425987
-0.361060657882937 -0.00860008574669413 0.0791396157884502 197309 3.36519378565528
-0.530022176504506 -0.00878259877821719 0.0789353733765968 197310 2.92440700333804
-0.374255120868485 -0.00320773001630004 0.0787103024406494 197311 2.29047018920601
-0.284883743352175 -0.00260696706126107 0.0781443594969583 197312 1.83282042582681
-0.324792304162468 0.00182703663885253 0.0775849304149018 197401 1.46718116332643
-0.196250443893092 -0.00762813033370835 0.0770915744638806 197402 1.07361726225931
-0.139075380175103 0.0287414304145867 0.0766885081809844 197403 0.786553833592718
-0.0860802099918769 0.0333768687005829 0.0762595555525241 197404 0.651103418563026
0.00602502229716497 0.0402697117188323 0.0758445952497515 197405 0.561409428214199
0.100786266360508 0.0410852394568011 0.0754020611387543 197406 0.533731191407916
0.174316915595649 0.0246804345455673 0.0749385216925794 197407 0.555750785508202
0.187611847134736 0.112940482725259 0.0742284546452907 197408 0.65050352349274
0.255193677909715 0.138110416895718 0.0734087011377046 197409 0.596204302984682
0.333264714732301 0.1558820174677 0.0722744325707079 197410 0.451422715467464
0.236641607555348 0.190946584907517 0.0714366660539365 197411 0.17508553858715
0.307292307805545 0.131374185924224 0.0707693993696554 197412 -0.0165902546829466
0.323811496539285 0.129860716903674 0.0700300316995019 197501 -0.20792599225874
0.309618108007616 0.113493058161827 0.0695332397674261 197502 -0.414949490577232
0.258021859316667 0.144545856387979 0.0691447693392277 197503 -0.564909621685539
0.254717677496138 0.122668221331924 0.068856247072813 197504 -0.743046365537881
0.198317662964476 0.13003965047099 0.0687396770825057 197505 -0.877897599398003
0.133697091062683 0.111967550412069 0.0687990226182057 197506 -0.973358451432715
0.126544325838083 0.113130931875806 0.0689940649342454 197507 -1.00276678266886
0.183572555230155 0.19781657065314 0.0692129169309252 197508 -1.02739551139721
0.206156937065038 0.226667472350659 0.069555422936411 197509 -1.1287235657395
0.268862991853626 0.218271228856537 0.070040182663977 197510 -1.27263381414193
0.191516498146064 0.224745571926617 0.0703458733518511 197511 -1.56583747133006
0.168946606730396 0.201583536976472 0.0707798411805209 197512 -1.67399834005975
0.238950294031707 0.19785370893452 0.0712424219032974 197601 -1.74245605749082
0.0824143395448742 0.200544204886633 0.071677414031225 197602 -1.95400636979037
0.059706642254868 0.214812765353678 0.0720168392503241 197603 -1.84529515617071
0.0228233101611189 0.251760940162331 0.0723490225925893 197604 -1.6574948608387
0.0388669712433165 0.24328492477341 0.0725776408146798 197605 -1.26522681648074
0.0377554670617889 0.245601257744266 0.0726883644564334 197606 -0.94587752039299
0.043767222368931 0.238261898850542 0.0727857531750259 197607 -0.616027808627884
0.0370039603297609 0.192077731111745 0.0729857293520207 197608 -0.325355261925964
0.0252183794412134 0.197284849861919 0.0732256774740262 197609 -0.146528561843717
0.00212448821453908 0.195020167349761 0.0735775431473708 197610 0.0681025461501505
-0.0172475755979951 0.190672689014433 0.0737892827434187 197611 0.32063605229552
0.0191980443224611 0.194745183251347 0.073959815582105 197612 0.595867908678505
-0.0319711852038209 0.209629640279864 0.0742549684952528 197701 0.815003670394765
-0.0511551688874869 0.214116879377562 0.0742695388006986 197702 1.18674713591025
-0.0442683683245359 0.250310418768355 0.0742435799833263 197703 1.61927028466113
-0.00107770369106581 0.257841241589606 0.0741520848412939 197704 2.19549825911438
0.0744786797237976 0.263036700314673 0.0740894114601252 197705 2.68147021756576
0.10788470878997 0.267932984252125 0.0740249895728941 197706 2.96240001873125
0.0464808375713326 0.278629819281375 0.0739714360026216 197707 3.1560275075031
0.114413016400914 0.262220310768126 0.0739061224413621 197708 3.57614445656717
0.169796626904878 0.269169468164977 0.0738202534060885 197709 3.73631214808402
0.160064922310992 0.266845645100467 0.073694028467371 197710 3.74428225701336
0.0806203085560265 0.2697355606098 0.0735342013951999 197711 3.77769190373816
0.0701349063480446 0.283147736342342 0.0734388748038442 197712 4.06035658866012
0.0790273668823915 0.288106301296146 0.0732542687442861 197801 4.41937539107245
0.184599545150808 0.284402319999947 0.0730367697274474 197802 4.76508466000357
0.165133962380997 0.304100389598182 0.0728320487186306 197803 4.75009159763481
0.194773526640396 0.319724707045222 0.0727032860837705 197804 4.83885193119366
0.121303893125708 0.323238050279715 0.0727063737248836 197805 4.85022286936461
0.0848601946520246 0.29873143733497 0.0727674472232605 197806 5.15608425980151
0.14197364597946 0.305764828462133 0.0727218898408482 197807 5.51808877341854
0.102597720629975 0.263423815094163 0.0727940198175957 197808 5.69515178043304
0.121495771289997 0.249464862686531 0.0729615545448621 197809 5.89391640959537
0.129728749520519 0.259449866639919 0.0731117327651486 197810 6.00638952963225
0.173803306105472 0.264554078226421 0.073124656303515 197811 6.11615221430666
0.200425745716426 0.247203365379554 0.0731195192761001 197812 6.10596958343451
0.210993358736792 0.245730100125542 0.0731296528054419 197901 6.00223066551384
0.223392362879782 0.236045002802506 0.073320525908773 197902 5.86938993040595
0.2487950700078 0.242732906083745 0.0734774719540247 197903 5.70131556064327
0.061597337461218 0.25210722631314 0.0736844618084383 197904 5.46950268760621
0.105202827896434 0.246922536783801 0.0737655852008016 197905 5.75904782697547
0.178129405069575 0.252425589324749 0.073784453584222 197906 5.91244249289662
0.168625181460534 0.25525389359981 0.073900224708832 197907 5.87457390291291
0.220695809240239 0.244345461848664 0.0739488645324271 197908 5.86702419313138
0.183707785223662 0.246376412934019 0.0740293161513063 197909 5.70862885455433
0.212583898459846 0.240298073531239 0.0741234030319975 197910 5.64898548624821
0.307531434489093 0.238797232916478 0.0742914973036222 197911 5.50945860294038
0.34767523298471 0.234864903975258 0.0745038445231724 197912 5.13176869470323
0.288017391106585 0.229572183221347 0.0747332386647079 198001 4.6590850670047
0.186006228273907 0.231468012717429 0.0749826667254715 198002 4.33263092314302
0.205480266444218 0.232635241672972 0.0752738097795457 198003 4.2530886606006
0.37639438632838 0.232448715823889 0.0752509394244983 198004 4.12617979569101
0.3151637650994 0.217705197993958 0.0753009425772061 198005 3.57972644906596
0.268755978123784 0.214971599652403 0.0754723233480267 198006 3.19854436926378
0.222562035720479 0.213260214590855 0.075627319784154 198007 2.92184464539594
0.151711979805113 0.194428923946746 0.07586829734139 198008 2.74794500816175
0.0683855448019089 0.182689922256237 0.076047135629752 198009 2.71652458842487
-0.0217215634388396 0.185112326406858 0.0762731898728482 198010 2.82495687474322
0.0178723466404639 0.175990926052031 0.0766554349052717 198011 3.10399304505382
-0.0390785701715341 0.176639369058366 0.0771026622948418 198012 3.28468221052818
-0.0346458017152219 0.14460678255327 0.0774501330177606 198101 3.56437216868514
-0.0185264198353386 0.148439911013832 0.0776286792270635 198102 3.73174497423066
-0.0853569157991503 0.173101407950678 0.0778386161518864 198103 3.89056924637057
-0.140894042745407 0.170069036658617 0.0783280518407003 198104 4.23618948394526
-0.0875821768206085 0.178311895778332 0.078715671666001 198105 4.66297685412453
-0.129841275638237 0.19616221188504 0.079026195042566 198106 5.03722953397636
-0.141220043132224 0.198052980880742 0.0792603481268693 198107 5.58669355041476
-0.15984783423904 0.229198312760288 0.0793783475269967 198108 6.17552592403977
0.0118069547507198 0.220658020286673 0.0793604730510209 198109 7.01048585728113
0.0907778728832822 0.233524864011074 0.07919637883594 198110 7.34725528853886
0.143629360929181 0.239940490641571 0.0790969881840835 198111 7.52047281326901
0.151925789577653 0.227007340203603 0.0789057655977475 198112 7.56688547466431
0.192245703746276 0.222674191008532 0.0787223220318138 198201 7.5729525107911
0.258953610531678 0.22866629490341 0.0785654692223507 198202 7.47881242429168
0.341211086923656 0.227761488746229 0.0783015040290793 198203 7.22798307017619
0.384069146696591 0.251276572999904 0.0779490996130432 198204 6.78490583293989
0.412213416242477 0.256723236675487 0.0776833993298431 198205 6.17730076169093
0.453978614719151 0.246381023395865 0.077350827735343 198206 5.46599644993683
0.512226316204678 0.25122268878839 0.0770011143419548 198207 4.65498819143202
0.499991546820214 0.195175348563203 0.0766227613889501 198208 3.63530850932402
0.390152743337692 0.196267028576867 0.0765193868967041 198209 2.89982896040761
0.388973266102468 0.174343965963085 0.0765420914922241 198210 2.36119030215028
0.24946153819816 0.179414410627687 0.076648748518356 198211 1.89906731961595
0.226016959405 0.16493594579756 0.0767682358851168 198212 1.66952863261655
0.203335265667643 0.167422554710593 0.0769512429657208 198301 1.49814925925252
0.149662166654931 0.163108077717349 0.0772392213954138 198302 1.36172694137526
0.0760981202426788 0.164651698532637 0.0776562385605453 198303 1.31454605188807
0.0556882520640105 0.168965115325681 0.0781395396774791 198304 1.38862516426279
-0.0126197038302962 0.173465035312188 0.0786656402704949 198305 1.50518838638427
-0.0779423811012382 0.169357349600363 0.079255755010194 198306 1.75505656614137
-0.0892846577051728 0.184891594721727 0.0799354576180347 198307 2.10466462027191
-0.0748043019937856 0.1380035506822 0.080593852742176 198308 2.55275328057085
0.0279495877667745 0.156494724882074 0.0810782954504632 198309 2.76002205451282
0.0118889669456348 0.156006212004816 0.081559381342107 198310 2.8913361731312
0.0406533563821015 0.15566018109103 0.0818213191843161 198311 3.04442136817344
0.00210128994393112 0.158756564639118 0.0820459229852829 198312 3.15487919517284
0.0371542754838351 0.160606506921713 0.082234553378257 198401 3.32998270046656
0.131691558173812 0.162835709738726 0.082339254641109 198402 3.45668209186513
0.191499961124644 0.176746915004109 0.0823295784637471 198403 3.44349459821213
0.175789187544652 0.181215612050358 0.0822883380204038 198404 3.33559879472225
0.170490499816316 0.178504353961118 0.0821416486203255 198405 3.25505152465231
0.279693428812836 0.17466114983422 0.0818946053645823 198406 3.18338534911665
0.272354484967706 0.179134771331339 0.0816308468698678 198407 2.92544429081701
0.290540478191377 0.166199708887448 0.0813901774100775 198408 2.66877438343083
0.180478882853432 0.162546977566743 0.0813080874106254 198409 2.40623091628752
0.139681873030052 0.144811514066925 0.0812016163669675 198410 2.3163259876257
0.183725509545056 0.157683334883812 0.0811395210224271 198411 2.28419361275434
0.26257833804924 0.154698743019343 0.0810186674580869 198412 2.1909774949497
0.282384792005376 0.161032127275085 0.0809516989207216 198501 1.99038433238157
0.2115426943958 0.155109513159601 0.081029046267144 198502 1.74562127024084
0.267510703412189 0.139611589763065 0.0811971907342026 198503 1.61293991350749
0.323064302464384 0.139832417113459 0.081340947568261 198504 1.43812358387944
0.317535816754414 0.144141351758314 0.0814762276171959 198505 1.20082634034625
0.311465419663289 0.149254701324551 0.0817765567099166 198506 0.952544260248966
0.308810159215493 0.135841380693599 0.0820648743018345 198507 0.693437621695669
0.248879879787781 0.162304439692436 0.0823797921324834 198508 0.481217130805245
0.316847409152915 0.165933089867911 0.0825277545619267 198509 0.278926217392039
0.272031224577371 0.175125406682312 0.0826138300415474 198510 -0.0447941569543753
0.276321235446879 0.177737012335222 0.0827658776798986 198511 -0.314085847201095
0.223301389870573 0.169846366059747 0.0830358663591318 198512 -0.598259075100027
0.150803729943267 0.154886733445465 0.0833347403106254 198601 -0.771325379572785
0.260020057015912 0.144529503803767 0.0835266683856032 198602 -0.818056021434521
0.233286537257121 0.148645380567278 0.0838016818908747 198603 -1.00336698751573
0.200815839339482 0.135641490469737 0.0841587902797904 198604 -1.16174830040709
0.191906192469736 0.126989079567179 0.0845065950882473 198605 -1.25974947657441
0.14695699169534 0.128931013825768 0.0848443314343411 198606 -1.33670096359333
0.174826931651353 0.11872705837553 0.0851771186970174 198607 -1.37366326407622
0.278154980355372 0.120860131498723 0.0854200011318702 198608 -1.42526592084906
0.254023085404407 0.129098756229428 0.0857628565511606 198609 -1.55926306334788
0.31740415960425 0.117503404350328 0.0860384014742763 198610 -1.69586044495036
0.010771456012989 0.142537903986431 0.0863194691758607 198611 -1.84712557502897
-0.0818051652203643 0.127936694454099 0.0865215074069738 198612 -1.72638217070789
0.015914631799028 0.115764816200544 0.0866161793105619 198701 -1.56733130810194
-0.061312190069562 0.119145165963217 0.0868711850130697 198702 -1.51599873882584
-0.0575984306233858 0.0942143293193231 0.0870861855303151 198703 -1.40796880950236
-0.0969484244864022 0.0830633831336428 0.0872529445534957 198704 -1.38880217212318
-0.0699590762385605 0.0826170997947465 0.0874061703923188 198705 -1.40992417314416
-0.0726495267678492 0.0786444975979839 0.087493232996563 198706 -1.42936646505425
-0.0644472871732485 0.0718704802998897 0.087620727447154 198707 -1.4625666802577
-0.114071851701833 0.0957379370990515 0.08789847417151 198708 -1.51458717820465
-0.180773174156118 0.0873012809751674 0.0881402858326932 198709 -1.48664204720717
-0.120689687654751 0.0774905348824944 0.0884735182073612 198710 -1.50310200922641
0.153457560792022 0.0809755909181106 0.0883607430808091 198711 -1.55872886575221
0.213204972841876 0.0962772100179705 0.0881141258224016 198712 -1.54842589152671
0.164657316578457 0.119463931618967 0.0880096403028309 198801 -1.57252086981279
0.185022690090951 0.100552707388753 0.0877938573109633 198802 -1.61518647953374
0.117698554618746 0.10059789009055 0.0875840560296727 198803 -1.64207529049747
0.158320875543541 0.0996964228691252 0.0873181590836841 198804 -1.64892442482381
0.196962708661158 0.11649102680049 0.0870918609033644 198805 -1.66730162966664
0.235331086864333 0.117882389699494 0.086862347415331 198806 -1.73051012668031
0.177457237472494 0.114653334876928 0.0866452604216602 198807 -1.82483489883112
0.260919439577288 0.145919363134422 0.086357700089105 198808 -1.87354797510171
0.310061985262083 0.147846431574748 0.0859755386094981 198809 -2.06911546853676
0.270510193443798 0.152093486318635 0.0856803025719778 198810 -2.34437315795331
0.222707159825178 0.139959593018411 0.0857769891029621 198811 -2.57636481954517
0.257110552726118 0.130105075767562 0.0859585104473196 198812 -2.71386792391344
0.253677325556675 0.134234215779758 0.086070457539967 198901 -2.86932652943315
0.113709079670812 0.131045704757504 0.0862110146884769 198902 -3.03280196123148
0.146905489204019 0.116968410274009 0.086255677865683 198903 -3.03814882653515
0.149152571386421 0.127430069690055 0.0863577532165015 198904 -3.07049832455968
0.0732994876672996 0.123839899004941 0.0865141958691813 198905 -3.11067333301158
0.119828232771572 0.118827351044198 0.0867243892180445 198906 -3.08412051476052
0.121638188016811 0.111315185062638 0.0868523622057095 198907 -3.09674450348456
0.0333284708652008 0.120198323104136 0.0870975271034159 198908 -3.10950780640511
-0.0878366722721145 0.0940142506531662 0.0874111198715716 198909 -3.05842113355665
-0.143518080927066 0.0947265119214629 0.0876682814917573 198910 -3.04249133980776
-0.125639482423279 0.0957944394447748 0.0878576768330384 198911 -3.02343166482539
-0.0757825317064802 0.0869219022850437 0.088094725678827 198912 -2.99988346726134
-0.0631865540102422 0.0784893951891158 0.0883263097346002 199001 -3.01342192949512
0.0631875997784579 0.0714799556389851 0.0883617605306005 199002 -3.05425623460864
0.120427966724885 0.078410406683012 0.0884434114771464 199003 -3.06092948976457
0.126460287021552 0.0813341363226364 0.0885279646246524 199004 -3.05280697410502
0.156020086769828 0.07408551958477 0.0885067845454349 199005 -3.04648309846633
0.109203226417464 0.0695179193652129 0.0885502865568601 199006 -3.02343704323713
0.0675604544576856 0.0452160827487534 0.0885961782371097 199007 -3.01045841101748
0.126050909130261 0.063032087771479 0.0885196301659575 199008 -3.00996177372068
0.253070869929008 0.0561835060118724 0.088275707202696 199009 -2.98114764448032
0.298488553948943 0.0625072101693542 0.0879555500367709 199010 -2.85732013235755
0.327823192526478 0.0603091761388789 0.0876609361988949 199011 -2.74094038252763
0.222171658927421 0.0432316655887516 0.0874358074552236 199012 -2.59815636897436
0.298280621858093 0.0296538395501703 0.0872286240144183 199101 -2.4424055490553
0.24498932480787 0.0254126979818303 0.0871956006294788 199102 -2.13230636653488
0.184695520374552 0.022852352603536 0.0872411868655493 199103 -1.86520886753947
0.13089232693111 0.0226667309661665 0.0872949116602836 199104 -1.67134458771976
0.142298351901515 0.0235412343527439 0.0873889269477111 199105 -1.55653728945344
0.107803750158672 0.0270584971421016 0.0874187279032709 199106 -1.42688165257367
0.133650324898471 0.0195133061803768 0.0873916361250368 199107 -1.35526677014646
0.127424549317667 0.0708392940759949 0.0874443054343082 199108 -1.22772045358446
0.0785760063280542 0.0600438060312684 0.0876696476989269 199109 -1.20911256023311
0.104336216690836 0.0606732593937727 0.0879560864302448 199110 -1.20606086725901
0.0999016196229706 0.0656786478290461 0.088281550617621 199111 -1.18685227628843
0.181318722219838 0.0645005115935834 0.0884629735286099 199112 -1.1746967379946
0.0930067475081913 0.0647615417725359 0.0887468945682979 199201 -1.11679647829421
0.107043113539983 0.0377812984333954 0.0889580329875406 199202 -1.10762933482851
0.0969299993880217 0.0668033431308829 0.0890872333753773 199203 -1.05509605563139
0.14548128424156 0.078203493956428 0.0891435744718136 199204 -1.0451520474017
0.103076018599857 0.0848559920261951 0.0892151152220555 199205 -1.0296303373261
0.127821978878952 0.0758166812422219 0.0892400999464327 199206 -1.02800815149602
0.153813166950515 0.0770465432336469 0.0892997109866367 199207 -1.01387797473953
0.112823018400773 0.0624621946084709 0.0893508166680456 199208 -0.993992202879546
0.173183175816181 0.0543750917573691 0.0893363925578181 199209 -0.970680271085911
0.160186316446156 0.0544053237483147 0.0893564457986376 199210 -0.887988992761413
0.163932377609183 0.0519815871299431 0.0893705248024084 199211 -0.815727315504522
0.104720134688647 0.0511108447014404 0.089493122398965 199212 -0.733979175346455
0.105407453680799 0.0523214039459052 0.0894978009943168 199301 -0.702823272853048
0.124597390509966 0.0583012859919162 0.0895211325269573 199302 -0.672576928923796
0.0973229725903071 0.0725031419096702 0.0895309716595749 199303 -0.635323931836718
0.0259940180340285 0.0761169353421538 0.0896051763181717 199304 -0.628774799987641
0.0639515372774959 0.0764229955126379 0.0896230184933793 199305 -0.647188798056741
0.0422829606748696 0.0848244054369087 0.089673546218757 199306 -0.653184563100706
0.00912181461073441 0.0791510557031082 0.0897582749119297 199307 -0.658508776635913
0.0406515199791407 0.0832241746384096 0.089788703333419 199308 -0.677906003217288
0.0445872102045291 0.0918791284712109 0.0898985774737125 199309 -0.685217972119401
0.0235975395258175 0.0874984493074138 0.0899910613407815 199310 -0.683215239962109
0.0244827129300614 0.0959747184270629 0.0900882246998727 199311 -0.687414677425191
0.0036282923516019 0.0945642118412973 0.0901074266814852 199312 -0.678210534751145
-0.00208094650501669 0.0910114965548942 0.0901274791415106 199401 -0.669442084320204
-0.010846951795815 0.0925145562062021 0.0901725968265478 199402 -0.668174198298943
0.0524427099643009 0.0921215460468508 0.090181943722971 199403 -0.663299551115459
0.124648900309571 0.0981527605179526 0.0900981474753353 199404 -0.661628171396855
0.140374040069114 0.103033423796595 0.0900640580226654 199405 -0.667563306101493
0.165334960112428 0.102050980227679 0.0900018430521604 199406 -0.68127255759991
0.224313491022194 0.0936423594586636 0.0898966674625097 199407 -0.701593167166692
0.234638279995637 0.108227269915945 0.0898327127255183 199408 -0.714936412385025
0.201918710820277 0.102424679153164 0.0897740285458543 199409 -0.776328096410994
0.258612448536783 0.0955814656137868 0.0896883077051547 199410 -0.809529947144916
0.231003180031439 0.100188982776821 0.0896039537662477 199411 -0.835789417916821
0.311165661093867 0.0875341625689524 0.0894928741003373 199412 -0.872476499839658
0.313335073245362 0.0906881431549268 0.0893747143318143 199501 -0.867107473767037
0.317922461115432 0.0842555370943885 0.0892455627002065 199502 -0.879549550044323
0.295467082586547 0.0763054866652166 0.0891981973813701 199503 -0.856906786379819
0.280547292677713 0.0715780712490969 0.089243763837576 199504 -0.793811635113939
0.280254709655194 0.0635594997634345 0.0893093996222121 199505 -0.709880118874318
0.273853756755676 0.0618144665984461 0.0894068682895073 199506 -0.582578932926525
0.235024477787347 0.0532104112696191 0.0895796040420459 199507 -0.448444301838702
0.137388469680097 0.0620091380486608 0.0897651010701196 199508 -0.300614481818373
0.158448065752475 0.0591178476954086 0.0899083368424697 199509 -0.257942937074351
0.174506525915205 0.0664004237841184 0.0901235206584064 199510 -0.193323767235198
0.197780812262496 0.0542309707930025 0.0903029851926395 199511 -0.136222569371602
0.219484739602992 0.0433826676337762 0.0905839809635062 199512 -0.0226835495962918
0.191921580673838 0.0374721351233999 0.0908670192002049 199601 0.158475515761514
0.218348910217832 0.0384271085875675 0.0911551606239552 199602 0.33061744211168
0.200294655318421 0.0292062181389223 0.0914141110953907 199603 0.535798133485899
0.142065303374114 0.027877621533923 0.0916535201860012 199604 0.756877366394848
0.16090735072766 0.03350673366225 0.091891954053851 199605 0.889932359179579
0.203292629395631 0.035027330549336 0.0921217038047371 199606 1.0356442740115
0.254449908085753 0.0358074042263319 0.0923019090682713 199607 1.23955460709779
0.385968268298754 0.0574849467887363 0.0923586931496464 199608 1.51737583093475
0.316643019061433 0.0597846418946258 0.0924418244359393 199609 1.81325389502301
0.319767281957793 0.0630723788673845 0.0925449207945816 199610 2.02844270919497
0.272664082688187 0.0481130500617849 0.0926769608089704 199611 2.22798027684304
0.241332662096125 0.0419741426935566 0.0928358677999404 199612 2.47338946876874
0.271650101735568 0.0249816531666164 0.0929598799562281 199701 2.71279303609747
0.22446146172519 0.0365994075636473 0.0931166162440551 199702 3.10536846569764
0.297038160547995 0.0220141933476694 0.0932504215362828 199703 3.35079948807593
0.394347484242463 0.0197170210633913 0.0933112879724896 199704 3.82241642552434
0.362150957194811 0.0313383571394874 0.0933954673781622 199705 4.5376382489924
0.265282163401159 0.00887389188281551 0.0935321553906218 199706 5.08736912768455
0.256823014621753 0.00697558819175148 0.0937320532200567 199707 5.60199432767586
0.161271528793816 0.0194329668650276 0.0940946291692859 199708 6.11257216157437
0.0291934739108303 0.00542576636523018 0.094370401647467 199709 6.33000789071794
0.0369147928745309 0.0311159994609472 0.0946493581825045 199710 6.28323541833367
0.14315465683679 0.0300106197170423 0.0948694011052557 199711 6.24088232561232
0.172139429710037 0.0342267906686146 0.0950502199459851 199712 6.38642155394671
0.217649827082467 0.0166917552574599 0.095267975657193 199801 6.57106203560871
0.24964394666077 0.0137174609921737 0.0954270809356019 199802 6.93392134879173
0.140054305973332 0.00576021110812114 0.0956750650433662 199803 7.39641601271676
0.12790279061917 -0.00277033205361271 0.0960419844772717 199804 7.62009972527531
0.162298486693897 -0.00929552383123361 0.0963684985542258 199805 7.84280247584429
0.167933458829966 -0.00821634109175368 0.0965755005944793 199806 8.19407033076352
0.183070747291892 -0.00970802552947031 0.0967716419825176 199807 8.55823424402401
0.172498413764179 0.00177394879323101 0.0968504926998908 199808 8.97809543620513
0.332744459906625 -0.0114150155223456 0.0967678833973401 199809 9.30947755219399
0.244239698331933 -0.0033868931612932 0.0966948918235318 199810 10.2573672154752
0.235546836189145 -0.0137446057981951 0.0967514810622812 199811 10.842044755187
0.210038648179241 -0.0304936662694988 0.096843193895186 199812 11.4730379030089
0.225129758985042 -0.0387354946801902 0.0969899820278559 199901 12.1268418762571
0.143086978352997 -0.0500023153731176 0.0971752416936725 199902 12.9045019031945
0.209493495052431 -0.0596962084873616 0.0972272163170418 199903 13.4040713340182
0.226578138710822 -0.066867769542279 0.0972643538161969 199904 14.2730330584332
0.119411897351233 -0.0829170010928169 0.0973429924291083 199905 15.2887717616952
0.10085083654849 -0.074405534726065 0.0974282466155827 199906 15.8622992866224
0.099613978011094 -0.0560506828071679 0.0975315548190524 199907 16.2968560860634
0.110492574621186 -0.0246278337322179 0.0976218763358537 199908 16.6397450968375
0.193041597889198 -0.0147156450988957 0.0979048156662638 199909 16.8961895957613
0.16687731468737 -0.0181449235812303 0.0980806989386985 199910 17.4012687648183
0.0814691307824103 -0.0121297423148227 0.098245724313549 199911 17.8312813701003
-0.0628486281286092 -0.0394641141897548 0.0983797685867692 199912 17.9522399840724
-0.124531270620217 -0.0325755534264733 0.0985315649824558 200001 17.6564471730739
-0.0442232629752723 -0.0321062678946851 0.0985848609314636 200002 17.1903248116633
-0.174316892302829 -0.0168395734641574 0.0987173682601625 200003 16.9496275543791
-0.300319477739629 0.0152516397107552 0.0988699467451871 200004 16.4102625402902
-0.159070230299054 -0.0189048751225493 0.0988944305957307 200005 15.9101237467686
-0.108734930028547 -0.0227325509765774 0.0988967596504364 200006 15.3644882761017
-0.174645298039294 -0.0229521039492059 0.0988976124665608 200007 14.9245106904925
-0.172605937691415 -0.0649978122954146 0.0989113832054618 200008 14.3027076841613
-0.308678053061332 -0.0588610024761988 0.0990230441955967 200009 13.5043881085032
-0.351997201729998 -0.0668052704025143 0.0991034402506817 200010 12.2122917300818
-0.30330442276783 -0.0596331003153988 0.0990825712453938 200011 10.6154326979863
-0.121335602937869 -0.0614916620190521 0.0988911632083087 200012 9.17652537302036
-0.120647473149103 -0.0461208734916856 0.0986273822946977 200101 8.48866882364907
-0.169775304044687 -0.0368376464541804 0.0984589263450869 200102 7.82979935453156
-0.0899114438275226 -0.0291648471541828 0.0981376356281871 200103 6.9857545768039
0.0237123889882976 -0.0105011109551389 0.0976688625536368 200104 6.47592579985985
-0.108119297710883 0.00201460506663009 0.0973671714927053 200105 6.40698899562472
-0.13094311127614 -0.00944550358006668 0.0971252676176803 200106 5.92478175629755
-0.187635065357725 -0.0012022529572206 0.0968066620307437 200107 5.31761792441069
-0.252873298147549 0.00942374361759751 0.0964911906024976 200108 4.56322477249897
-0.183021268227937 0.005782737520587 0.0960173084461656 200109 3.68423833514178
-0.196736780212417 0.0179490625638045 0.0954939270090439 200110 2.94840552285784
-0.146408111425215 0.0113363074902135 0.0950285847105878 200111 2.24920740358211
-0.161657015350342 0.0122530933982872 0.0947764119977108 200112 1.63237616734727
-0.237262843127595 0.00712398885483057 0.094525627498122 200201 0.962053381468064
-0.249187766583107 0.0165482234515438 0.0942183008335373 200202 -0.0184998818094195
-0.245413214792341 0.0219494470409777 0.0940044451486813 200203 -0.982569166499836
-0.276355554882633 0.0252108319244418 0.0939228998399105 200204 -1.91806964846313
-0.144616182976963 0.0309710309686468 0.0936887837361437 200205 -2.96570660411344
-0.0725498700541928 0.053785202654153 0.0934287931169165 200206 -3.56654028823302
0.0159670454497311 0.0490098895210265 0.0931038638007609 200207 -3.84142500217644
0.123586614569529 0.0592015715892387 0.0927043520664095 200208 -3.95280220965126
0.141021185704745 0.0462842711984389 0.0923863294363122 200209 -3.8837297967383
0.237049956292437 0.0435469348890075 0.0920532382961639 200210 -3.74091581175016
0.219957119651561 0.0598658510741153 0.0917788293781876 200211 -3.39679632727554
0.175033903580882 0.0380707348788751 0.0914875238095341 200212 -3.20588538995934
0.275964909598283 0.0377689471699706 0.0911100836637969 200301 -2.95020978770666
0.322932239954493 0.0449411817885598 0.0907198338355321 200302 -2.46957376123842
0.355488828923354 0.0481256141252684 0.0903348017065196 200303 -1.97255325541246
0.331282806101721 0.0448069054001204 0.0899152475227792 200304 -1.45023332453
0.233708247687127 0.0447693853756544 0.089647211602208 200305 -0.916504405074225
0.186344425898039 0.0401777489428476 0.0894620551162989 200306 -0.571946702274229
0.190473007403802 0.0446126635828613 0.0893782523686745 200307 -0.29285048229728
0.12615577272245 0.0720401863196609 0.0894172140568304 200308 -0.0341917566921035
0.104239791906276 0.0770432203331293 0.0894759216468736 200309 0.00284841774431666
0.132863037423371 0.0828576457796 0.0896436194135162 200310 0.0150921179891017
0.0884626587933543 0.0860275140420061 0.0897915348507898 200311 0.0299524858074829
0.120195950757745 0.0897068544131507 0.0898881815273546 200312 0.030050268137094
0.112694472995795 0.0938339632068718 0.0900989139487259 200401 0.0303156495313428
0.064393330304151 0.0888805828171048 0.0903623000641171 200402 0.0266824567516921
0.0701915874214609 0.0952904726202971 0.0906618780628281 200403 0.0249304303778342
0.0648111369002573 0.0930454546247232 0.0909334592457162 200404 0.0298881874530532
0.0581733795699334 0.0996593308346255 0.0910944229305431 200405 0.0325905022528605
0.0841108710417133 0.0917669963135087 0.0912016864473984 200406 0.0475772439879951
0.0728648217670858 0.0899137276032554 0.0913133527251896 200407 0.0477737465281347
0.154028228874293 0.10013490907746 0.0913525015117034 200408 0.0466097408945654
0.14288745022428 0.102493031690065 0.0913669653617534 200409 0.0225666325712526
0.133701746839227 0.10095446155881 0.0914134856219122 200410 -0.00149447514530276
0.100764188069349 0.106070462230462 0.0914101812245677 200411 -0.018356177997858
0.0933819581004298 0.103564971862587 0.0914423800719203 200412 -0.0197541741211005
0.0588110991327837 0.110924751223464 0.0914661254271425 200501 -0.0174005602687766
0.118493134082896 0.107708355443519 0.0914359102540142 200502 0.0214540459935852
0.0986003508364606 0.109737375799246 0.091412226505037 200503 0.00694847465111392
0.134491642621202 0.112071618222922 0.0913826039108223 200504 0.00865365084063985
0.169625358368122 0.112265489038524 0.0913456637280182 200505 -0.0233011738062894
0.0995593482607645 0.102591790649999 0.0913376250694778 200506 -0.0903212473668313
0.0920910536532386 0.102482308849814 0.0913171225130934 200507 -0.0917013874662365
0.0475258228381167 0.120314128821373 0.0913866470212544 200508 -0.0891664515799917
0.0809730929018666 0.122606927145454 0.0914436800259089 200509 -0.0095106227635533
0.0954539645723257 0.124454760906982 0.0914904256750387 200510 0.0288399623591951
0.148862069516864 0.126739942730092 0.0915006729263031 200511 0.0483335858997958
0.131487208744528 0.123871570285991 0.0915027494000052 200512 -0.0178353433731182
0.143407484986357 0.115403843957077 0.0914667056841648 200601 -0.0542751441997336
0.128302193636906 0.116243890451793 0.0914964704731502 200602 -0.0995889576978159
0.11197612306532 0.125409352944254 0.0915042855230549 200603 -0.128242656699107
0.104880399985054 0.12351473046518 0.0915515243770089 200604 -0.133904380966055
0.132586786419418 0.129542572134684 0.0916372256217851 200605 -0.12989569622246
0.200339988326123 0.13061763814555 0.0916459121597664 200606 -0.169438698679669
0.184117152819236 0.131559304154337 0.0916463997189049 200607 -0.335038893700101
0.154057321650613 0.121527255142767 0.0915981277529522 200608 -0.473466192956873
0.143163647013468 0.118700814733668 0.0915865156930057 200609 -0.541620771942752
0.155700863564312 0.114363026229119 0.0915907377987691 200610 -0.591103535645998
0.140926100243686 0.108711948325234 0.0916531929042414 200611 -0.648970626130274
0.0739105427003246 0.109333811180476 0.0916965850783594 200612 -0.682528725520792
0.0552724390186594 0.110032007828987 0.0917528537398479 200701 -0.660176699830139
-0.0264327521979738 0.110394614217745 0.0917925812832143 200702 -0.620559413385013
-0.0405535230000112 0.107637131326037 0.0918144960951384 200703 -0.50895880087567
-0.0592213972797188 0.11282147229286 0.0918286673574919 200704 -0.404292766867664
-0.0510760788999753 0.111056888408093 0.0918728256663347 200705 -0.242425840136229
-0.0667310245081532 0.101355436186507 0.091990214370512 200706 -0.101326501865406
-0.137328770509444 0.095409549007946 0.0920898110607268 200707 -0.0270757337005101
-0.109681000811784 0.115396768335842 0.0921567306185993 200708 0.0105943646456219
-0.106528288840791 0.104419274292368 0.0922117542608807 200709 0.259096980828522
-0.23661629418078 0.0985991722092989 0.0922801692493542 200710 0.388146522665911
-0.445733142681491 0.0877125563179365 0.0923325330071522 200711 0.508159089491678
-0.481329398722564 0.081606748228696 0.0923127244154244 200712 0.410349524809583
-0.458060972990473 0.0753641035948919 0.092272938931647 200801 0.0752250010571553
-0.479275358202094 0.0752478651398278 0.0921455723102633 200802 -0.543454371676799
-0.555589452841207 0.0828404650088367 0.0920033439122887 200803 -1.34389249193083
-0.462057996676012 0.0833823945503526 0.0918414330544814 200804 -2.14323461642649
-0.411624013937272 0.0831672175701552 0.0916885801005195 200805 -2.99105242660358
-0.381030554390686 0.0760677238632302 0.0915193283861939 200806 -3.98432391079075
-0.290319499622866 0.0776997234821511 0.09127509348876 200807 -5.65085418179871
-0.20964228889094 0.0502687778201131 0.0910608545822562 200808 -7.12299703902943
-0.193251678050657 0.0611546297428532 0.0908504295093882 200809 -9.65015194154335
-0.0578657746570473 0.0689304287658593 0.0905020606543987 200810 -11.8539553954463
0.104031356253245 0.0797260118622515 0.0899322039027133 200811 -12.6623502339754
0.239676169882796 0.083331111056508 0.0893257690803935 200812 -12.6276441060245
0.249651802729859 0.0696655286418091 0.0887452953348253 200901 -12.7258773825299
0.300161159095467 0.0737485224788343 0.0881435785408243 200902 -12.4076060556748
0.439956951173114 0.059384972086662 0.0874623795658168 200903 -12.3314358016895
0.415337750589309 0.0581903023341808 0.0868814912188382 200904 -11.7045534539249
0.338111701564922 0.0558395306535111 0.0863550862503523 200905 -10.7413648628393
0.20524542369721 0.064723298579152 0.0858620634226719 200906 -9.32074335101094
0.143755483355345 0.0561377831264204 0.0854656655690939 200907 -8.68343818377686
0.136395315969829 0.0842598948200912 0.0851550256170307 200908 -8.07072059313594
0.0547708147294526 0.0873159373374598 0.0848622740884632 200909 -8.08915252267919
0.105895971243551 0.0956700503340672 0.084712349667512 200910 -8.07671378752746
0.170299743543127 0.101718993764834 0.0847326214477699 200911 -8.13557887112955
0.122271888211963 0.0882255970442033 0.0848950360687709 200912 -8.63861475893397
0.161114501928076 0.0788328106290548 0.0850675562432852 201001 -8.69485649313953
0.215094581025842 0.0893093781781286 0.0852925495517079 201002 -8.61819664444912
0.216061231656937 0.0947866882161947 0.0856631497623886 201003 -9.02129676437675
0.159367455573846 0.100242781379109 0.0860072777381996 201004 NA
0.168054250719422 0.101300065074379 0.0862701603490721 201005 NA
0.237351027390296 0.114288831005851 0.0863940929150597 201006 NA
0.276795684192148 0.117496054305136 0.08645378218711 201007 NA
0.185815000196322 0.119730894742211 0.0865056964633914 201008 NA
0.172922504173645 0.114701264757705 0.0864727422767518 201009 NA
0.00277663603211826 0.109888787008169 0.0864928908545182 201010 NA
0.0721223826530546 0.10530311859621 0.0865797373339882 201011 NA
0.0632369850044524 0.100178978451841 0.0866166857303423 201012 NA
0.00454113936416084 0.103705442324482 0.0866937258711879 201101 NA
0.0340047533708992 0.105026789435989 0.0868263713827113 201102 NA
0.0428543686478818 0.0987907802407531 0.0869597406915598 201103 NA
0.0688911098558353 0.102505956577502 0.0870343878203045 201104 NA
0.0317673219816365 0.106453536602053 0.087117827431941 201105 NA
-0.0192434767414097 0.0979042998020149 0.087272388337248 201106 NA
0.0365739195916599 0.0913059478870247 0.087467170758476 201107 NA
0.0683258184336871 0.0827964924606345 0.0875681438893157 201108 NA
0.155266286010063 0.0786542029399704 0.0876556868229407 201109 NA
0.261232613149235 0.0730051958880324 0.0875687205823763 201110 NA
0.136069470195229 0.0683948358780619 0.087552910615202 201111 NA
0.146742355906659 0.0640451792340071 0.0875280477055795 201112 NA
0.151199353330823 0.0631499211537431 0.087443280689909 201201 NA
0.156137166041417 0.0644288481289602 0.0873887515803998 201202 NA
0.125703627757716 0.0612536072289321 0.0873433546559019 201203 NA
0.134586567310668 0.0542701121930175 0.087324564182582 201204 NA
0.158602469181341 0.0506135157358394 0.0872680461335475 201205 NA
0.250009769302094 0.0485513525525847 0.0871598027159916 201206 NA
0.199774726973476 0.0531102696182403 0.0871084464894695 201207 NA
0.246867326668755 0.0770951993877113 0.0870893971709545 201208 NA
0.194115542483731 0.0709127625441194 0.0871584720330002 201209 NA
0.204090929061796 0.0702616945307587 0.0873346604349397 201210 NA
0.262695850629471 0.0704882566712144 0.0873839372901068 201211 NA
0.285550064893616 0.0757218784631701 0.0874438952887094 201212 NA
0.301432751706575 0.072304765857459 0.0875082297569658 201301 NA
0.213465067540254 0.0795641404161838 0.0875774121524139 201302 NA
0.246098826733557 0.0773697676802257 0.0876158071328824 201303 NA
0.210880475056 0.0763009545032506 0.0876630614187756 201304 NA
0.193499096918018 0.0744655039790123 0.0877343573059741 201305 NA
0.186274619532778 0.0685028778296609 0.0878972844264522 201306 NA
0.224112408653074 0.072872263494546 0.0880094985112536 201307 NA
0.148539896674975 0.0960959065155195 0.0881686746917721 201308 NA
0.21744368343887 0.0959773208477517 0.0882747276124848 201309 NA
0.160540326095318 0.0950072283999304 0.0883905438139341 201310 NA
0.144478055274142 0.0937360376025103 0.088564674989574 201311 NA
0.1389351811616 0.0878135779966059 0.0887612671950671 201312 NA
0.110622562523032 0.0869914760213563 0.0889733025734435 201401 NA
0.112792321084662 0.083067236113861 0.0890972983552829 201402 NA
0.126835629966385 0.0849715399666902 0.08925351878153 201403 NA
0.111281656270518 0.0807167200365167 0.0893744203285225 201404 NA
0.11906612671827 0.0817706438899354 0.0894778211990185 201405 NA
0.112183787095328 0.0750065392721752 0.0895738497687941 201406 NA
0.0710003264809208 0.0684704603242652 0.0897071882810679 201407 NA
0.106893903916202 0.0822214023568797 0.0897654384873985 201408 NA
0.00316306795568324 0.0751774270103076 0.0898917275526324 201409 NA
-0.00812141781343485 0.0718492827630245 0.0899615384207575 201410 NA
0.041634409674552 0.0616740668857636 0.0900153553179475 201411 NA
0.0220384894381543 0.0659557357141842 0.0900635997221325 201412 NA
0.000801974901012368 0.0539689141451958 0.090083854857897 201501 NA
-0.0269296195926238 0.0613061373138062 0.0901062057104824 201502 NA
-0.0869243164199457 0.0572419369823679 0.0901423211718943 201503 NA
