"V1" "V2" "V3" "V4" "V5" "V6" "V7" "V8" "V9" "V10" "V11"
199507 -2.4811040139161 0.420427185170653 -3.58340511613282 0.088663156829445 -3.20794367882618 0.624570185736292 0.57743201463395 5.73835568352965e-09 -1.16070441641349 0.0160464514063942
199508 -2.48020010503049 0.42294281726777 -3.58341012354404 0.0899498564033121 -3.20924885266056 0.62469242930365 0.580965212899853 6.40227386832446e-09 -1.16565049506472 0.0167423773580644
199509 -2.43346322358109 0.459141069508352 -3.50610178289088 0.109087352901418 -3.17964922167122 0.651063497116897 0.628312525466057 5.33140384780957e-09 -1.10872405227225 0.0141355554609684
199510 -2.4196247962909 0.470721573554794 -3.49265879719638 0.113446406110589 -3.14901522256685 0.682375305242195 0.657135980844992 4.96565403523312e-09 -1.07972564065868 0.013141421152109
199511 -2.43707374466768 0.463307045824043 -3.52274001994659 0.109976282815034 -3.16690835344096 0.674848763166275 0.653210568487472 5.80873554023171e-09 -1.09791703855555 0.0141211545223237
199512 -2.44571373674389 0.45708524151912 -3.55210330408031 0.103527277810797 -3.1687134751188 0.669823120945702 0.725208882472872 4.309038065048e-09 -1.18062252636886 0.0188972701656058
199601 -2.44534222222659 0.460302834552903 -3.55404067273268 0.104975519400652 -3.17427507756263 0.668005518635257 0.724376055505682 4.95469167571816e-09 -1.17726728140977 0.0190087918242925
199602 -2.43875610855298 0.465501435442504 -3.55329188849427 0.105678736867774 -3.14416241235507 0.692926549460054 0.755229923582168 4.74466066520756e-09 -1.18910234777472 0.0205362409835673
199603 -2.43889922607583 0.466876496103707 -3.55317488404856 0.106882849547336 -3.13951950172442 0.697095164978067 0.755504389006245 5.49272775232712e-09 -1.18848455303997 0.0211459176835572
199604 -2.43810575899481 0.469343906917136 -3.55254884767733 0.108509888260269 -3.14138071716306 0.696740280300833 0.740597987633262 6.59348413817168e-09 -1.20001949138384 0.0222565667848863
199605 -2.42866490419777 0.475729380139373 -3.52064985106999 0.117110538698918 -3.10832659232005 0.7258238753346 0.783162044908037 5.76181041289723e-09 -1.14722615041265 0.0195680796278086
199606 -2.43222592494394 0.473035398315014 -3.52650149127602 0.115979945336469 -3.16285867223502 0.677945205925583 0.716911375174401 1.03799478476583e-08 -1.16053283390409 0.0214404698037951
199607 -2.37692374096639 0.523940199511428 -3.45116495195723 0.142388420875551 -3.0662153824726 0.777997258266198 0.917677418287233 2.61745103197461e-09 -1.03611192903408 0.0139996257213259
199608 -2.37683276357077 0.525720834814792 -3.48313112822993 0.134897082334375 -3.08031306282586 0.769854907272303 0.901166051907321 3.25465548227882e-09 -1.03561175345745 0.0143919864251041
199609 -2.37590754999151 0.530135246475335 -3.46124712123339 0.144287296257424 -3.0557105712282 0.802693796974954 0.94971665243907 2.40824659442314e-09 -1.02939195425478 0.0144996667710907
199610 -2.4343282683208 0.484115770468028 -3.49908713884033 0.130991810828272 -3.05777226959265 0.796076447444691 1.00463316054152 2.05501098679607e-09 -1.04214636718898 0.0160910287688393
199611 -2.38887271364325 0.52417635900127 -3.45868362829289 0.14925665272654 -2.9978363058536 0.85974618497768 1.10127790438492 1.11526270433673e-09 -0.981931265932778 0.0135900497983494
199612 -2.36009332977631 0.541109272164289 -3.35468593112866 0.17813576020725 -2.96462073124348 0.897800609872401 1.13690946963753 1.01122404522073e-09 -0.977506234721703 0.0139099767864035
199701 -2.42703279533607 0.496276915445662 -3.49878791589859 0.132656292851146 -2.98511803300709 0.888347760310522 1.11948134152484 1.20747911395388e-09 -0.995712465629195 0.0149480493793971
199702 -2.43774327888779 0.48262469180757 -3.42604058212006 0.150943565383966 -2.9726991360707 0.890038503123256 1.02610002765857 2.52800078006392e-09 -0.966509328627141 0.0146257704855401
199703 -2.38934963907407 0.520801567740282 -3.30934620907857 0.198201289206901 -2.97109660471064 0.907278598607351 1.04258890721701 2.21249029903121e-09 -0.949232226186614 0.0134539443038693
199704 -2.40171943552139 0.512030579182673 -3.48637419531896 0.138178805642279 -3.0311294331766 0.869366831963519 1.003728945146 3.17777459767495e-09 -0.958954878804619 0.0143286252895984
199705 -2.52277568372667 0.435844857635662 -3.72726198412405 0.0819975794968349 -3.15748475409301 0.768022454020264 0.829670150536033 9.53555334242077e-09 -1.04038219679181 0.0189293949027023
199706 -2.51585962799561 0.444629846678714 -3.73400806698452 0.0834235635122315 -3.17220480701883 0.763028807913468 0.821501726485907 1.14532614585556e-08 -1.04777227863007 0.0195938369656091
199707 -2.66013728224523 0.362573268939178 -3.93215126596755 0.0518446420798354 -3.39348798642025 0.606006587766769 0.57270796740716 4.82883541560129e-08 -1.19994873908333 0.0302068821791245
199708 -2.35354321233485 0.553186219563568 -3.4459416114571 0.142188264546664 -3.0500762544472 0.875220754592826 0.830954629992653 1.58156556126886e-08 -1.11075925380013 0.0269855989590196
199709 -2.21086303027558 0.66013273158218 -3.19092786169395 0.221214328873769 -2.89081703410834 0.986592153253478 0.993533048273199 7.25848385020391e-09 -0.960093367605008 0.0182687368708567
199710 -1.7931521417504 0.970588607844092 -2.92471408145845 0.327506811598724 -2.76425305788324 0.876721201114704 1.27984836824442 1.48447812396916e-09 -0.810871336906294 0.0127223998659321
199711 -1.78675448875276 0.978760519307499 -2.54391745976379 0.495520309298572 -2.86714119263891 0.966733232318111 1.28061637954722 1.72665839355858e-09 -0.805471296685978 0.012791944487637
199712 -1.67641663594169 0.947160947348954 -2.48596645209711 0.53101813432594 -2.85535098920113 0.967870591256962 1.41513444905945 1.08273861682607e-09 -0.853696729834108 0.0164661162565962
199801 -1.8339336490734 0.860540192528779 -2.46931116939468 0.425096501999654 -2.84883247917898 0.966039607299591 1.39661267131674 1.51064978743533e-09 -0.808926456931669 0.0153182459634666
199802 -1.77507630318665 0.916522474217927 -1.92294374972768 0.779017495129791 -2.99325656178695 0.929789821981009 1.36904435440609 1.69986320875929e-09 -0.814869628822046 0.0157346483113634
199803 -1.79320655040414 0.903797197362543 -1.94507758453886 0.767827829400472 -2.95168211665846 0.9772902001765 1.39162096289528 1.7004900990713e-09 -0.773640934802922 0.01417914367211
199804 -1.79568107056718 0.900686212482307 -1.96940930067253 0.743837300127346 -2.93560567081748 0.988833097094108 1.39232182415415 1.97243458475783e-09 -0.777666785962472 0.0146559391448971
199805 -1.79130442936888 0.907686487391244 -2.03234914574781 0.694161176762881 -3.01655994890959 0.929268732370995 1.35442334687337 2.56932761036086e-09 -0.791199217806482 0.0155250125091914
199806 -1.78912044726489 0.909702674044586 -1.87448475998335 0.800799433031053 -2.97577143466856 0.964648014155188 1.38169520545987 2.36966804083124e-09 -0.809100115479877 0.0165989691406903
199807 -1.85412167237533 0.851260154492302 -1.96842791820619 0.723988173480902 -2.92662441210993 0.983411767956445 1.47781969267085 1.58758446010648e-09 -0.704695537728117 0.0126785618217164
199808 -2.44705925572344 0.489414999916244 -2.90767436038801 0.236532649498094 -3.22513216142237 0.998968213770459 2.22615881523837 2.39673210328304e-12 -0.241301794131665 0.0017468150736311
199809 -2.45335830706528 0.489494618718022 -2.9076274511608 0.242425859221995 -3.37637698017041 0.897941951235145 1.52439673151865 1.1030998705392e-09 -1.12408946499523 0.061764384943362
199810 -2.74829296076127 0.334321615818106 -3.19173192837214 0.151257496995408 -3.81588578365788 0.562724401576257 1.36982585705419 4.57799868690665e-09 -1.52140508368777 0.196089087325374
199811 -2.60246127786961 0.412973158450748 -3.08793532764227 0.184357924458087 -3.56926004660598 0.758934245867209 1.26884454609241 8.75642114928291e-09 -1.44207562342591 0.163905554762783
199812 -2.53192041110115 0.459285767387977 -3.02859084845921 0.208203219791386 -3.34298489753018 0.946327071704959 1.48614669068295 2.6156468991429e-09 -1.20482167152172 0.103568334251667
199901 -2.53547864304744 0.456883302772398 -3.05620914439904 0.197906965507449 -3.25038578023595 0.980976295621642 1.44482682720137 2.85546891428906e-09 -1.24573914589898 0.115075620924922
199902 -2.66283799888782 0.390019165120053 -3.08977487189903 0.184335745189999 -3.77849757048496 0.600556519492701 0.948751861180164 4.7627782006029e-08 -1.36366868751914 0.154246371562556
199903 -2.69619062495852 0.369051365749832 -3.13335638118859 0.16972393342537 -3.82839872430034 0.554987076485895 0.976132908453387 4.537351347002e-08 -1.44701511336613 0.172622841270669
199904 -2.81655056040557 0.30182666828269 -3.26861711792457 0.128773500937046 -4.07222274327694 0.359103779146054 0.930910706173704 7.26693757214326e-08 -1.48908815035591 0.203756414599934
199905 -2.64040710179945 0.355724070682378 -2.794273705731 0.252359037472535 -3.71451565147889 0.505115024133137 0.789982000357659 1.8155084359942e-07 -1.6143519616189 0.251387339023442
199906 -2.69830163977642 0.31146255764423 -3.00549922661704 0.171373929376187 -4.04876682142812 0.313241568869029 1.07023555585236 4.47861536855851e-08 -1.60213608022359 0.250195378220737
199907 -2.45370963411207 0.431535762008325 -2.77050635804992 0.242565534438587 -3.91747989840021 0.38123806784243 0.513968172696411 1.49810271336317e-06 -1.75071099755992 0.340460602065837
199908 -2.37844014796222 0.479388895111296 -2.757564828621 0.248522256060604 -3.85153982594841 0.417161964653304 0.502825877796254 1.74653366851535e-06 -1.80278197073203 0.363994791514643
199909 -2.55992509687837 0.380095973014075 -2.88533241863167 0.209277978088599 -3.90551787072388 0.354048689233253 0.343510244037104 5.33657339812113e-06 -1.94607074840398 0.459477645649912
199910 -2.41263025715903 0.454091200719053 -2.77315485940071 0.251377931544551 -3.53731392550636 0.575130670216598 0.532296811748079 2.27704042079585e-06 -1.84921724525724 0.399816307694322
199911 -2.11552500328913 0.560882581886773 -2.47543812440136 0.348116730577811 -3.25912999477169 0.623649314064482 0.579499669202055 2.01603774417785e-06 -1.83775081437367 0.396891843267324
199912 -1.8087809631876 0.700046836105197 -2.28936493227618 0.425671059283071 -2.04610996803283 0.61778522185335 1.24586754674775 7.80113944737167e-08 -1.83486169309637 0.385609606560192
200001 -1.92518540907098 0.615497735009627 -2.54316549392215 0.305453457689416 -2.21452956971482 0.724591588925325 1.91373768862003 2.99211654147177e-09 -1.42330951264309 0.239922128283507
200002 -1.68317864173946 0.740283790282611 -2.21876610669842 0.440368377715649 -2.14425645858898 0.783676945849911 2.39341713644565 4.01975816665294e-10 -1.0771596150744 0.13447717307273
200003 -0.927313955554321 0.73759192140907 -1.45523123860463 0.873435693687158 -2.41162313346639 0.977670880859237 2.22165209463087 1.23339718869325e-09 -0.806941736644351 0.185461253181071
200004 -1.3324084937413 0.872946461159155 -1.51151627762576 0.792187496716475 -2.36740130784021 0.882957181258863 0.476266102877221 1.43779427244382e-05 -1.72469565086151 0.857482154350913
200005 -1.91958024887282 0.401224940846595 -1.61015715195907 0.657141353722588 -2.70206576640195 0.551714266416853 -0.358971464181401 0.000831350676241109 -2.22912028825244 0.675426822371686
200006 -1.87929560658051 0.409212173959367 -1.61866766793823 0.650027850209927 -2.476668917199 0.688224505687498 0.362397352934718 0.000100405375979063 -1.71887484064959 0.984486560254007
200007 -1.88597913525299 0.408085027315702 -1.5683191193427 0.684640046147308 -2.38212888976657 0.757369020802301 0.343176891006436 0.00011138582975947 -1.73139141094794 0.977730913025447
200008 -1.70825263032299 0.504895364414858 -1.44260459718419 0.766048104813573 -2.06262947948377 0.974950434263189 0.740716534527941 2.47029224893239e-05 -1.49445005709832 0.859259553053879
200009 -1.6533993081967 0.538447994313999 -1.37263391562872 0.809752195514562 -1.94522508038764 0.96578334919654 1.29005379423874 1.91576737933643e-06 -1.41743969432182 0.821091457643767
200010 -1.64479532084763 0.538515165997042 -1.40557179427232 0.782510396306819 -2.00710355654541 0.979954186520084 0.998069488633391 7.61410026622442e-06 -1.54290755363047 0.924935601095946
200011 -1.86232916866302 0.361579890519949 -1.75664468671655 0.503502782462842 -3.17828904084114 0.219375950681875 -1.77639588409575 0.0462478578581469 -2.65143326508359 0.298688303084974
200012 -1.52544549119471 0.515002407782509 -1.48974216922291 0.651992868059157 -2.77788184962016 0.33835392824311 -2.40088768275371 0.285334861418469 -2.00378751038566 0.538142846020303
200101 -1.48668712819691 0.535304258774863 -1.47127329654801 0.658944488532717 -2.8344319260226 0.308720641014694 -1.89513474520988 0.134838455029262 -2.04217844805008 0.506270050593092
200102 -1.38604273389045 0.596350089760151 -1.31840459312735 0.761064533937746 -2.52136561209502 0.466292181417337 -0.912808612347837 0.00818496614045471 -1.88881070426024 0.594558817197388
200103 -1.29116219888941 0.659263191169311 -1.16393549306373 0.868664911030884 -2.46054170032013 0.521576474287219 -1.95591380606228 0.0834629693088619 -2.04365559739381 0.505384022836313
200104 -1.11985179095595 0.77115178323731 -1.09243669311454 0.91732208162747 -2.14600715351867 0.711439663810672 -0.802156899683704 0.00621797588983109 -1.79731091557287 0.643137991567376
200105 -1.11165515292346 0.777839043615165 -1.10227980671189 0.910734063419216 -2.14273395662514 0.714456666316207 -0.820872586786447 0.0067916400326792 -1.80212022551083 0.642676798582094
200106 -1.04206806505527 0.825460341459763 -1.02733932772781 0.962320630885202 -2.05173334059805 0.775746514561086 -0.822906176533755 0.00711565561091291 -1.79160184568423 0.650464746761425
200107 -1.10611832359837 0.778412080320702 -1.06070367086257 0.931411627724866 -2.04259730701561 0.757838974380287 -1.26281456686497 0.0269764766335885 -1.86133304136891 0.588731956540856
200108 -1.30401732229213 0.644299994097782 -1.23590714526782 0.808627900852007 -2.4671191562639 0.500320290857822 -2.43559167125094 0.231742540579371 -2.07545775169711 0.45886976297491
200109 -1.43943341323234 0.574950283601988 -1.36921244608252 0.737963311275132 -2.68074228222277 0.407592454760513 -3.60253908603758 0.753256447306293 -2.32161442321093 0.353500474212138
200110 -1.35645983582777 0.616239798078111 -1.37435103457795 0.731875610644091 -2.74508891002909 0.375214026619209 -3.04616520666581 0.466015108590625 -2.32805152741375 0.3489118518621
200111 -1.51162418508257 0.52024753771681 -1.70952134139026 0.53168873599631 -3.10179686198357 0.22978878210077 -4.15520892016827 0.772060573871023 -2.68298449377897 0.212633798117744
200112 -1.55461422563801 0.497922208741485 -1.75072231273676 0.509718542883375 -3.08898570948664 0.23444141340163 -4.09163582682557 0.777193560680265 -2.74788673130915 0.194893098046237
200201 -1.63036157727803 0.459480825400861 -1.77236880221794 0.498046395541594 -3.17062230289578 0.208958647435791 -4.18284380293648 0.720138151119269 -2.70100106394333 0.208956968749498
200202 -1.60985416476966 0.469781060755323 -1.76426016113758 0.503594135757482 -3.09726607366831 0.232786993429078 -4.17675683327099 0.75055243662268 -2.66616436497287 0.222214895631717
200203 -1.51004010773992 0.521395142400665 -1.69230455027887 0.541770204193244 -3.03905878865482 0.252853159318582 -3.67914416717723 0.982242250384389 -2.5012195238153 0.275398009159367
200204 -1.5981475858492 0.481891569415768 -1.72071461861822 0.530057238974313 -3.13653942944936 0.231514807901137 -3.909655202107 0.926964740788392 -2.5287889402118 0.26914655215474
200205 -1.60547120061123 0.477912290482925 -1.78827170429319 0.495189666311301 -3.18151658796435 0.218801019909922 -4.20210643182575 0.693993889053861 -2.60034104630424 0.243251520402543
200206 -1.72800883353923 0.425252759897386 -2.07111219936116 0.379026535620704 -3.41075371543926 0.167906216810581 -5.02373248042316 0.307949441904134 -2.85672410486029 0.174567147026637
200207 -1.91266943824153 0.357539197527002 -2.29919660494198 0.30138187704863 -3.64129363512606 0.128948726023642 -5.7133832579362 0.139700622410552 -3.10129860362884 0.127768611013373
200208 -1.91099759521913 0.361222812171637 -2.29842035410417 0.304655281960366 -3.64005905875306 0.131398901749216 -5.70689042421573 0.143509733421984 -3.10418704485258 0.129555789075542
200209 -2.37013864930935 0.217002647437605 -2.71483899594998 0.192194470649382 -4.25726903037671 0.0571460143410529 -6.36108753617577 0.0607056999754319 -3.59409781869349 0.0657128444513402
200210 -2.42731165283609 0.208243901906264 -2.73293731418995 0.193714798089652 -4.5548624319415 0.0369061681718954 -6.31515764386781 0.0717121752944501 -3.80642902397641 0.0490401762631413
200211 -2.26190799785435 0.261159010082896 -2.69939476660499 0.207377110502667 -4.34184824251211 0.0541241271279878 -6.32641555899787 0.0734720117452395 -3.60856383648116 0.0728028181815121
200212 -2.35787703323345 0.236666562120706 -2.74720895556919 0.19998409039417 -4.610585770802 0.0369262057923623 -6.35169868876158 0.077750624809114 -3.7930526389474 0.0589027678007732
200301 -2.38109537962394 0.23338429030872 -2.84924003402542 0.178104542551258 -4.62090447644563 0.0383317464638511 -6.53608132399939 0.0577236699431398 -3.85938295892001 0.0545615171152961
200302 -2.32906489379159 0.253352286912825 -2.82968215681569 0.186726304622761 -4.57710747906557 0.0427051723816995 -6.51591345726448 0.0617976713659126 -3.84538619740458 0.0575325052545176
200303 -2.32540573613134 0.256835114642824 -2.8823602504805 0.1759784037184 -4.55507542905806 0.0457061016917957 -6.39737653420898 0.0729175282700791 -3.86521478824406 0.0567517269625924
200304 -2.31937691991859 0.265322244557578 -2.87673954785512 0.184185742263584 -4.72387063307462 0.0379284084248274 -6.45558005758577 0.0759913270846632 -3.94482488811219 0.0529925147878915
200305 -2.24120391251508 0.296081175050265 -2.86186913033804 0.196416651950003 -4.67285303677221 0.0423915567068486 -6.46342568097209 0.0821546803335125 -3.85956579117734 0.0673583249054824
200306 -2.23282705533521 0.30149766756677 -2.87115897315375 0.197022986192907 -4.70823739907125 0.0411477783419346 -6.46292045626982 0.0836630163896414 -3.85583448968925 0.0695439139424116
200307 -2.25103028426923 0.298088756881038 -2.8795640497522 0.198173130510705 -4.74156899075451 0.0399487618499091 -6.47067648068032 0.0848311736966621 -3.86647028319316 0.0704718321608641
200308 -2.19114531249398 0.322251209056933 -2.84780417604511 0.208742143801208 -4.7342582146142 0.0412145223904592 -6.4292734117124 0.0910761589987528 -3.70861675278387 0.0915130311571959
200309 -2.11780010397529 0.353362989489235 -2.8426680683284 0.213643715812834 -4.6870875252889 0.0453141728623834 -6.41656273750786 0.0950729979608727 -3.68062182094167 0.09870266549383
200310 -2.48048184705962 0.239877432845406 -3.01977669748932 0.173998242908478 -4.94286378096833 0.0290001947692638 -6.92912633709497 0.0457788980036644 -3.94321170072991 0.0681182127668688
200311 -2.4805964880815 0.242987895187202 -3.02145189551104 0.176535733192088 -4.94316793280891 0.0300657385859308 -6.94145520754601 0.04604591074493 -3.93601298392543 0.0709575495611354
200312 -2.47427069747621 0.249489036840183 -3.03586099414459 0.177058037711303 -4.91562869027851 0.0331950109810944 -6.94823805001832 0.0475508330911452 -3.9452255165046 0.0722270728498247
200401 -2.47335223936007 0.248670292386109 -3.01827658071014 0.180971508905463 -4.80713957479932 0.0394130858523759 -6.74004337036531 0.0616145587487317 -3.75952279303635 0.0951656461284481
200402 -2.46717253055146 0.253723878671833 -3.01719433662944 0.184589884956522 -4.80426741837872 0.0409232412203533 -6.71933878566622 0.0653029029138202 -3.78570720112632 0.0939306521493564
200403 -2.48872124822568 0.251649885617448 -3.03323177923718 0.184290561093714 -4.8267926637827 0.0413379915603414 -6.72627154464813 0.0663849138671472 -3.81663141541786 0.0926576566673181
200404 -2.42819345825991 0.271985668681853 -3.01015731037029 0.192973726242256 -4.64124543663784 0.0545954241459935 -6.65071091351019 0.0756861297053571 -3.69567053832123 0.114042946756107
200405 -2.41698390909126 0.27721145609452 -2.98415790120699 0.200625923791083 -4.65485369849021 0.0545451862259478 -6.66337681858022 0.0721545307607934 -3.72986438420944 0.109975038854009
200406 -2.39526656462508 0.286617056403058 -2.97815067786147 0.204972666086657 -4.62038234019333 0.0590462902006131 -6.64928815703831 0.0753119448610479 -3.72814228831173 0.112771044868152
200407 -2.42379650369577 0.284211243843912 -3.04905646123994 0.193742137204529 -4.61045276624312 0.0625541105844364 -6.77330380989276 0.0692781950030803 -3.93823697031208 0.0916794696621935
200408 -2.42826665812284 0.286327561271617 -3.05761796021216 0.195139989727787 -4.61170198685239 0.0641688827612095 -6.76877540876002 0.0711706762262812 -3.99596661460362 0.0874829556842901
200409 -2.40850008698938 0.29561632203563 -3.04941827360246 0.200045751799606 -4.61429468340082 0.0657132067995145 -6.71082665319327 0.0792821295357683 -4.03026856201705 0.085898687206251
200410 -2.42259692333537 0.295107675151473 -3.04952883427445 0.203294760298502 -4.61570362691754 0.0675860231274896 -6.70822596704301 0.0816490420983248 -4.04073464557542 0.0870864808277458
200411 -2.46422177783054 0.287669842729268 -3.12082850703972 0.192170559249895 -4.64498885186797 0.0673738369875628 -6.83764789439243 0.0731947594022381 -4.09278496413679 0.0844513764187887
200412 -2.45648422495128 0.293925510654985 -3.09940766874264 0.200865583258965 -4.63005153714029 0.0710164429421436 -6.79578594218333 0.080563893224495 -4.05232726036293 0.0916525012786087
200501 -2.58856529229949 0.259683423431531 -3.19227407717875 0.183703151616213 -4.7144911885413 0.0649016762659203 -7.13481442418709 0.0524428144599466 -4.36890463428308 0.0627977061839696
200502 -2.59499071584923 0.261362941417068 -3.20761201004554 0.18436292449442 -4.73597622018493 0.0643347990589781 -7.14850110155583 0.0530728441618259 -4.36628308037272 0.0651044564978273
200503 -2.61541798275213 0.259753952612613 -3.24845795176527 0.179781922911055 -4.8068609492619 0.0609645736726156 -7.23218622627424 0.0489475172721307 -4.45549705799093 0.059667012319078
200504 -2.69776616061503 0.242760514352774 -3.33890944897473 0.166729050952603 -4.86749601046881 0.0583325373254197 -7.32630253682929 0.0446627455318508 -4.55320815049964 0.05425380277277
200505 -2.71426598245688 0.242978577448691 -3.36043800501289 0.16659521901257 -4.89684873131988 0.0579157595107983 -7.41434721826271 0.042559486487997 -4.5975134878838 0.0531371931323454
200506 -2.71272754886946 0.24558491803549 -3.37202583577008 0.166981246839148 -4.92975602409338 0.0567858868072774 -7.36793513679412 0.0463188182426007 -4.5852462264772 0.0557812083226932
200507 -2.72426745595358 0.247080841152289 -3.37616952491153 0.170031420683574 -4.98287064955689 0.05529757425543 -7.41932849187346 0.0464061988124962 -4.59173534171913 0.0575577004119092
200508 -2.75920019816274 0.242475500737022 -3.41037657372061 0.167480225391361 -4.99681035521449 0.0561118614719612 -7.47241513699834 0.0452385159823085 -4.59548141513857 0.0591684832301363
200509 -2.75300875910043 0.247773703602161 -3.40754667597003 0.171471757017227 -4.99858665725836 0.0578517736437153 -7.47669673688831 0.0468284540377673 -4.60049391373654 0.0608171422860632
200510 -2.810949378796 0.238058526457698 -3.45053317393442 0.167052996587347 -5.08852171511005 0.053789448094194 -7.51906999816419 0.0457247992552755 -4.70607300033268 0.0554803720298845
200511 -2.83153168231973 0.238284099427576 -3.45612783344837 0.169565488402643 -5.15042734293298 0.0519696231226987 -7.61897528534379 0.0429514794563302 -4.72960589997813 0.0558088084437151
200512 -2.83170790138065 0.242291359379386 -3.45445002217943 0.173287340408507 -5.12122088445068 0.055867332008194 -7.60130483013512 0.04521502868814 -4.72641046144002 0.0579208312190436
200601 -2.8488049176093 0.240960282748835 -3.50437599124807 0.1671160287674 -5.24922360085698 0.0481021170101043 -7.83234831436457 0.0342402502372289 -4.89256037497361 0.0485157167091
200602 -2.85341687493015 0.243745191419087 -3.5002444460855 0.17124831773925 -5.28383813585684 0.0478638103388373 -7.87979774431167 0.033443771140653 -4.89993758842129 0.0496174382845812
200603 -2.84019564711333 0.249977712119869 -3.50164989839201 0.173862014529491 -5.21555437296928 0.0532314270657341 -7.76359318293167 0.0391988013464137 -4.86012430901819 0.0536656623159992
200604 -2.84088001681932 0.253809603689262 -3.50131576498143 0.177544992301785 -5.21636361170799 0.0551665202974192 -7.76529476941865 0.040790862863544 -4.85919952079914 0.0557612646017466
200605 -2.81512337334349 0.264564565914319 -3.48977436711779 0.183624181688167 -5.22175705816357 0.057706461510919 -7.81268345059416 0.0431423980373745 -4.87660205833218 0.0569653508652733
200606 -2.81889586944515 0.267823070494293 -3.49096405219276 0.187266555040195 -5.2333984294664 0.0590633793978998 -7.81174443882566 0.0449866810530044 -4.87588432946051 0.0591067875255781
200607 -2.82632365117708 0.27030896862012 -3.49045090828362 0.191172024926919 -5.28254660651009 0.0582301741784116 -7.81299988220832 0.0469658816395302 -4.85074972522823 0.0632385215900542
200608 -2.76242106208942 0.28804897896717 -3.41507882380536 0.208026908333011 -5.27319934884913 0.0588076653171263 -7.72534620107581 0.0511025511727016 -4.71610175463562 0.0755528284378589
200609 -2.77969967597205 0.288160355506275 -3.41815124777829 0.211308607950767 -5.29697268513276 0.0594379492715267 -7.76845743570198 0.0503601046876537 -4.75881213966398 0.0745174553152609
200610 -2.72366500101071 0.306074258067604 -3.35866606104438 0.227585948563265 -5.25292287847561 0.0645841139801327 -7.6991224411749 0.0575163390006542 -4.73209661298806 0.079355034947215
200611 -2.72175058214839 0.310857796002748 -3.36747519325771 0.230004730341794 -5.26411988218272 0.0662246670486231 -7.7632865199913 0.0563251845792154 -4.7348382699351 0.0817321996835834
200612 -2.71688816275752 0.316601933625995 -3.36211112589602 0.235346504612687 -5.26827172408901 0.0683952280805787 -7.78316163248454 0.0574380608828812 -4.72740655207884 0.0852334613546184
200701 -2.70592160772509 0.323932670595286 -3.36229849154712 0.239501215078413 -5.25451527298166 0.0718844803635942 -7.76429790257884 0.0612664680274835 -4.72825134004147 0.087965036444689
200702 -2.68704161702975 0.334334650374783 -3.35523257902781 0.245831558943552 -5.21803713026667 0.0775771904550366 -7.74624082443225 0.0650335453526058 -4.74138276854714 0.0901153293362124
200703 -2.68696065248313 0.338873759768279 -3.35541297193225 0.25018840622102 -5.21404088730764 0.0805801927986698 -7.75731987352422 0.0670578049097072 -4.74368146878807 0.0928980803857457
200704 -2.65284234531995 0.352808469978711 -3.31525463861873 0.263839049551712 -5.19305491795119 0.085518899372239 -7.67891641852705 0.0753541506783188 -4.68200127937108 0.102332627526108
200705 -2.64421565906905 0.359961867192344 -3.30709372387099 0.270441866256427 -5.14518288040553 0.0929164967057275 -7.57639022189269 0.0883594683046496 -4.63574711486039 0.110254294351233
200706 -2.62139138690562 0.371604406471902 -3.2740811874763 0.282637108882575 -5.14560048870696 0.0964192438105497 -7.57056361021904 0.0924748416092626 -4.63167607223838 0.114205651952157
200707 -2.48280527047398 0.414473153564189 -3.14747723395183 0.316138022481847 -4.98660864964318 0.117413765998505 -7.43262527945476 0.10906711665673 -4.55496796991308 0.127560174627172
200708 -2.49241601289236 0.415857485321416 -3.15798008344794 0.31798078999108 -4.9704786799311 0.121836784429107 -7.47711599296519 0.107315750554718 -4.53993238067518 0.133061103143849
200709 -2.42768137475053 0.437295275032783 -3.10446603120227 0.335359953013904 -4.87403237005517 0.135976330490594 -7.3556661246194 0.125136597401826 -4.54891368090928 0.135788787892371
200710 -2.42936770009188 0.440117586378943 -3.11342814008613 0.33623188279628 -4.89442614488436 0.137034475031049 -7.45705877875422 0.115359883959234 -4.503187010257 0.143861946682985
200711 -2.1964963244028 0.51432814298555 -2.93697942660929 0.383645689077285 -4.56684123851772 0.185704339247185 -6.81036971820872 0.200755304914247 -4.14532394891891 0.197121513627018
200712 -2.18602171883935 0.522484956250223 -2.92841413103411 0.390527159736069 -4.59370467198039 0.186639094637414 -6.8048662154355 0.206135159097482 -4.09592423542615 0.20987954790629
200801 -2.18234385363465 0.535307337064007 -2.9314492432325 0.401982062472357 -4.64638222555591 0.185972359846359 -6.90024879878626 0.214116364173532 -4.09104425367122 0.218984493151517
200802 -2.2606877974374 0.518687067221403 -2.95694151836881 0.400344915786758 -4.7613896254936 0.177423590000965 -7.01928111176857 0.202468024942922 -4.12405659215231 0.218533468343478
200803 -2.21149997418351 0.536476581879666 -2.91460053841197 0.415318700073762 -4.63060859894902 0.198871289825419 -6.9273943219607 0.217656971667228 -4.05891104025518 0.23465715564184
200804 -2.11374255579078 0.56355237882811 -2.67278281879535 0.483113216043852 -4.27583324011751 0.262126645101504 -6.40284451922379 0.315087750305661 -3.95052583811075 0.256276429608387
200805 -2.10851555508935 0.569221918224246 -2.68083371618393 0.485831857978694 -4.3040037462339 0.261514178227259 -6.38038258929716 0.326517804737506 -3.95192517873832 0.261557841984196
200806 -1.7165499564306 0.709454577596279 -2.44897218254891 0.565419108813954 -3.89981046088361 0.367755789398248 -5.9247652455322 0.4665845406279 -3.72132067122077 0.320563436044331
200807 -1.71455779025531 0.710667538163741 -2.39954696117086 0.582944221547143 -3.84634312954377 0.380157207566563 -5.64498227959764 0.543503677560051 -3.5679678457226 0.360984783387882
200808 -1.6709993145209 0.726717351122902 -2.38107569158539 0.592287945822091 -3.8242994221529 0.388686999721311 -5.65002871841427 0.544516150847704 -3.55956773585793 0.36905093960862
200809 -1.8899447560583 0.673769392880706 -2.50355255912009 0.572326311106317 -3.97636391635829 0.375130916704522 -6.24137689665325 0.499688646342758 -3.46093359166479 0.408789162259221
200810 -2.0747759026839 0.666682730192834 -2.9164493135174 0.537960901546299 -5.162706170146 0.236701707254098 -7.07952129939029 0.573835207024822 -3.66634321500385 0.444682101249229
200811 -2.22776878577653 0.628188017917491 -3.32884210700359 0.452462171094558 -5.75696586168775 0.173248336557523 -7.62727782389168 0.525228204323779 -3.91717966551861 0.420147715809085
200812 -2.27999162020012 0.616511859581237 -3.38537748642751 0.443793657822688 -5.72376449712151 0.179410370221702 -7.79865645333986 0.48605145455973 -3.79237181698635 0.453195819165754
200901 -2.85239260106911 0.48472985968513 -4.34630834518004 0.273646514858373 -6.5187819992113 0.115583213769911 -8.48463976269935 0.349365662112249 -4.24351016538365 0.360042265251058
200902 -0.799942299952816 0.87215870137248 -2.54448570847365 0.734855950275532 -3.46030482674411 0.726515596638431 -5.87845767047888 0.959431465353707 -2.87920368131453 0.706781370888773
200903 -1.8955527461179 0.73824815773906 -4.24452915936673 0.288415182055333 -5.98010726012881 0.168527312576055 -9.66117296149163 0.102013311272738 -4.65622131665993 0.254840477587892
200904 -1.99340135349115 0.724313956558846 -4.73448157829426 0.231179424079627 -6.20982830134014 0.164409021475978 -10.5819380104142 0.0722757521461369 -5.28907393023756 0.185783899993859
200905 -1.91660614158851 0.751860606601048 -4.78390508775977 0.232235609256477 -6.13069901361258 0.1832858508197 -10.423439060562 0.095499956926922 -5.32659770935695 0.18845389681553
200906 -1.93624041154488 0.743048957568417 -4.64252500603224 0.255329081483205 -5.94994777924538 0.205431193772126 -10.389288371023 0.0974627802247249 -5.53437663198499 0.170229926861136
200907 -2.27676432115882 0.658122977545248 -5.25584773284462 0.187410430418815 -6.91372909869052 0.116476436603052 -11.2768596530413 0.0575046728229937 -6.27251518131282 0.114388306764426
200908 -1.90364914083929 0.752787698427514 -4.93024795993191 0.226035627644694 -6.33351973709053 0.160942765673384 -10.2307274136693 0.104202189701557 -5.58778849897985 0.176864992958207
200909 -1.78231822189752 0.786811164930626 -4.5882140478942 0.286799531344768 -6.21236903999547 0.178626525732405 -9.51363679868416 0.170203620421655 -5.13803741414744 0.240821403711946
200910 -1.71902896745528 0.808112441247709 -4.56731611106529 0.300293993189457 -6.1341005176111 0.195959872216567 -9.41827453926773 0.187607184470652 -5.17036473788588 0.248493380339005
200911 -2.18737274994616 0.678462744317414 -5.42678596215262 0.187458217595316 -7.00081962427912 0.115756273271396 -10.4048790725125 0.0998870231853953 -5.48651734043026 0.206932219662511
200912 -2.20898285610418 0.675811870877 -5.58149004289668 0.175732804681339 -7.06725797974677 0.115333883766591 -10.8647350723569 0.0777664400618158 -5.73957762507002 0.18388345276221
201001 -2.42015007667824 0.62421059992627 -5.91925832838902 0.147450616481621 -7.5101146471803 0.0901405789812647 -11.7726349940847 0.0467931919452157 -6.35548337892755 0.134068362068387
201002 -2.53426135680259 0.598655584584976 -6.22405593654429 0.126801592782108 -7.87370780134236 0.0710745929118519 -12.1780773501637 0.0358699366226832 -6.72885838898376 0.109894223569229
201003 -2.73502839499227 0.560926150233377 -6.75328098944639 0.0974404045049784 -8.3423771471576 0.055575994354971 -13.1390173670273 0.0205454026366612 -7.19302649309725 0.086976121400954
201004 -2.52301194093358 0.592459983008995 -6.30925102045921 0.121180863420039 -7.85686720872174 0.0715375074698905 -12.1735847470144 0.0300273415970272 -6.93695104644827 0.0948703251513034
201005 -2.21685367349798 0.683281930303254 -6.2848694055625 0.13826863252085 -7.11890604849563 0.12979455193907 -11.4833510352535 0.0664541297888152 -6.66168601236448 0.123102682579275
201006 -1.49163832119863 0.861486255835724 -5.0191961221657 0.273918469641817 -5.69614277588131 0.278524191322776 -8.34925264010915 0.340177715152275 -4.65383170213358 0.360938109177659
201007 -2.36223149189148 0.651553066510202 -6.44270317828857 0.130898625723266 -7.30598522623402 0.120202095841037 -9.76957573620125 0.162017035680433 -5.58274909006644 0.229553744572476
201008 -3.16608540350587 0.499730363069778 -6.92629776646212 0.106399952075955 -8.21431011177225 0.0740591902470065 -10.5709518492648 0.106975753916038 -6.4212354231215 0.158260066522545
201009 -4.65105525019129 0.265973706109809 -9.14668610777112 0.0277299001327454 -10.6139706698021 0.0161753550772811 -14.6256304693861 0.00896533092261662 -8.91937183597607 0.037510335500489
201010 -4.8376338082087 0.250801260265157 -9.538682599464 0.0233340004020992 -10.9928637006983 0.0138232594282652 -14.8809918687352 0.00854765963138211 -9.15932180273034 0.0347770978100754
201011 -4.83566354948322 0.258034773137639 -9.56822461742515 0.0248421541797012 -10.9671599209912 0.0155630693022675 -14.8228496077648 0.00996074080402055 -9.23372212887219 0.035744021541622
201012 -6.6956579914726 0.104846541100102 -10.8915670527719 0.0109256540434877 -12.6965075955728 0.00469113382951741 -16.4300913476485 0.00310637638524671 -11.5695397283978 0.00816121990245426
201101 -6.66059093643445 0.112853907259765 -10.7981891595471 0.0131187994889509 -12.6932657051692 0.00539896657628075 -16.2980734880938 0.003880635769968 -11.5479567600564 0.00931743480031951
