"V1" "V2" "V3" "V4" "V5" "V6" "V7" "V8" "V9" "V10" "V11" "V12" "V13"
199606 -1.42902850230815 0.867982182737246 -6.31229730754617 5.63809983760878e-05 -4.04426253261809 0.572842423211071 -2.00884513694495 0.401219609409396 -1.40382084216397 0.0233930940944642 -3.44530107164618 0.908377004699835
199607 -1.42058261769256 0.865700833449389 -6.36876328629052 4.5162797109927e-05 -3.90765549478211 0.649576351000324 -2.02620875675781 0.422243158370612 -1.53523717714701 0.035091612850591 -3.53001473042076 0.992077495207511
199608 -1.44156749401272 0.849051607305974 -6.43562221842784 3.91761114830281e-05 -3.93413395558579 0.631335998039036 -2.06916519241984 0.448943922749343 -1.63350770276771 0.0428923256816402 -3.63363506619865 0.940388807229524
199609 -1.43341419493941 0.857078362469434 -6.42946440943333 4.46806871048086e-05 -3.92266200659799 0.641080570587067 -2.06223321299202 0.445337784840327 -1.61515894227151 0.0402641302232693 -3.61692932146267 0.962225850473148
199610 -1.52297391162319 0.774897695253616 -6.71271713503392 1.48056723384191e-05 -4.00633330501807 0.552781535955491 -2.13003513379604 0.500271957782302 -1.83514326731888 0.0715726852856785 -3.76686449985604 0.828809428153525
199611 -1.51690376603848 0.782070111275552 -6.69672475200622 1.77837743147575e-05 -3.99349938635425 0.564008452497294 -2.11959073901287 0.493633876508359 -1.80781858302117 0.0674816378465047 -3.75806823753828 0.838490691966168
199612 -1.54404612418293 0.757110463583471 -6.80699925535972 1.23292254539178e-05 -4.01634662277297 0.540078398535412 -2.15424993617921 0.522140676888045 -1.87591752320142 0.0812111439062972 -3.78177119274843 0.813515908606126
199701 -1.53488087653759 0.764365520225609 -6.75759891065979 1.63202211266646e-05 -3.99482676808254 0.553155452789074 -2.13380647121051 0.510330953277058 -1.81746894324382 0.0717860908789464 -3.74839549192818 0.840814258842896
199702 -1.53236555803418 0.76619651591234 -6.72427172471191 2.01149956050029e-05 -3.99191510351811 0.553942898421471 -2.11377650320168 0.500442994111266 -1.77168245265735 0.0659352131688307 -3.73307969067063 0.851094843938861
199703 -1.53900234410416 0.762688052903753 -6.74396495436349 2.09246878823299e-05 -4.00010784820533 0.552787432375285 -2.1219251242619 0.505456427053731 -1.77505534978253 0.0661063454764147 -3.74191713615823 0.849167389797676
199704 -1.554848557934 0.753826283815461 -6.79076092809503 2.04082669028942e-05 -4.03334320400186 0.541304436397923 -2.14334759022443 0.515760532258313 -1.78754050827468 0.0649312356670878 -3.78278814199393 0.833486891710831
199705 -1.76537229173601 0.577835419162115 -7.27310080760928 2.76607724133332e-06 -4.41781834897672 0.280300268853357 -2.33767586491156 0.673745081611813 -2.11087068780267 0.139696950080463 -4.00698122045986 0.637322096625133
199706 -1.76544009387853 0.579785370339471 -7.29673963236788 2.8419372717468e-06 -4.41964844085527 0.282604607232995 -2.33729583350946 0.674262084812219 -2.13082151936244 0.145227874309134 -4.01978615172722 0.63263831920883
199707 -1.75108614459414 0.589195282719177 -7.31969427334698 2.83323755572096e-06 -4.42730150613948 0.277789299644756 -2.3457769537748 0.683350071360995 -2.18031664506741 0.159952392668894 -4.06635539731943 0.603353988690349
199708 -1.56792997292101 0.698604005220446 -7.12023545235374 5.28783629170249e-06 -4.16910636829879 0.357316406506441 -2.27640777587081 0.660709571964488 -2.16454331246549 0.173821575861112 -4.0448123771057 0.587961964953328
199709 -1.97449733183386 0.424677880945267 -7.71259787936298 4.75271446450053e-07 -4.80598379050332 0.11479776224418 -2.42475887612086 0.795506457506667 -2.32756333685269 0.253088707482895 -4.11229622294222 0.516144579128319
199710 -1.80681481655272 0.533884774468796 -7.53642293447605 1.16429393201062e-06 -4.58008746418788 0.180808556456067 -2.36742577553672 0.756416799355225 -2.23171132153479 0.220339507865672 -4.06290688987729 0.545335381195605
199711 -1.80668162886304 0.542642354248456 -7.60432746088224 1.09084244048924e-06 -4.59541393382512 0.186383234407602 -2.36755068675834 0.75768069455142 -2.23178868542793 0.222663824288049 -4.06512470558509 0.546114071587192
199712 -1.35470123112553 0.817757284260918 -6.88812193344881 1.05691537662127e-05 -3.87238134871928 0.425593195548634 -2.33497962014315 0.788673758365058 -2.15833630749884 0.243082392428653 -4.11040887121958 0.466283241232913
199801 -1.09450382174308 0.994969437677906 -6.49661273219493 3.82663281803457e-05 -3.51060862258019 0.601586244138432 -2.29947756977642 0.788399836760572 -2.13545301571934 0.255417369846341 -4.24816386397164 0.375475527740649
199802 -1.06144726420518 0.977856179027912 -6.46326683210476 4.79439387231945e-05 -3.46534087809256 0.633857648592554 -2.29738038267668 0.788248964575632 -2.13859634376363 0.259526234245254 -4.30043978879207 0.356498993305761
199803 -1.05548699658755 0.966003154215418 -6.55154383332026 4.27244304073055e-05 -3.48115989081479 0.638912815731829 -2.29819013612236 0.788084572950295 -2.14177768807873 0.262108116462594 -4.30337664006581 0.358068112456494
199804 -1.02754913398797 0.936291668359771 -6.62496746095185 4.26717442315734e-05 -3.48834979794197 0.656988967617687 -2.28850354324766 0.781097979816983 -2.12646675841681 0.256435044862712 -4.30757860581452 0.358642371258686
199805 -1.08093878615299 0.972389505875882 -6.86659061233372 2.29715053800351e-05 -3.5893386194485 0.605588517748088 -2.28335982216787 0.779238990101703 -2.1295154457089 0.260587872827249 -4.29980003616701 0.36450881076616
199806 -1.03985504388384 0.940902227178014 -6.82101124445897 3.18150734747419e-05 -3.53816402554303 0.646541994653735 -2.30360095195867 0.79462125166581 -2.1276905047092 0.263127435596453 -4.30390063754307 0.364386908621212
199807 -0.890556970251222 0.860517659716831 -6.22109322363571 0.000190013158660403 -3.16878106254952 0.833588799942163 -2.3933192811199 0.888886343835734 -1.99646966720168 0.241897433543876 -4.28050794643358 0.353253819696301
199808 -0.852688974869187 0.851029113672953 -5.86634838903357 0.000513564519460762 -2.97236870694022 0.928531454410702 -2.45979873552249 0.95734572363224 -1.86287502570357 0.214076728788251 -4.2340135115587 0.359292266445
199809 -0.948826046073004 0.929238726546659 -5.84278805450253 0.000549331859648422 -3.08340449040567 0.834807714042954 -2.57743899329128 0.957441148111122 -1.94990210968196 0.250898738411013 -4.34039092394867 0.31278248552982
199810 -0.981822431089485 0.95573008666815 -5.80171014528506 0.000649349161579774 -3.11677266276362 0.806063549935497 -2.5897959741604 0.947296675941614 -1.94304235307201 0.252661042009999 -4.37838622612712 0.298694029087683
199811 -0.974566991491477 0.969531563583647 -5.58277439212804 0.0011157891657522 -3.15278386506099 0.746194849173793 -2.53480560004538 0.972022322454138 -1.87138192864871 0.241499911326678 -4.45316539012226 0.262263426881104
199812 -0.976964772735922 0.971596609197866 -5.56868850442167 0.0012452107746395 -3.17771344286097 0.732734560351771 -2.53383063492414 0.973784732305896 -1.86341776986423 0.239672166733825 -4.46156035351719 0.262430850640643
199901 -1.00135956952454 0.993637528683469 -5.44408572760309 0.00180864759344912 -3.36096712014162 0.608923972312079 -2.4852683311634 0.996691121632767 -1.70194013914267 0.189350113149959 -4.53630479022364 0.234625103332351
199902 -0.998015578679068 0.991392860654896 -5.48164805314646 0.00175351961108018 -3.36007946973631 0.618750385598581 -2.50257940631615 0.992250079175905 -1.73668006461494 0.197653068696228 -4.53573307232296 0.2370408369189
199903 -1.0084914761276 0.997563311446344 -5.48057262552069 0.0018594420940217 -3.49740791428366 0.583481938525644 -2.49723746954471 0.999774495974873 -1.73047210582484 0.188740616185369 -4.54663551792924 0.237162964699044
199904 -1.04281303117688 0.979061237959575 -5.49140232481151 0.00190091850527352 -3.78905841789676 0.462858433149242 -2.47656869558521 0.985439924314172 -1.66633211421017 0.169567371192003 -4.59578347210046 0.223761464210052
199905 -0.996487523212775 0.999540668537756 -5.50397448274245 0.00172272021129794 -3.31545330310712 0.7264281171555 -2.62569005134126 0.901830792218145 -2.13363062268379 0.33824057910493 -4.51786222817159 0.240835392940551
199906 -1.0065594970704 0.984268674972936 -5.59256603991602 0.00133092321827117 -3.05660826019269 0.882221923371653 -2.75657974176877 0.806092534265109 -2.50138011928946 0.523611368332249 -4.5011395291221 0.239996631415043
199907 -1.0232178730718 0.964524253353511 -5.70982164326179 0.00097041512036583 -2.70567147547838 0.882617950466692 -2.98634607140613 0.651346107509904 -2.93131098119499 0.785322143072705 -4.46153380714092 0.244917367023537
199908 -1.03621543501853 0.949828901994535 -5.79433498474979 0.000783720801141927 -2.45394666414849 0.720071296498617 -3.18425085070964 0.535884103179918 -3.24380468724901 0.986355094739215 -4.42710664349146 0.252940342092462
199909 -1.01587092575774 0.961224660946392 -5.79334031893612 0.00081560960370834 -2.24271425285407 0.572197218994946 -3.28947590790469 0.481906788974662 -3.41261062521743 0.90880205516159 -4.35420884978852 0.279699006853162
199910 -1.01630517258391 0.9588390458773 -5.79086723352589 0.000854965694234388 -2.06912576502039 0.465619893148376 -3.38409123860379 0.435566529032734 -3.5378776039972 0.826827562069706 -4.3180026135559 0.292345689141585
199911 -0.958409324332199 0.984324882664387 -5.72971889923022 0.000974470563062732 -2.37387744729356 0.670676090998983 -3.1694066369202 0.532020141395278 -3.16504803575981 0.943397414751774 -4.16912572428898 0.337916754523056
199912 -1.00418322057181 0.954991862296173 -5.79909082023842 0.000854003115001016 -2.38615666244641 0.680837645240236 -3.30728221865799 0.464641841396572 -3.36522644286945 0.933090590047598 -4.42472687583619 0.250338754862176
200001 -0.976327922456477 0.977510399686675 -5.81288151490873 0.000882241158691675 -2.3312635721104 0.648280088502284 -3.32083935690752 0.466804274153004 -3.39114557287286 0.926239100757897 -4.50648410597294 0.241681229397947
200002 -0.974884025145939 0.932801900916969 -5.61315241614999 0.00112093762519888 -2.50014426645733 0.868221446448047 -3.3109873906221 0.41924127797415 -3.62302250897188 0.69197733063521 -5.41683293044632 0.0487442297121503
200003 -1.27349007928899 0.69050780129182 -5.55375500138604 0.000683764835125785 -3.40713738812417 0.51229530831873 -3.45925582606603 0.280485852901845 -3.85319759583123 0.405044161778419 -6.96201273849393 0.00106557895536408
200004 -0.579789357669114 0.914603975117034 -5.02322435737932 0.00152413680010065 -1.95332164184383 0.696878411470212 -2.47982462310592 0.690876159405452 -2.44539491230167 0.889268260039952 -4.87055567290251 0.0672303914474758
200005 -0.291581730641854 0.75653716775921 -4.87149994373555 0.00176526605388245 -1.4578357286837 0.468411835591994 -1.99644120063383 0.958146179791839 -1.81224843959658 0.567630561343623 -3.72167912466488 0.334279805877002
200006 -0.310228345276475 0.769761347661812 -4.88273185702555 0.00182549199867602 -1.48301596968523 0.487712626299617 -1.98624900176361 0.976380250334004 -1.77420449245556 0.541707960937722 -3.70891844174259 0.359530817290067
200007 -0.381404989482514 0.833746616452536 -4.67024320252654 0.00283689195354756 -1.72082346998279 0.641741785076671 -2.38834904385994 0.684019545495886 -2.22500933829213 0.879066085526742 -4.6539586934198 0.0991484500184024
200008 -0.397377673957133 0.844096530576033 -4.69159609311462 0.00284745291320228 -1.85112987191249 0.727505182894852 -2.31629373531783 0.73383140556585 -2.10595208588014 0.800188027060625 -4.64202448435687 0.11433286302058
200009 -0.285646997310862 0.774144129504328 -4.69174680607864 0.00299150055348554 -1.55332434969326 0.554986200229886 -2.21189895976355 0.812520577237223 -1.96356272873768 0.69926593198555 -4.49761759679326 0.169786141700665
200010 -0.426363491923354 0.860154723228021 -4.7061447887591 0.0030752191263077 -2.38580378744939 0.871574450895469 -2.27554326635924 0.798778357026452 -1.96637048811652 0.676411115802921 -4.89030673073922 0.116549337858614
200011 -0.287398417751494 0.778099296367108 -4.5776275470212 0.00389883167078128 -2.73345019910067 0.641036022550453 -1.57759712324779 0.775127150070839 -0.94157652605602 0.235118522777747 -4.36819008392126 0.269266021085797
200012 -0.287779780930664 0.779652499205129 -4.6087602488629 0.00382451897796182 -2.5432784183208 0.54808336481177 -1.54792519687925 0.749806990189671 -0.799707488331669 0.19046548114848 -4.37915745635362 0.282409562561683
200101 -0.317947959288478 0.800951970441206 -4.6360143783043 0.00379430404604381 -2.54909619097334 0.474849038942124 -1.39753778963754 0.659539390124646 -0.549071863284878 0.132189485580847 -4.09248727343401 0.40514449321242
200102 -0.391005485836526 0.850695006395855 -4.63432602101332 0.00394562195087111 -2.56146366670686 0.472224235600343 -1.77640827459635 0.87620952375297 -0.922561038638103 0.231301561202534 -4.50109168570068 0.257016218913208
200103 -0.385352302483422 0.847792740264318 -4.6291450990845 0.00418260298647194 -2.60010184874107 0.438165253430357 -1.91782958000006 0.953216297056005 -1.01215720727366 0.259877528726557 -4.37879436705948 0.30690289441479
200104 -0.389565983603846 0.851237262042515 -4.63858715036056 0.00434621970312619 -2.53403351025567 0.460039685396869 -1.93542678048901 0.960387528709081 -1.00961302058298 0.261323697706462 -4.31049817592646 0.337192402994932
200105 -0.373504619973719 0.842828732595757 -4.66538302199158 0.00432495079749983 -2.51427060479716 0.468162649880994 -1.91110258715328 0.928316597261992 -0.956311127620002 0.243056415938931 -4.29948367093982 0.350855144913144
200106 -0.468256048551452 0.904986629517871 -4.66619003619655 0.00452150206082842 -2.62287156906311 0.400415937048709 -2.27465394581285 0.856894231167706 -1.17824946068203 0.32224318015081 -4.53538284883079 0.274492858061303
200107 -0.595041039337896 0.981855915491811 -4.70331392674637 0.00440885319607854 -2.83354931562061 0.306017420385836 -2.65963020288775 0.65322702196727 -1.41991352241653 0.416263595874823 -4.77748869193042 0.213191705878737
200108 -0.448345239522685 0.889914332964011 -4.60668929943482 0.00571042322250592 -2.8031924982671 0.324482339767563 -2.50691667472145 0.764565500376942 -1.16629988057775 0.302799554913059 -4.57096408755751 0.289340270898162
200109 -0.643469390862195 0.991032330372751 -4.68971878959796 0.00510834326160072 -3.20885000813367 0.187541746064671 -3.01171082617573 0.503861987619091 -1.49247062583886 0.433391119722006 -4.99568231172873 0.17750738736477
200110 -0.274269736018784 0.813589998868016 -4.57267237290688 0.00666892538348235 -2.73361928465852 0.301749476910598 -2.31110898454245 0.85701505815483 -0.752340284308639 0.186627384087812 -4.18010670158613 0.413041225385262
200111 -0.115787557835723 0.72411480014827 -4.65602279932069 0.00592576828350331 -2.53245462421903 0.372359199760361 -2.10898876538381 0.98249799776825 -0.77609556174747 0.187621124927665 -4.07130807017173 0.470109572836858
200112 -0.141942565491004 0.738432622983603 -4.66280471709004 0.00620868532696626 -2.50985776368691 0.386949871550241 -2.06953528365039 0.980826966181912 -0.643715341813333 0.151580328274764 -4.04113081011621 0.503889239742645
200201 -0.314873768205204 0.834342126116949 -4.67728751509697 0.00647171674439354 -2.76543679460439 0.29769485418638 -2.44496646786259 0.818030274727522 -1.04738141613652 0.245439716766402 -4.53496884494049 0.320059234520497
200202 -0.434664209444624 0.899559656210627 -4.75230424356745 0.00600601116978386 -3.05688495574963 0.215785172326076 -2.95995265550046 0.556535604377164 -1.80074238325045 0.534560334067307 -5.136334767462 0.162403406615712
200203 -0.564635243292799 0.971963427320333 -4.72244478777479 0.00686495445077566 -3.39390077718187 0.142931366469479 -3.54558788565829 0.31389943430144 -2.61705329504851 0.953435394497717 -5.89225355608356 0.0573334589487853
200204 -0.710125489038682 0.950474602625831 -4.79283642875581 0.00657654240010985 -3.68051745992364 0.101257911441358 -3.98370947058939 0.199737665847672 -3.22554304993949 0.755710956242823 -6.47878876661603 0.0250560475067533
200205 -1.01017446254186 0.768799383019487 -4.93336614498483 0.00544147624334476 -4.32486132694609 0.0345689494712436 -4.4213410444468 0.0872758799828719 -4.38077426070942 0.209356313831483 -7.66895224252835 0.00178234655691523
200206 -1.0373206229235 0.75324949174737 -4.9835515825231 0.00528615231525047 -4.50088620382456 0.0266179048866123 -4.48027059812768 0.0782857171414158 -4.80606728592265 0.123506655592274 -8.13431767946049 0.000714793751949981
200207 -1.00699147641985 0.768932072655017 -5.04612964373792 0.00497602244721137 -4.60488024491603 0.0231770525964472 -4.4269146902491 0.0835246111953279 -5.01130370034399 0.09249110810732 -8.38024036245695 0.00045187123213404
200208 -1.19136030007645 0.672647383918901 -5.04424086813449 0.00530503090003556 -4.64237691994511 0.0214560924429675 -4.60887262823293 0.0601317225160419 -4.85437711246648 0.106169024514611 -8.0887012437465 0.000750513992982589
200209 -1.21658355686902 0.66604764245583 -5.06676338653249 0.00539843127770988 -4.63764065861798 0.0226095863376037 -4.6403737780752 0.0596659501957463 -4.84316430735501 0.110099291836674 -8.09388796337742 0.000811057025120963
200210 -1.15973234666162 0.703291907627325 -4.99974989444543 0.00645904009884222 -4.64316353995222 0.0234896821845529 -4.66359843707669 0.0611836280887994 -4.82268812591629 0.115785666657211 -8.09356692602286 0.000882317106179217
200211 -1.78923491898502 0.411707587284032 -5.16976450026199 0.00494827517351852 -4.95369884193491 0.0132377326652674 -5.18536611843814 0.0232320211877684 -4.83166222955376 0.0913972263517151 -8.02401594836926 0.000780874924520455
200212 -1.81889768420951 0.406373319671227 -5.19562646008804 0.00505587403790048 -5.0036786550421 0.0128957653425165 -5.23569894756466 0.0225031629474046 -4.84016812259693 0.0926169945944227 -8.0478872759838 0.000812589728079778
200301 -1.46710927790938 0.553479660096631 -5.17907079977864 0.00562071474143783 -4.71888361867114 0.0208601956532361 -4.60612361971953 0.0553667539158277 -4.41755502485019 0.14581560967735 -7.75038854862007 0.00135681306327792
200302 -1.39903353623438 0.594722234877577 -5.11339478831945 0.00684901378648981 -4.72235143575699 0.0221558019107024 -4.5886007960938 0.0606137580764324 -4.32350051226191 0.168589281613094 -7.74404655420013 0.00151021537659712
200303 -1.26894779701463 0.668048631765445 -5.14686523724022 0.00707966869762944 -4.68200295840064 0.0252268946186189 -4.38103368675422 0.0848378152030056 -4.10878540898849 0.221462606491808 -7.65347437989254 0.00195751864724757
200304 -1.3350466585726 0.651247837319682 -5.19496568159219 0.0071608279641305 -4.82646510359013 0.0214592325999954 -4.59463061014427 0.0680984425631973 -4.24773082071515 0.198171261048912 -7.75399022382082 0.00176124421944713
200305 -1.28622826028308 0.683661712170452 -5.29650560252668 0.00648215113489555 -4.76097043713568 0.0248501836954727 -4.48010939896011 0.0824295255532556 -4.19004797977653 0.214730935948622 -7.72112153785094 0.00199189711187938
200306 -1.03325690832914 0.805086336745091 -5.10633306341171 0.00928994495243718 -4.61116763675087 0.0313717379829557 -4.23305791817705 0.11015396541456 -3.95290539595023 0.259159499330191 -7.63092873309092 0.00228384746732561
200307 -0.888356329701367 0.879489102636014 -4.93807539386835 0.0127900083207733 -4.51974451259858 0.036959759891144 -4.10455288048965 0.129911671123938 -3.80328615971037 0.295552339246419 -7.56775315341351 0.00266930958409189
200308 -0.78562904685171 0.92882407808046 -4.86210925792849 0.0149359786212474 -4.52434328530034 0.0375588772599306 -3.98432741195147 0.148821980517799 -3.72946703508628 0.308982310706016 -7.62918949894407 0.00244802434686923
200309 -0.626842326283206 0.991885309708649 -4.79427737089908 0.0166848399551498 -4.63675139707711 0.0311935131658436 -3.75009027280551 0.179165834135877 -3.61446667051146 0.31150955950646 -7.77176201015537 0.00170831636846567
200310 -0.599443744178818 0.994150749504398 -4.70696318889638 0.019643331474361 -4.64280415928007 0.0321464916643941 -3.72904782487233 0.186549278869236 -3.575441071232 0.322876877950341 -7.7733287438424 0.001830525811352
200311 -0.483906648763766 0.947483450824737 -4.67997905194029 0.0212122562557922 -4.76004264254712 0.0272463718478291 -3.60343214890202 0.206166604341647 -3.55473860844915 0.318371534322586 -7.90275999722396 0.00142628787910368
200312 -0.460062733882638 0.935840990083102 -4.68793217852082 0.0220028072682475 -4.77798823713844 0.0277047005260606 -3.57382119819898 0.215502227497033 -3.54030250924997 0.325676561491634 -7.9282333148716 0.00147159247847409
200401 -0.446162278384721 0.929120014476735 -4.70951298948463 0.0223126478722599 -4.78995501980273 0.0284038655022137 -3.54627953211737 0.223957553390137 -3.52961343266875 0.331940890314598 -7.94922484821923 0.0015303643712416
200402 -0.406499290269369 0.916128632023037 -4.7057298347726 0.0229417330024147 -4.91639530699155 0.0242559493327865 -3.52026546835187 0.226440157230455 -3.5396555077349 0.318564827836587 -8.05526038137623 0.00129736997174157
200403 -0.400017032647382 0.914165487982228 -4.70723000515054 0.0240066957467801 -4.95173627572032 0.0241658069027349 -3.52178123986397 0.229069396927805 -3.55176337746559 0.318218565420236 -8.08348551843117 0.00133770004737067
200404 -0.401541975391484 0.919808935805211 -4.75493677348082 0.0229274454167917 -5.06735094906807 0.0211006247976222 -3.51717289123807 0.228496042902593 -3.56533498838794 0.305629381158022 -8.1523429908628 0.00121101591636631
200405 -0.273759020991626 0.877594095441532 -4.66585227000755 0.0267566689837223 -4.81137732030854 0.0294571999976274 -3.34504458292633 0.250486954780258 -3.40639358126031 0.324755331990842 -7.9104880575275 0.00163488392618461
200406 -0.273955332352105 0.878695323235472 -4.65493429969699 0.028405636657825 -4.80321902329037 0.0311739330323699 -3.34376505059097 0.254695990800319 -3.40227673228066 0.329457432752444 -7.90461636983315 0.00179888445106451
200407 -0.2720073677553 0.882341683182738 -4.67727484477964 0.0285833827775921 -4.87447803655361 0.0290086275385812 -3.35065978563025 0.250356696224728 -3.41178358236316 0.319823152845744 -7.92058898913302 0.00178112584381268
200408 -0.271758755270279 0.882806796054728 -4.71242493204285 0.0285350655315963 -4.87669595157245 0.0303039270264575 -3.34836876989026 0.254888191842042 -3.41969077484878 0.322042958484703 -7.92851061581858 0.00192816789240078
200409 -0.259483053916854 0.878008071350396 -4.72511193364082 0.0294188346435263 -4.86799636715838 0.0320965650904417 -3.34577765109716 0.259247527648826 -3.41246895501932 0.328143907054559 -7.9100781975699 0.00217858256617411
200410 -0.246468001834499 0.873371734917509 -4.71855584142149 0.0310545886299427 -4.85777702078727 0.0339158210247276 -3.34003649519721 0.263895189437964 -3.3837368127728 0.338726239143816 -7.85009347841075 0.00259158425687294
200411 -0.246610268956116 0.874525273832745 -4.72174816248583 0.0323916585217983 -4.85653783156768 0.0355272973832605 -3.33875242843376 0.26833845807511 -3.38391353191365 0.342871286242583 -7.85767134527402 0.00278563345871844
200412 -0.248531549507325 0.881065579946285 -4.77116383995746 0.0315624392997569 -4.9073985899259 0.0334481974415904 -3.30488120255585 0.270082731314168 -3.32949311089663 0.345360472247503 -7.76063058177459 0.0031174030510578
200501 -0.264429300383839 0.889622725912762 -4.79300295284641 0.0322293708683856 -4.94095282780729 0.0335455340302676 -3.32472444570482 0.268765539162686 -3.35573833081371 0.341587501372643 -7.7519861858885 0.00340175191024486
200502 -0.250440540862251 0.884734832588146 -4.78969466502566 0.0337180420327038 -4.91686729194882 0.0359588085922084 -3.31598994108262 0.273722846492216 -3.35748723371294 0.341718809306102 -7.67083912211828 0.0041001803892004
200503 -0.22670703311678 0.876548794630457 -4.78971625921101 0.0352992220603696 -4.9140227890788 0.0373658502739161 -3.29767302834596 0.279114864472797 -3.37719376914465 0.33685011170473 -7.62556492264139 0.00459171658486475
200504 -0.221326386519527 0.875019883503405 -4.79390540403306 0.0368123328290382 -4.91405367411983 0.0391339499888668 -3.29294374676516 0.284606537942858 -3.37791809737755 0.341055441534218 -7.62566869039574 0.0049759161449436
200505 -0.32550095670818 0.92311734550159 -4.86797978621973 0.035165942960119 -5.04766917608523 0.0344119748328442 -3.34305037058988 0.273073488759819 -3.38538090564653 0.336494670637175 -7.79891913274147 0.00403214307399682
200506 -0.313288734705974 0.91861659767566 -4.86925349283265 0.0367858587657878 -5.04764274266911 0.0360918373308992 -3.34160690389125 0.277842991184563 -3.37736644358539 0.343079794042952 -7.7991011427643 0.0043757929846374
200507 -0.291497838255039 0.911899498873065 -4.88161529634785 0.0378835342181028 -5.07047015626216 0.0362021456265943 -3.30234274013232 0.286867350321624 -3.40352770606649 0.334161168864022 -7.77187629568454 0.00468963324399224
200508 -0.299334465317025 0.916113384146051 -4.90784260863222 0.0386162598664071 -5.13915665278601 0.0351167951614789 -3.30332047233506 0.290479730712475 -3.43905303047196 0.329230257075064 -7.82630300626814 0.00469678059930833
200509 -0.298585598839995 0.916726106917532 -4.92104666032882 0.039904720886384 -5.18754329582463 0.0349189860770908 -3.29064966354684 0.297620882691324 -3.44559168918137 0.331679936582336 -7.87978549708874 0.00473894216775894
200510 -0.292565809641432 0.915366355406863 -4.92504052956297 0.0416684521201438 -5.23911582740848 0.0346568484141808 -3.27089539330638 0.306607471698364 -3.44535841719902 0.336157167055845 -7.93976886780656 0.00475715866816825
200511 -0.341117153823745 0.937414141572723 -4.92854568574996 0.0434333609943334 -5.18896879717778 0.0381148976991262 -3.35132670767173 0.290545642119758 -3.49320627490131 0.325419671579002 -7.87652616551493 0.00544607240374165
200512 -0.333393258189063 0.934736079265486 -4.92855836203621 0.0455020791742175 -5.18904538760618 0.0400516798431761 -3.36018719919904 0.293703734507325 -3.49641742992064 0.329410221450766 -7.87467669146131 0.00592821485729595
200601 -0.321435433149309 0.93049053784226 -4.92108441805066 0.0478938309487635 -5.21398375084758 0.0408941622350299 -3.33875311362528 0.303336040743569 -3.46402724289503 0.340983711997966 -7.89911520359297 0.00620773472297092
200602 -0.274374198749827 0.916759497345181 -4.9480845319922 0.048215337080961 -5.41777076810233 0.0333232034495879 -3.15536504771168 0.340807621734004 -3.29011033618392 0.373135760457198 -8.02497214684268 0.00523374365533197
200603 -0.265044333517439 0.914118280144325 -4.9449402975021 0.0506683629547659 -5.46073847741555 0.0336258202528978 -3.13717320545741 0.350032724839066 -3.28617656072461 0.378904683028484 -8.06130197109594 0.0054501883779334
200604 -0.252407280581868 0.911178636360115 -4.98997155640395 0.0505325210543133 -5.60980335400132 0.0300869227734458 -3.08292277916338 0.365688408138919 -3.24405100450074 0.390178754001994 -8.15572796173181 0.00515901808253024
200605 -0.244877356002604 0.909374117791752 -4.99845224792927 0.0525077758535754 -5.69665739589511 0.0290031116209251 -3.04485596481008 0.379576043501792 -3.21474126311272 0.401900787229075 -8.19239367120221 0.00535154162799091
200606 -0.298840963855285 0.932332950454298 -5.01017845621718 0.0539142578187912 -5.62450743635126 0.0325907889513188 -3.15731945840678 0.354843873579711 -3.38588446825905 0.359760860096186 -8.22412458918354 0.00541618883287614
200607 -0.323766737719788 0.942354652040408 -5.01495459023562 0.0559862693476375 -5.58421297821372 0.0357033970011971 -3.22981677844325 0.342636144143006 -3.4858960780735 0.339685126612413 -8.22991177594989 0.00578656551075408
200608 -0.332071738761197 0.945943633639494 -5.0006940530553 0.0590492429588843 -5.56594436001778 0.0383409093794029 -3.24905660068333 0.343592098933581 -3.51780876655383 0.336523718803153 -8.24452122228978 0.00617730428384105
200609 -0.338296728987642 0.948822704730344 -4.99948644878498 0.0618662772706873 -5.55562219104984 0.0408514981059355 -3.26732378317325 0.344645257164159 -3.52786162037979 0.339275963233857 -8.26599630426512 0.00656593804046408
200610 -0.344153265242597 0.951653276331037 -4.98657910001776 0.0653666541108891 -5.54046889351358 0.043597218491512 -3.28625529175948 0.345357916560092 -3.55129326476262 0.33830482645909 -8.33252643244329 0.0066195380706284
200611 -0.344099266708398 0.952156568907288 -4.98809146280741 0.0682815168567555 -5.54342442156719 0.0458138990841116 -3.28635336361345 0.350653103882033 -3.55290541921811 0.343359274371682 -8.34247965531807 0.00716872000753995
200612 -0.378834120673521 0.965199280484458 -5.03892014232357 0.068398802283053 -5.62209736107011 0.0448487189923504 -3.31527698819409 0.349057237957649 -3.56237442800724 0.34581310411157 -8.32246733686333 0.00793962768234725
200701 -0.392530245068978 0.96996597448932 -5.05744280736216 0.0706217591677052 -5.66929355188179 0.0453627288634411 -3.35398284068444 0.346561480492989 -3.57838231188623 0.347934787891255 -8.31293794048047 0.00873545605919706
200702 -0.402715093878969 0.973055155404657 -5.17106736859623 0.067420337186187 -5.78037802688125 0.0436231781764528 -3.38860799518266 0.345533590356491 -3.63040071776359 0.343175013255577 -8.34928942226469 0.00916866204434452
200703 -0.465406288661163 0.993885171242894 -5.379819183187 0.0593980321425215 -6.01088954929394 0.0375915406601257 -3.52454118542951 0.324442998591263 -3.7710862822627 0.319743790889336 -8.40635935893284 0.00931525730958393
200704 -0.523935474848192 0.987573895916839 -5.49078330351824 0.0572471552957964 -6.22088967892009 0.033265515976264 -3.68754809932008 0.300930839442645 -3.87524292264123 0.306223432777305 -8.47307594765736 0.00945696735033862
200705 -0.498241917922559 0.997648291139887 -5.48234743347604 0.0610904870123341 -6.25599256302869 0.0346667592758231 -3.69549106506661 0.307334933390404 -3.84997137625687 0.318389059424125 -8.46139326147497 0.0104417493791127
200706 -0.475409833005513 0.993398490130661 -5.48517143805927 0.0645718247201273 -6.26724425864023 0.0368563938023971 -3.69596042233622 0.316210861673648 -3.81543616771416 0.333022135936771 -8.44525933611231 0.0115679148654173
200707 -0.356963589192949 0.95218440160248 -5.64005165980805 0.0608110660551223 -6.24595182465377 0.0403819709784803 -3.6014557849585 0.347687449219621 -3.78468357598516 0.350583737386241 -8.40001631851739 0.0131502734893745
200708 -0.168067358687707 0.89276994944041 -5.66825845875021 0.0631392801740539 -6.00552165493711 0.0520436979671794 -3.1341147510034 0.454956372461989 -3.45057694054129 0.426010007662414 -8.17447993565628 0.0171526943248008
200709 0.0138537398167493 0.83864532415898 -5.39444674919012 0.081363523220543 -5.61596651727756 0.0732680529832574 -2.53343905758154 0.60993008957286 -2.80924449103843 0.572461666465731 -7.7623247682663 0.0252122070479859
200710 0.288145249199834 0.757914695069672 -5.20346907131175 0.0985954436484668 -5.12905336344613 0.10960630340883 -1.67342217608542 0.866135969049401 -1.99442360256632 0.797759242039369 -7.06410711984382 0.0472910154783797
200711 0.650701354733729 0.649746289116091 -5.38383415561432 0.0943632597072251 -4.83016798230724 0.145562260904191 -0.725416211232921 0.810699211432034 -1.20751495658276 0.936006849356189 -6.63914094001334 0.0740217059886875
200712 1.67972490850711 0.392690266494499 -4.71850130391378 0.161650018084237 -3.17633886312996 0.391280406818412 2.13029487944745 0.164786355112973 1.3835506954249 0.281487699621405 -4.5076588977131 0.29607987207506
200801 1.99879382046975 0.327805138369438 -4.85003088905298 0.162679243922626 -2.90991034843251 0.468714914938934 3.15925430024708 0.0640464070258292 2.19559579209491 0.153269791991215 -4.2152116397429 0.380447798404008
200802 2.00018939642622 0.327703173137606 -5.46789538316805 0.122674646435026 -3.32080800723007 0.408963956405241 3.29741102250581 0.0463210108419851 2.21100582387382 0.137833884393613 -4.8483411478025 0.305773250721376
200803 1.93674958551961 0.33692011150046 -7.6144844299419 0.0317458170286379 -4.33735017827925 0.267323321554396 3.75595942320527 0.0202645082179361 1.92061692544668 0.142752247611154 -6.000550267156 0.193766314812516
200804 2.04780063864696 0.316234950377063 -8.51932381430578 0.0201820523979486 -4.77349822901714 0.237252434298418 4.20446748036692 0.00897417297274507 2.31496664234145 0.0889392940360236 -6.75763326476109 0.15506568578769
200805 2.11914631946298 0.308920524958588 -8.58996676943537 0.0233628063341664 -4.83354754464966 0.262241135969461 5.2172146060488 0.00216685584232065 3.57470176350737 0.0259371617675577 -6.84236047621287 0.202846749518579
200806 2.11514925385152 0.31596802921443 -9.93826355744158 0.0100476077921173 -5.96046618387911 0.170286163501908 5.35332447282167 0.00174329301626507 3.49359165633449 0.0256845850788363 -9.00830308296952 0.0887904035496841
200807 2.11902498538082 0.324425857303708 -10.6602703691875 0.00672103292701188 -4.86452840096543 0.357210328135873 6.40928863081233 0.000494980740618832 4.36439537362222 0.0109527676186727 -7.74348266441105 0.299136428963875
200808 2.06215834283971 0.342976967925307 -10.7163644709699 0.00763277708928396 -4.46301239043068 0.497806832954067 6.77446711018251 0.000345893542888764 4.80514927243315 0.00731712939778782 -7.55966828344672 0.491187110281297
200809 2.10906779783576 0.341440165419276 -11.1339872457961 0.00656896919425025 -5.92841751289248 0.327533130606232 6.68119046487926 0.000479136331145514 4.70829802116279 0.00879674498530551 -10.3678136188173 0.246729485309939
200810 1.74913732401166 0.419471682585519 -10.9608612113759 0.00852037153090815 -3.96490698542091 0.768101329872588 6.40943083072712 0.000918828740010999 4.95547771675212 0.00809525018047818 -7.97231797514064 0.780894037295575
200811 1.09771619672415 0.565879668060724 -11.050646736078 0.00885879377817625 -1.20266073709416 0.58598950194682 5.11435578896665 0.00577349866184376 4.20211650545925 0.0226924320435938 -4.53331041215754 0.516410560451996
200812 1.32539022104836 0.507266020976833 -10.1599336361001 0.0186291836570923 -0.938767192601886 0.529535251281492 4.82215325172028 0.00645605435586233 3.8329241510243 0.0319948178216609 -4.31369460485527 0.490149621213602
200901 2.2616326481279 0.323939897880926 -9.61777631607623 0.0304871211084892 -1.22112813229167 0.612951843550051 7.14189908154623 0.000317118155754797 5.55708711229399 0.00634301910406115 -3.93770316166191 0.461383039357868
200902 1.28616242327263 0.49517440230981 -6.0719264930128 0.208122092626303 -1.1048402992762 0.63543706952032 4.05817335403612 0.0101230169661299 4.0605579159152 0.0279764359566338 -3.91616021774777 0.553086097395358
200903 -0.98634013880019 0.973858095296072 -0.3494240637129 0.669739545278646 -2.83252657091133 0.898201507990257 -3.91386885523257 0.793089166239717 0.0306333467166797 0.349683421928638 -6.77042604620401 0.673172709525862
200904 -1.90346771334817 0.91087711542014 -4.04249324764701 0.550015308187536 -3.22844357703373 0.830880255785647 -5.68363073331088 0.758869190046172 -1.07711355613886 0.437797146357507 -7.654613070354 0.571056520838869
