"V1" "V2" "V3" "V4" "V5" "V6" "V7" "V8" "V9" "V10" "V11"
199507 -6.59580181464476 0.000897016464212762 -5.9290904431047 2.34117280529451e-05 0.915878481280419 7.14568709790522e-11 -2.41846813870763 0.122680132708359 -6.66850848513014 0.00160741547982832
199508 -6.58379439799526 0.000990651549992518 -5.93423465129921 2.46614696510052e-05 0.915287861240022 8.41762475619917e-11 -2.41795218329481 0.124271597896008 -6.6894069708219 0.00156918415837881
199509 -6.50285032811544 0.00139923838663183 -5.88919175068991 3.17610558436293e-05 0.929659564415397 8.91655053107494e-11 -2.2770216060805 0.0839392591174655 -6.64913013285688 0.00190979700942381
199510 -6.45372835454636 0.00181875231427714 -5.87472640131628 3.6645001119269e-05 0.9337933306093 1.02206440172707e-10 -2.27328997972418 0.0853681694973524 -6.6209954489421 0.002232724477405
199511 -6.51262852401067 0.00163661326699394 -5.89876911393055 3.66131885168704e-05 0.936508998704433 1.17449936569607e-10 -2.28594070203345 0.0868619831326918 -6.66360153257801 0.0020892605298198
199512 -6.4957124258803 0.00170522582760271 -5.92940732779519 3.43062167233016e-05 0.96671584391016 1.1182054127268e-10 -2.4361005235749 0.124408730382793 -6.64856571073662 0.00220708544454537
199601 -6.50043243567799 0.00175155167695038 -5.92818068971823 3.71651650204658e-05 0.965315034167735 1.32146790436405e-10 -2.44814011188346 0.124332028441246 -6.65728702203876 0.00225134517412712
199602 -6.42327081444141 0.00235978223337374 -5.93740137044487 3.78977052585755e-05 0.979045443895477 1.40734088950711e-10 -2.5191318598651 0.150018899269656 -6.63814365277977 0.00246693552712595
199603 -6.39285934069345 0.00271691246445186 -5.92090581771043 4.38564919428958e-05 0.963832720064184 1.75303764156882e-10 -2.53700546989943 0.159160612681369 -6.63308494885464 0.0026000627759386
199604 -6.40299152233612 0.00274468060873711 -5.92065583946699 4.71298056411527e-05 0.951484842607597 2.03944433693135e-10 -2.53033105064759 0.157700537606776 -6.62756852895008 0.00276133073315581
199605 -6.31475739494936 0.00392869802524131 -5.90136786424615 5.37082501982598e-05 0.962588219748117 2.22722467278027e-10 -2.45825983637122 0.136686404160394 -6.61879336485194 0.00291352643120647
199606 -6.34794644200372 0.00347520889758668 -5.90147066989268 5.65776476410681e-05 0.930191126750679 3.1267110904854e-10 -2.50463421495941 0.160873002439004 -6.64904650351374 0.00264828378647429
199607 -6.18223175279455 0.00684532267145366 -5.87381044701814 7.18992612619869e-05 1.04271134665959 1.34391698449218e-10 -2.2944885585124 0.0930171791114887 -6.54327066409497 0.00403409666084204
199608 -6.1971148818849 0.00679463007427194 -5.90175109078681 6.86669768037029e-05 1.03691775607337 1.64161280233427e-10 -2.30140003151564 0.0942345379209527 -6.56580737707844 0.00393371862004998
199609 -6.17344451956399 0.00765408156872417 -5.87587172275816 8.34022624543772e-05 1.0577549403089 1.50824164488679e-10 -2.26416842275634 0.0814361842983494 -6.54961793371385 0.00439841873762342
199610 -6.11568835700276 0.00903160831645569 -5.93161577353365 6.62272293229106e-05 1.09659636636599 1.3908305498268e-10 -2.15285332058464 0.0659180379918604 -6.61018612416755 0.00365731420842305
199611 -6.03095479046754 0.0121176599587259 -5.90507320427902 8.13308356785712e-05 1.14060034372303 1.00017609963357e-10 -2.01086976018547 0.0445778707942334 -6.54338563108683 0.00493578406069208
199612 -5.99012216111958 0.0142184570539139 -5.81965336059802 0.000108713769632825 1.18408554833502 9.04975849295595e-11 -1.95008962769443 0.037429903918974 -6.51217542008973 0.00570445111912684
199701 -6.00764766387063 0.0140918579949282 -5.91613458648377 7.2527651493106e-05 1.13934130466863 1.34125591193932e-10 -1.99611905160295 0.0370974586055986 -6.54920248510209 0.00545925623020239
199702 -5.91537714666646 0.0181379144385187 -5.9743746901876 5.91012582189563e-05 1.02545167850606 3.31498448522213e-10 -1.99602226798936 0.0395612805564473 -6.50391465609979 0.00623452388148267
199703 -5.943924391278 0.0183198334979528 -5.93990362393439 7.31103197943544e-05 1.07706382830612 2.3641676135764e-10 -2.10002339272821 0.0434324920754555 -6.53621468652799 0.0064571295631522
199704 -5.99319773161153 0.0166412064458219 -5.97984492240271 6.56756148812717e-05 1.03607788172567 3.43472917024662e-10 -2.19560215564829 0.0540880072100938 -6.59406272886547 0.00570838463077999
199705 -6.20133670599428 0.00984780947626861 -6.17884613290329 3.2141815399193e-05 0.922013943819855 7.57258478203124e-10 -2.43558540922719 0.0958667827556296 -6.72583892460654 0.00395405522685196
199706 -6.23305994568613 0.00952800618685066 -6.17924980017812 3.51542194759864e-05 0.9188335748194 9.07705309125758e-10 -2.42330975572407 0.0842125767854893 -6.75715426315595 0.00382661834349727
199707 -6.44051866046516 0.00537963711979385 -6.35750425708863 1.84374061346845e-05 0.732661114066147 2.76085743456345e-09 -2.42936568439867 0.0914931057475419 -7.00618866246905 0.00190721715666754
199708 -6.04770391001173 0.0158260387307777 -6.09321836908181 5.30417342143426e-05 0.877770468996142 1.55587956516299e-09 -1.69837287987553 0.0141375837853436 -6.65455971358466 0.00551843515601832
199709 -5.86473613463765 0.0261851861977234 -5.98915268038489 8.24708937153315e-05 0.961571001202 1.10701260444683e-09 -1.32338821060849 0.00470174973412287 -6.49347019052871 0.00932029387569691
199710 -5.67584365474414 0.0422782665194532 -5.75651385725136 0.000203915974850587 1.17135532951061 3.39128692397088e-10 -1.18176705762738 0.00361562824578909 -6.35702818962538 0.0137850445688718
199711 -5.76665218364403 0.0356097100543942 -5.62776374662239 0.000296219695806857 1.19771204542803 3.36772237685593e-10 -1.20594263615637 0.00410850073853771 -6.36816502003144 0.0138107713822978
199712 -5.79479210077394 0.0316686866381179 -5.63254656032726 0.000293934051153609 1.32240803861431 2.084574135444e-10 -1.31737286762947 0.00962779777436565 -6.51052487998327 0.00894368703211547
199801 -5.73221462793019 0.037434255475127 -5.80107235607852 0.000113759214302836 1.28516335151508 3.08944853141833e-10 -1.48504001473773 0.0164379730297197 -6.42356602098342 0.0117051378298804
199802 -5.97339282119056 0.023610061405105 -5.73822461124096 0.000158156034719956 1.27630607236888 3.48860438626362e-10 -1.44391104804591 0.0144882920901093 -6.50307985784473 0.010366909896186
199803 -5.95124261877742 0.0271316694187695 -5.78777260817054 0.000143966146070915 1.28610221077419 3.83306553442522e-10 -1.38023907556826 0.0125360173804226 -6.47749029762505 0.0117436864019451
199804 -5.98183109658605 0.0263139693606055 -5.78617423268761 0.000154245958923293 1.28926393020443 4.44903327526052e-10 -1.37874977492949 0.0128937537719597 -6.47716319393148 0.0121462056365698
199805 -5.95207152688579 0.0287963869891508 -5.83296064613315 0.000142511836519025 1.2470934010148 6.03163627039373e-10 -1.38347343663572 0.0128825316720325 -6.53248084905813 0.0111940507603544
199806 -5.91235626639284 0.0328176716693653 -5.84969668798854 0.000143675897034469 1.2827201380595 5.33217263035857e-10 -1.33949066685786 0.0110768543633334 -6.52613014183112 0.0118002548320277
199807 -5.81534058907176 0.043768873169715 -6.1375351875423 5.58300355120672e-05 1.28922479508582 6.31955020001124e-10 -1.25037887258446 0.009135638003438 -6.44304848125075 0.015000095376554
199808 -5.50881163728987 0.159945764074317 -6.75098802042542 7.12359930121106e-06 1.67258804205273 2.6629579707033e-11 -0.679729283401453 0.000699873078619213 -6.36520045615112 0.0509928525773604
199809 -5.49655363874348 0.155538022303197 -6.77033032511785 7.44016560381596e-06 1.43483603657577 1.06081161217747e-10 -2.05569214159089 0.0601438129047303 -6.3200024407275 0.0370697861410734
199810 -6.41125847904693 0.0259374177252782 -6.96160009925693 3.84334399324142e-06 1.25713695650012 5.04697989015803e-10 -2.21173980244713 0.113785600037242 -7.11928493599774 0.00209338131537674
199811 -5.99640414685956 0.0684256337128787 -6.92926217973668 4.75680291021024e-06 1.14975614813621 1.01283460618746e-09 -2.10051694644431 0.0887283026093143 -6.93914852231448 0.00361660889677065
199812 -5.82219664721917 0.0981330348804952 -6.92163775319703 5.38705042354516e-06 1.49893783296813 1.00806125824183e-10 -1.91163560770109 0.0610212273816351 -6.72818247336355 0.00560093033101619
199901 -5.83579051436784 0.0970040937089266 -6.99560549461391 4.41915088714292e-06 1.7015274793207 2.50663879302671e-11 -1.85035344167477 0.0553834920493061 -6.73076172899689 0.00576009945816887
199902 -6.15360062019803 0.0485204986558829 -7.10379843090225 3.16844314711047e-06 1.1280370032037 1.07454107233697e-09 -1.88690415480703 0.0816053147573384 -6.70304905089467 0.00362068108823322
199903 -6.04594403724494 0.0559714570057021 -7.24835024778037 2.0023480566489e-06 1.17030982160095 9.62848200342936e-10 -1.90622330760171 0.0873736009657338 -6.71192446596003 0.00331731399330115
199904 -6.14485234348163 0.0378725656507951 -7.78720925342022 2.58700149535015e-07 1.11917473584092 2.27837316123356e-09 -1.79272220836193 0.0620563244938401 -7.00362768380081 0.00129523675578067
199905 -5.80091950106196 0.0696265705034995 -7.47556178629554 7.72339426573365e-07 1.12060065105741 2.64254135389219e-09 -1.96713619479387 0.0936185890653045 -6.58955885967238 0.00376790931962129
199906 -5.96827509897142 0.0476585267810609 -7.48119646311636 7.33375544045785e-07 1.26190384596032 1.20801937948247e-09 -1.78923138519198 0.0676141823318751 -6.63303294258206 0.00336047895285911
199907 -5.90552820917296 0.059865005990635 -7.35791366678766 1.17112048744002e-06 1.17646426092474 2.52562426297591e-09 -2.5064620875378 0.316057484243782 -7.09042971974374 0.00090033679983243
199908 -5.77431728372209 0.0856373274997989 -7.34243177905367 1.38457739936529e-06 1.17656027047873 2.98688028382158e-09 -2.46800365792836 0.299720483681374 -7.12561526992637 0.000931763125242108
199909 -6.19736137273901 0.0298123018123501 -7.41522263914991 1.20742399591904e-06 1.26746528890176 4.65822212219662e-09 -3.08212850048561 0.620561001229996 -7.54750826120394 0.000205944915075975
199910 -5.90852922674538 0.0531384678652685 -7.39779780604803 1.45044072072694e-06 1.38962348130829 3.10167946014326e-09 -2.72189107584604 0.366869279733033 -7.28835444847498 0.000557938076843155
199911 -5.66691731285631 0.0600964751463097 -7.50000140538254 8.39020119369152e-07 1.88253078993791 2.5721465615921e-10 -2.72188685257624 0.369388988167354 -7.39611536091416 0.000422951193210784
199912 -4.94060127571097 0.121058830617768 -7.06364205884709 3.98043614470753e-06 2.47965784959457 6.25988972738031e-12 -3.08317461226471 0.54918140622881 -7.17237561028237 0.000459371004685188
200001 -5.97629956039945 0.0155070100666776 -7.34941952124433 1.48460475663511e-06 3.37836906211668 8.86808192143468e-14 -2.65662781744056 0.318711113653599 -7.4345464335771 0.000216932589101951
200002 -6.38221848033556 0.006407353219423 -6.61599464102742 1.62608553868254e-05 3.11180329227456 4.97070867960941e-13 -3.26552414353016 0.893988831309525 -8.30778322711927 7.77509980828466e-06
200003 -1.81608386338039 0.615283919540179 -5.79126910127588 0.000206228095305683 3.24041352271529 5.33110495987068e-12 -3.23225973424779 0.959756749959092 -5.32742115380742 0.0124961314006999
200004 -1.89482884281855 0.666713520701013 -5.70671815289219 0.000229334209616354 2.13129848730648 1.05302909751464e-08 -3.67770154663303 0.504011347338182 -4.92347221946716 0.0281266040018561
200005 -1.93942073423483 0.701469080706034 -5.58826503181975 0.000266039025589438 0.927743828989214 8.97300329682978e-06 -3.85035810973648 0.244225572482448 -5.0042051652212 0.020065033983258
200006 -1.9707605588408 0.721655878481515 -5.62684005132088 0.000257292105207703 1.68228893578698 4.64934031021206e-07 -4.79315054951079 0.0497722068403514 -4.91055802739935 0.0254578205154119
200007 -1.93243195455941 0.700687755093735 -5.59687411204128 0.00030047001347356 1.7049500991473 4.24148224202362e-07 -4.81820971688427 0.0543084821190988 -4.8685290964998 0.0290511675523804
200008 -2.11190457662842 0.857630992829419 -5.32958189210235 0.000708474922395331 1.9660417748455 1.34404240359337e-07 -4.8833028089841 0.0486312652262294 -4.40626765459344 0.0711746442363103
200009 -2.16151683091583 0.985053976774712 -5.23560605882518 0.000934295648988582 2.35609662962688 1.31492917816574e-08 -4.89114196559042 0.0495255924618568 -4.06670753352623 0.0917451933960958
200010 -2.04177091994486 0.928169112953597 -5.22488449752347 0.00100173623193269 2.11915935011076 4.91189225207382e-08 -4.93332154934591 0.0432306258599799 -4.10069666535164 0.0880400003281598
200011 -2.04620417368819 0.736247708227728 -5.48049082604374 0.000384552475084778 -0.425767103316432 0.000964000054342442 -4.51687175259603 0.0577976202650244 -4.64183467793231 0.0283146479793207
200012 -1.44909110454112 0.91262592838393 -5.26656223446631 0.000753641228342932 -1.33690735197991 0.0286481936250944 -4.65945836796804 0.0328047297737829 -3.61966413797976 0.124320668572866
200101 -1.18705023664345 0.757181153138213 -5.40388813324715 0.000536279655601997 -0.51470844072572 0.00330430419315196 -4.26192308038305 0.083379910535915 -3.65043956731721 0.112999709715766
200102 -0.91153455094688 0.591243341704208 -5.33476425102219 0.000687588671004358 0.736051791184467 1.23639902350207e-05 -4.32765545280334 0.0750035590085062 -3.4023569952585 0.16808872701034
200103 -0.181755726585364 0.276496303137901 -5.01107123218052 0.00162726857069236 -0.152299028789527 0.000294909943223642 -3.95766524952501 0.160303669709954 -3.14856204193699 0.241640071519205
200104 -0.0280726431052036 0.225843039281607 -4.98482075396434 0.00192520408169921 0.953897390865432 5.27808876995822e-06 -4.06798189896971 0.135578682690567 -2.99334089613128 0.297785074484136
200105 -0.0517209892230808 0.241800827794545 -4.99079152679354 0.00198406665602993 0.917047804084281 6.59025374647391e-06 -4.1198670335433 0.125854237773606 -3.07032716057776 0.264964541229836
200106 0.134952975403801 0.190261035397109 -4.75558018584534 0.00380411457347985 0.921682073693431 7.25141138889162e-06 -4.33022177428273 0.091059051944049 -3.05515085364105 0.272735394730087
200107 0.351640663795416 0.148790015914844 -4.83593372337481 0.00317281638796268 0.424416084805423 6.72842271821707e-05 -4.33832896529778 0.09172657559247 -3.27378753417944 0.180560783306893
200108 0.163479357420637 0.202251678139603 -4.93874605051725 0.00253969627389292 -0.775533582435095 0.00325020594318862 -3.94548409804394 0.166411214524447 -3.31386454897911 0.176532942790438
200109 0.355837703460904 0.14242116806802 -5.08874937580617 0.00204534749786253 -1.84288139092528 0.0313894438315102 -3.97231695279114 0.162900239995293 -3.56136641369966 0.128644800412236
200110 0.352738832813182 0.1455514539943 -5.09689745879542 0.00213911556688475 -1.05955803856255 0.00671126592031832 -3.80438714648343 0.169490316725685 -3.48977031241569 0.142955940172808
200111 -0.108394257427813 0.299338190267835 -5.16607865892356 0.00183236686085404 -2.34088249857494 0.124321334909615 -3.52798724238461 0.244563234692693 -3.82085410919359 0.0832655560110298
200112 -0.153972769764787 0.320769421714141 -5.19410276129852 0.00182661431473869 -2.2188006091199 0.114809150651257 -3.64655421885185 0.214486264275918 -3.86624822777253 0.0781755025073855
200201 -0.0887883288341218 0.300500218551942 -5.24366903218638 0.00167304524326742 -2.32930320059004 0.141534133225161 -3.48783116917173 0.26716649198115 -3.93955110176039 0.0710422918159144
200202 -0.103050766072177 0.310041919481118 -5.29749273185347 0.00155715902445671 -2.23488136973244 0.102146944630821 -3.57133700700165 0.237421138733392 -3.91699075394547 0.0753862369246777
200203 -0.0701362105641978 0.299739005153976 -5.29244575053855 0.00172099501935153 -1.7599728394124 0.0541097522544014 -3.5170960832402 0.25267822908005 -3.8846117958119 0.0820135527382556
200204 -0.0732125525949812 0.303855097596123 -5.3630405948303 0.00154200646718309 -2.05318505977017 0.0715233014690153 -3.34959178159191 0.339940563197068 -3.89644175929478 0.0834390917039559
200205 -0.0934325619326604 0.315410274352873 -5.41254911947167 0.00145546849123175 -2.2336738037519 0.119531120454018 -3.3834375993842 0.333784248654576 -3.92527379431622 0.0808252274564026
200206 -0.344967029663334 0.419812541909647 -5.50061167574931 0.00125951492104577 -3.35748685050858 0.451034681892857 -4.24492891148631 0.123399547059224 -4.17875906879805 0.0542972414668959
200207 -0.728117792649696 0.584986506473391 -5.66350747859821 0.00102268121013916 -4.04250774657366 0.773607902099938 -4.34657179404192 0.109820875302225 -4.37352779915865 0.0409572325355361
200208 -0.736134586260162 0.591416568639989 -5.65443151004368 0.00111951796969652 -4.04830191335732 0.777626544812573 -4.3538325275045 0.109308841956383 -4.37243789381134 0.0422636038683718
200209 -1.0370532242358 0.72980818197409 -6.01873195149889 0.00053237723692703 -5.23632164767567 0.66639816266797 -4.1610852242643 0.156638629067907 -4.68836633706462 0.0272954566280318
200210 -1.22385386279928 0.844875840481984 -6.09468937828221 0.000463609642259918 -4.88188526018931 0.920550666671109 -4.21894346947294 0.151535297398884 -4.89478466751605 0.0190330390753881
200211 -1.20852101647515 0.838750010982646 -6.05044937742438 0.000565263214156183 -4.85171683672005 0.770249597112879 -4.49047558096158 0.0894007639196864 -4.8723343347943 0.0207993376592313
200212 -1.31728721904998 0.896040277586878 -6.09688587056751 0.000543617294175651 -4.98735972731312 0.700425342861076 -4.32976091098609 0.119356929037955 -4.92954416721785 0.0199665433575495
200301 -1.32485065821635 0.887808427387177 -6.16165865926992 0.000511116257430389 -5.14623242256906 0.809268588983284 -4.41963108514147 0.103463909509276 -4.96764049050786 0.0194705121070173
200302 -1.32922372051238 0.887062322238237 -6.17402921569492 0.000539831268269553 -5.09925078337643 0.785464933224483 -4.66351939549814 0.0692836070641074 -5.01870508732261 0.0185596001448231
200303 -1.31709240044846 0.882572448510787 -6.15670738660588 0.000606991104690675 -5.1628095432541 0.841083591886573 -4.53044699333396 0.0863153788082084 -5.01661965254143 0.0192023602538959
200304 -1.44256562084888 0.939230728635315 -6.17437657965716 0.000638730255110282 -5.13731041368162 0.763799741596976 -4.59461761632651 0.0815009887945919 -5.29221677802585 0.0129043720041963
200305 -1.29634732344681 0.846733176327415 -6.12352883790939 0.000799644647997663 -5.1449460838735 0.717847707758353 -4.63407060899443 0.079679678338801 -5.22560766251969 0.0153859835305082
200306 -1.28743267690679 0.841200712394732 -6.12730891988056 0.000856952246510639 -5.12952476813691 0.718660013969893 -4.30589424923846 0.122684023747585 -5.22421241023596 0.0160325032360725
200307 -1.28896103595317 0.843066050636997 -6.12684946435313 0.000926708362009055 -5.18271373278396 0.743257981436873 -4.30644611154787 0.118686521430034 -5.21597935854199 0.017061593469061
200308 -1.05496701350349 0.717863111810123 -6.02582843266966 0.00124442302108287 -5.08461655979242 0.683875323754379 -4.6014237684413 0.0770375744784843 -5.2110439431218 0.0171728429632319
200309 -1.03642412211742 0.705138723408009 -6.03847413864018 0.00131428028972386 -5.02111003861125 0.648698289011566 -4.62940408097534 0.0692148216514196 -5.21202331861954 0.0179015936627475
200310 -1.37808165573388 0.885410678538348 -6.1625349045981 0.00109228928065023 -5.66620805828297 0.997250020883371 -4.61103479654674 0.0677925527630326 -5.40044386527627 0.0133350162757802
200311 -1.37126214433521 0.881948998467932 -6.15259532678947 0.00120101828142277 -5.67178694271517 0.994269940196238 -4.54941879596311 0.0736715529223956 -5.395229991159 0.0140019376078635
200312 -1.37142324619681 0.883203050975822 -6.28763826698839 0.0010155359488599 -5.64891480759631 0.98829623305496 -4.85531580699967 0.047821121614283 -5.45024295194059 0.0133593017102041
200401 -1.39487418361406 0.906070035232394 -6.30820438707442 0.00102913814977508 -5.28828796944321 0.834299897423765 -4.92625331934795 0.0440568569808963 -5.3819045615626 0.0154434348588845
200402 -1.32972146602801 0.864683587812097 -6.28943891756071 0.00115941037808191 -5.3017605545705 0.83308058176384 -4.86431854235907 0.0438842405202967 -5.33778841098129 0.0170551038007168
200403 -1.32710252275217 0.863828351652352 -6.29354098147996 0.00124333117516267 -5.3857803058313 0.870181146282127 -4.976269687725 0.039615980274121 -5.33348543286849 0.0179986132208856
200404 -1.20443162675339 0.808312938711233 -6.29410384087348 0.00134303772944335 -5.24221428183915 0.783028934215629 -4.77570817612689 0.0534986188202234 -5.15546037689936 0.0250193132946008
200405 -1.14097057836258 0.777699110978418 -6.29698314333922 0.0014334784028662 -5.36157287459389 0.877574140016551 -4.78271073725722 0.054804141615806 -5.1711899856326 0.0252897487502527
200406 -1.13941716128365 0.778494907453647 -6.31781124295987 0.00150417758918974 -5.30347107885192 0.85298590418833 -4.60289929796769 0.0683827386578511 -5.17644607059429 0.0258566834555356
200407 -1.11818250658275 0.755059523940799 -6.35421068504514 0.00150976555492298 -5.50638489128417 0.905878512080572 -5.06946274866189 0.0376087918209793 -5.20180219314961 0.0260847501213261
200408 -1.1349196230541 0.764986621577408 -6.3542295735326 0.0016309865454289 -5.63773620184829 0.965030311539151 -5.06919133931258 0.0390472014521948 -5.19086579665484 0.0275978885024507
200409 -1.13323240719199 0.766265591356053 -6.35150867436873 0.00178327851859721 -5.56781201466197 0.930851059122912 -5.05324243848764 0.0417605431842322 -5.19000986827625 0.0287763359607805
200410 -1.14418234140163 0.772423391293367 -6.35286719101007 0.00192076251714288 -5.632878308903 0.952064112183187 -5.10738771364985 0.0406578525123329 -5.190758649978 0.029913228069652
200411 -1.18815616799566 0.791927631026758 -6.44144345517423 0.00179325969596975 -5.77559884805079 0.990012137845901 -5.11163379969435 0.0418146058518088 -5.20759266117763 0.0306475591047976
200412 -1.15056755554794 0.770822762808995 -6.43754977097459 0.00194501961246637 -5.7242879690939 0.98031104419772 -4.94462550724843 0.0555768532578237 -5.1682709492713 0.0339247358738327
200501 -1.21744576317451 0.806724318259435 -6.45035811663077 0.00203577720881978 -6.29966538840547 0.751866265262809 -4.98764443496191 0.0561666239474209 -5.24359784595863 0.0316789544209367
200502 -1.21041497410506 0.805875465598505 -6.47711512688924 0.00218557409063303 -6.27683716915941 0.763236445228012 -4.77312219005217 0.0715748886221668 -5.24693123688063 0.0328369960559499
200503 -1.2444263390335 0.823599935491718 -6.51256266768563 0.00222370814634025 -6.37937791594287 0.719002508504749 -4.8216533168838 0.0688615672398894 -5.31860354506277 0.0309053380376348
200504 -1.37437701248568 0.879561202210761 -6.62081926885176 0.00201154182221103 -6.59258284079896 0.641352262987538 -4.88258984738283 0.0662771506640797 -5.35761412361195 0.0305206516357019
200505 -1.44001903063335 0.906449368194036 -6.63500646324191 0.0021239358325744 -6.69574397134518 0.622292303653311 -4.89369824849781 0.0669419978088421 -5.39631996149479 0.0301088450506096
200506 -1.43729734416485 0.907333476196219 -6.61116462871667 0.00238983958972139 -6.78536532023561 0.581867614861318 -4.75014627738637 0.0799863749877452 -5.39744005306317 0.0313632503678227
200507 -1.50516368892046 0.936249535636802 -6.64751120422071 0.00246191579421538 -6.81310915981135 0.588560388525869 -4.73566965091321 0.0845286029416754 -5.41078674270865 0.0321130312284364
200508 -1.57425378232179 0.962893567414785 -6.64120603578442 0.00268640969999344 -6.84521184987861 0.579214217293137 -4.7433266909757 0.0864034825545427 -5.44658058952727 0.0319742996302169
200509 -1.53138720761623 0.941600662617702 -6.68066876845954 0.00272342473417083 -6.84983913909831 0.580460899851209 -4.72527447237652 0.0917284065306126 -5.44642039237289 0.03317161782449
200510 -1.54489445631365 0.948533435789505 -6.87250847213499 0.00221347021143184 -6.98138321096586 0.532390563380702 -4.62436634964989 0.107654862368298 -5.44741285392487 0.034541815339046
200511 -1.57007933929603 0.959663862175971 -6.8900986527183 0.00233672230822658 -7.11651266355136 0.502262417189391 -4.63055288415841 0.109780777177449 -5.48866875463214 0.0343659468546681
200512 -1.5211230302729 0.938797894563518 -6.89039756526362 0.0025332822516188 -7.05494951790435 0.530275993753388 -4.66029988725876 0.109101590651704 -5.45895843078577 0.0369334744607537
200601 -1.55237106263872 0.963877668305836 -7.13784408781555 0.00185486321755641 -7.24560217607086 0.460279255561684 -4.62921487100634 0.115712458219971 -5.4644563592521 0.0376186731252351
200602 -1.54310254145036 0.960690313829261 -7.21615435899738 0.00178652528554187 -7.27540366924009 0.452320813875275 -4.5918115842559 0.119737768006483 -5.45656619064865 0.0392765937200916
200603 -1.48591158971438 0.938134169780111 -7.17955367984333 0.00205529735090317 -7.10820634258613 0.501391289170703 -4.5932805040704 0.123172924882052 -5.43338877153507 0.0418759358809884
200604 -1.47978381264346 0.935167671152156 -7.19610456767159 0.00219505841365708 -7.11285247996822 0.504562166338449 -4.66565831246839 0.117968580520027 -5.43676793349526 0.04348661213907
200605 -1.46751069029794 0.929592390208511 -7.22172145398814 0.00232090792420221 -7.140694580104 0.526123107875739 -4.79933991924053 0.105556323484791 -5.4543489121297 0.0447838537791293
200606 -1.46567676149663 0.929269836406965 -7.22171240658611 0.00252686605817685 -7.14279071697217 0.529749448997094 -4.71302008420498 0.116553335082822 -5.42678626751965 0.0480425896570917
200607 -1.47212659361471 0.930873913372949 -7.22168709827331 0.00275156509045097 -7.1744573048943 0.529247223026108 -5.03390702360076 0.0813971635584578 -5.37632995101867 0.052845217056883
200608 -1.34835958327117 0.884569119089388 -7.2479935324445 0.00283370535704383 -6.6655998802563 0.710734061374947 -5.09695143198703 0.0775081657498018 -5.35503990580677 0.0558991703317538
200609 -1.38758426335603 0.900759075123936 -7.24519468302867 0.00310390928646322 -6.76942221099017 0.676508536801577 -5.108477261009 0.0791182194990109 -5.39223028000966 0.0556874524254547
200610 -1.32508280141352 0.873282172081035 -7.20170195843557 0.00362723502769969 -6.65228945540799 0.730514453952505 -5.12377440776852 0.0803265757500602 -5.38536502752891 0.0584268527134038
200611 -1.31100849924981 0.868602369078775 -7.25734882605316 0.00367665418458988 -6.67871308528813 0.724509567489642 -5.09713832123682 0.0851976100748709 -5.39385754593353 0.060019936611897
200612 -1.31115851597592 0.869707266111783 -7.26914117910511 0.0039316263030793 -6.68519835708585 0.723617435006153 -5.10500261924938 0.0874070928982457 -5.41587239347943 0.060978382179115
200701 -1.29425415316333 0.862884729401485 -7.26643797315916 0.00427959572984185 -6.66115708691026 0.736117327871999 -5.11201668617147 0.0902791366056813 -5.41554661966919 0.0633984047249013
200702 -1.28131025896803 0.857509232276433 -7.26434218005907 0.00465937272787633 -6.60609481143044 0.766168821575358 -5.39481939416622 0.0690897130383808 -5.46162442388323 0.0629911888209157
200703 -1.28469820244033 0.860297297740853 -7.29197581071002 0.00488579013304843 -6.60636281784264 0.768383600917357 -5.43332931859977 0.0685906691474412 -5.46170127649843 0.0655374422223073
200704 -1.25929461712317 0.84975897874052 -7.29747050332248 0.00530729986949894 -6.44857486748005 0.83158933636886 -5.53508455902898 0.0663648424893759 -5.46073130749667 0.068346427913927
200705 -1.21073839403769 0.831797167014374 -7.29275976007331 0.00584879384896866 -6.36507558379262 0.873304871720268 -5.52274963039296 0.0694079550742684 -5.4056301730032 0.0747993123783303
200706 -1.20592852311903 0.829907892158415 -7.27644723015863 0.00647748873325272 -6.34872944112657 0.880117044919428 -5.51398050852088 0.0742120083934745 -5.42167092432246 0.0768858486768457
200707 -1.06240991591466 0.763992464830605 -7.21895219923985 0.00751174392169343 -6.14661870610689 0.949241612252851 -5.83115716646183 0.056913744180972 -5.46238732354689 0.0781571536874994
200708 -1.07078710003186 0.770041310551477 -7.21124009881147 0.00816554591919743 -6.17501744320896 0.933910650865392 -5.75281117271333 0.0636146433996003 -5.46143111982573 0.0811778103235207
200709 -1.06620175424132 0.770656797818614 -7.25956068883515 0.00843369857707564 -5.99105973325076 0.998581407224062 -6.14404282581464 0.035386914223716 -5.51845659408163 0.078255839014819
200710 -1.08589203238567 0.782150782711555 -7.2998022353695 0.00861408306200661 -6.24972776210513 0.897625944095976 -6.15905051837624 0.0359869419289614 -5.47516742298118 0.0839064161498068
200711 -0.806506160194265 0.690130184837569 -7.20139410763982 0.0104856551038089 -5.31212938170846 0.745513044314831 -6.13907495498001 0.0386389537320857 -5.15754033007094 0.116112332384135
200712 -0.793241956520219 0.685776860137743 -7.28209425833319 0.0102081148478064 -5.31300733809761 0.748437190265953 -5.32121189981516 0.0831771779969486 -4.99111673678405 0.137568784181489
200801 -0.78799633753841 0.682587535766502 -7.43789732531208 0.0097632310363787 -5.37499096795055 0.6497949050462 -5.33255964970003 0.0877290731928789 -4.99085201634428 0.142171226482568
200802 -0.831600371033714 0.695880643540708 -7.46121173979628 0.010271685432931 -5.60042673600216 0.715365407448107 -5.25677917284628 0.0969858227986949 -4.99149358328619 0.151279440268651
200803 -0.841178713233237 0.706700598644507 -7.43994181477441 0.0113751188866567 -5.54787690008145 0.712992916858632 -5.4157046436438 0.0869959337239641 -4.92215981340201 0.163911298673169
200804 -0.71590537222328 0.67233842355107 -7.33933619226976 0.0139682551980319 -4.72355543928393 0.481815802802395 -5.38116786805405 0.0921988913950346 -4.85599031788517 0.176860248115258
200805 -0.708897422517318 0.672780002457102 -7.39149669988566 0.0142544141091583 -4.65698176782221 0.456615070591905 -5.41879221433845 0.090117549687185 -4.81777750689878 0.187267541056572
200806 -0.0936483443795488 0.462963344052676 -7.31909266422373 0.0166596831787544 -3.88667300504075 0.237471325376573 -5.55569651557348 0.0842054860886492 -4.58034275108254 0.250113826729832
200807 -0.116459670810887 0.476294592578639 -7.1778933178922 0.0217088171089694 -3.61983186575068 0.206608969800957 -5.43975798755416 0.0986982448762953 -4.66023508197329 0.242409517900064
200808 -0.0467620970212135 0.460345544160863 -7.1696995094394 0.0233650901243377 -3.4871849432262 0.192882836389854 -5.49261945436752 0.0957699491041734 -4.65822213250993 0.248052701479552
200809 0.103067860580419 0.417443617416051 -7.06689869623229 0.0317019276137706 -4.365319258233 0.248150002236905 -4.69238944012171 0.180924196423097 -4.28159891965536 0.323705436192652
200810 -0.0143593762723215 0.354040807542651 -8.76458951193482 0.00960420363775811 -4.26454724059098 0.0669934057635544 -4.69316405226221 0.208004658926525 -5.07538244532022 0.250245772997921
200811 -0.385708028953302 0.417690662309776 -8.87612321843321 0.00954833729991802 -4.72827553177435 0.0689660344172347 -3.68704584980071 0.402015563080376 -5.38425646184895 0.231672221958155
200812 -0.540798824815703 0.46483810925288 -8.74614226263433 0.0116673254448228 -4.86195232920186 0.0811071587833316 -4.01309442189248 0.346364968317361 -5.39423645776951 0.224379602592343
200901 -0.858238692175206 0.528449176833357 -9.22945504486396 0.00813657599148461 -5.77188900336714 0.168557419005799 -4.07523154452041 0.342048213399709 -6.69678060213617 0.128105734946321
200902 0.995955621817424 0.174997113315118 -8.04854165632147 0.032735721201035 -2.51392971252087 0.0135531296146286 -6.01139771019381 0.106377249752448 -4.59081119192184 0.516119499871589
200903 -1.22902705380135 0.713897153639871 -8.8510250088913 0.0150129221034563 -6.67559344009412 0.60361517093643 -5.92012222156708 0.123245029174892 -7.76807366389303 0.0618310866310902
200904 -1.29116113799634 0.693299029820153 -9.32076821866847 0.0117307632827641 -7.52067669744563 0.665467079386256 -5.78233543173099 0.139489373867246 -9.39599824694268 0.0225453305791548
200905 -1.30794162269106 0.700470267089273 -9.60703832667729 0.0104883072533475 -7.28914159306875 0.609570293465785 -6.31643208996802 0.101886992920511 -10.1087566314437 0.0137075707852748
200906 -1.2156788189339 0.687030123765466 -9.60914407677274 0.0116059175757508 -7.77526619196089 0.759867442914339 -5.96646779315162 0.132454169713201 -10.089568773694 0.0153319890823289
200907 -2.0328634988771 0.905193099645493 -9.76647549248682 0.0118838555802872 -8.93089343602766 0.974297095563111 -5.40181790826451 0.195929883431311 -10.644085712811 0.0114837269856252
200908 -1.46821152632159 0.776878573731298 -9.69065156532609 0.0136692902984122 -7.99803958988454 0.884517049746334 -5.5015847578616 0.188478952051925 -9.66212926513066 0.0287073400013982
200909 -1.27220366568033 0.723697721004974 -9.29236510447653 0.0207751366888715 -7.02201913105924 0.626538712514383 -5.24850992945978 0.219711361221624 -9.30932756135818 0.0389864759135826
200910 -1.2376454134144 0.717709665028674 -9.36517293564738 0.0212281139987689 -6.82175340577034 0.578718451675603 -5.73235815393207 0.171368006809934 -9.71960241268759 0.0322915895413953
200911 -1.86144198370104 0.899516187720497 -9.85163710848669 0.015645232408111 -7.95684263146483 0.909577705605339 -5.75748332041683 0.184599142588755 -10.3125241230591 0.0223161480044953
200912 -1.94408774600219 0.923336795153142 -9.93454731736003 0.0156471399251034 -8.74954592053496 0.909416828097775 -5.96101825210671 0.164092929308756 -10.3361264105701 0.0228952545090557
201001 -2.20182316107944 0.996078575708736 -10.3606099520787 0.0125490437949034 -10.5904705724772 0.571024841636132 -5.89922583574904 0.17517459411325 -10.5021667855649 0.0218257587595895
201002 -2.64673757687637 0.878019989395555 -10.430376630523 0.0131921200557058 -11.3320317186397 0.424220672275406 -5.90709005979888 0.173813510685256 -10.6585274293837 0.021234473607589
201003 -3.16625418161733 0.763292049122353 -10.7698989423678 0.0112647936715375 -12.5007815849978 0.282756206271453 -6.12398191647052 0.159481991011703 -11.6622398504956 0.0116472948625592
201004 -2.77823979338827 0.822382543926245 -10.1830824007911 0.0176616865338606 -10.7140231952107 0.431382255322386 -6.26685594625578 0.154162549002727 -11.102859275686 0.0165902000927754
201005 -1.8153724808081 0.907293983412454 -11.933415551033 0.00585573045271065 -9.43650582765698 0.776827272440129 -8.96060278265971 0.0297979878305382 -12.1600564553248 0.00993637500547528
201006 0.371463943802608 0.397188345459372 -11.0912156877836 0.0125741495204744 -5.78206001946757 0.46298578433506 -8.69678592074279 0.0381576687909077 -9.98644913944851 0.0480672242099469
201007 -0.867620232646416 0.670157995622816 -12.7156859417573 0.00424124197985175 -8.38392657415226 0.948957614696748 -8.78825321465513 0.0386206673581418 -11.6942330344815 0.0157319854167436
201008 -1.4310996974449 0.804558575796733 -12.7194623314859 0.0050417771122646 -10.285940408183 0.566923756782025 -8.46768101579529 0.0501984289483597 -12.0262295981496 0.0160422236620581
201009 -3.98368164524658 0.630178251942652 -14.8492530596958 0.00112999115761028 -15.9412619919173 0.0531579622041872 -9.57476293248982 0.0289703426426286 -14.5290375064649 0.00288148888401528
201010 -4.34221647421444 0.565944300086387 -15.2283280423767 0.00101199347039611 -16.7683658546963 0.0416608531162677 -9.59688853790848 0.0312089726120995 -14.7391007522584 0.00281831804176629
201011 -4.54364057738441 0.535486753092834 -15.3835343206561 0.00106264500753648 -16.6738267436484 0.0480566781804846 -9.45142090768765 0.0379843718705429 -14.6921661109028 0.00331179757966705
