"V1" "V2" "V3" "V4" "V5" "V6" "V7" "V8" "V9" "V10" "V11"
199508 -0.0167062746863746 2.35807850471305 -0.033516779948632 -1.13938498775076 -0.0504902259131983 -3.07621546353856 -0.0981074592054663 -6.69148928520953 -0.0380982084186299 -2.84939352895953
199509 -0.0163180361048496 2.40194410001643 -0.032787382821825 -1.04870911682326 -0.050079310990687 -3.02612454373532 -0.099272170970474 -6.81702532728937 -0.0385305483473579 -2.89338805944171
199510 -0.0156705010883356 2.44935973713913 -0.0324733806510438 -1.00802985128032 -0.0500770857963331 -3.01165915723892 -0.0990579918742029 -6.75685708443606 -0.0386744047849588 -2.89530699033956
199511 -0.0168233784497469 2.28738425776627 -0.0330240861670128 -1.07924603968183 -0.0511682352281986 -3.13053811145486 -0.0999225521475997 -6.80369506491332 -0.0385361828176793 -2.8673835651879
199512 -0.0164740041065785 2.3124719449 -0.0332380474979557 -1.1024382942248 -0.0512839247823402 -3.13069120692362 -0.0996607254991169 -6.76028637069761 -0.0383130068612993 -2.83383430541455
199601 -0.0163353481116302 2.32081864703831 -0.0332725884070675 -1.09907684570897 -0.0512529412150746 -3.11383001248362 -0.0995759857189571 -6.72314458520836 -0.0383220178612766 -2.82279951028969
199602 -0.0162917465797521 2.31755786121032 -0.0332734682924454 -1.09458461024775 -0.0512917328018612 -3.10489073826944 -0.0994208767963449 -6.69428815893232 -0.0382315472145074 -2.80211424110426
199603 -0.0163030723743227 2.30652172412204 -0.0333452927293965 -1.09953593840113 -0.051217863392252 -3.0862076021869 -0.0997109739871331 -6.69774658447127 -0.0381949173437819 -2.787673549272
199604 -0.0163255003455836 2.2972713083426 -0.0333347128685779 -1.09149306076434 -0.0512129902076053 -3.07275468678649 -0.0996824127653064 -6.66949619845623 -0.0381728278186615 -2.77297584811075
199605 -0.0154827898733043 2.38346431140304 -0.0326150109069168 -1.0206714289431 -0.0510435497275707 -3.0730646760859 -0.0998861597121059 -6.67297605643288 -0.0382094071830648 -2.77620994511802
199606 -0.0156519482786772 2.35555659035832 -0.032807302636888 -1.04698141522349 -0.051497284934821 -3.12169237675163 -0.0982378248226614 -6.52275668866579 -0.0377603755188187 -2.730594638156
199607 -0.0142525349823344 2.55209385680631 -0.0305965010852458 -0.788506531536372 -0.0493556878785282 -2.88473799524285 -0.0967375177484919 -6.34444072628331 -0.0390953772438047 -2.85815609895505
199608 -0.0125269260429073 2.68034252374035 -0.0307948606611113 -0.809522683051189 -0.0507188568960626 -3.06259387403085 -0.0952997294875428 -6.2060173939446 -0.0386638438618674 -2.80320360837475
199609 -0.0133569477573738 2.59274735126839 -0.0304196932093621 -0.75652424307192 -0.0502842116160558 -3.00040069115314 -0.0955889273531516 -6.20943970316525 -0.0386859111498032 -2.79417361947469
199610 -0.0126847578568692 2.64323181948186 -0.0305379021434349 -0.777392873813904 -0.0506676265730015 -3.02745410877815 -0.0945651194875232 -6.09558286784517 -0.0383702112797966 -2.75147198189868
199611 -0.0102814845044776 2.9110671245435 -0.030935423021428 -0.802938817222095 -0.0521606537477641 -3.15455159135211 -0.0922102602710724 -5.84825253751687 -0.0383752176667158 -2.73660160924945
199612 -0.0104944274354246 2.87858350358176 -0.0299404242336228 -0.702578259938703 -0.0509967047416626 -3.03512571502873 -0.0925524741858201 -5.86162385600262 -0.0385675241402146 -2.74829898501526
199701 -0.0100315168943632 2.94248115861476 -0.0303106867483278 -0.732480627602148 -0.0513303132228524 -3.05313158528202 -0.0934224900315779 -5.92447814598584 -0.0386512448679086 -2.7456853354742
199702 -0.00956880447160979 2.97777020173243 -0.0306108901287248 -0.775217522824718 -0.0514648944237515 -3.05433994841513 -0.0931541438084362 -5.88300835173944 -0.0386901987614563 -2.73805854560284
199703 -0.0133852724805934 2.5203045184859 -0.0294200127921005 -0.631628300861663 -0.0502581922984766 -2.92739205953408 -0.0924299274699913 -5.76972865814994 -0.0387720123228765 -2.72873842006921
199704 -0.00988469171253903 2.87513591016822 -0.0292752373551104 -0.608884561985964 -0.0513279800741508 -3.04090956416681 -0.0919429490975281 -5.70047900401789 -0.0387708831536144 -2.71753129377571
199705 -0.00766440690285308 3.12711947522002 -0.0302909962879792 -0.698293218426905 -0.0527903636756417 -3.18548251544886 -0.086736866517775 -5.25735743413378 -0.0374965008535797 -2.57964419737628
199706 -0.00785632580399143 3.09621554147003 -0.0301121668419408 -0.669921045481729 -0.0522179380602035 -3.11321177303976 -0.0864650548100918 -5.20289978179021 -0.0376148034966255 -2.58041760984917
199707 -0.00697363105797155 3.20755720021449 -0.0310848967789408 -0.746449726475081 -0.0535736400713556 -3.22002072467201 -0.0867755384390345 -5.18957665627131 -0.0373442878033077 -2.53617793273154
199708 -0.00250456479691508 3.69578025394163 -0.0294296672651617 -0.575029729584216 -0.0517505272211398 -3.03089700215779 -0.0855391377342705 -5.0456902134233 -0.0377430341237861 -2.57080258480575
199709 -0.00372329653321013 3.53348376149251 -0.0284763374195316 -0.465968114138654 -0.0506022401258059 -2.8999000559324 -0.0906631978959205 -5.67263929919404 -0.0389593174311966 -2.69474904339464
199710 -0.00342727183859304 3.56593679561317 -0.0308692028725757 -0.711485804810497 -0.0515015543218036 -2.97131883955775 -0.0914295810509493 -5.71810589233843 -0.0394413042457848 -2.7304181935012
199711 -0.00314668835641951 3.58591776710687 -0.0320120739799516 -0.83424972737977 -0.0514630516704422 -2.96029610756 -0.0915973554909593 -5.70823548874523 -0.0394920232886646 -2.72332071643233
199712 -0.00316939632144875 3.52994349226221 -0.0304449963662412 -0.759081227918012 -0.0509724496107486 -2.91149973575088 -0.0901377043557794 -5.58379218968289 -0.0381119718439726 -2.59098280111779
199801 -0.00127692619403263 3.66446823334051 -0.0308568221890151 -0.806335171733921 -0.0502787931564923 -2.82422256148273 -0.0908527105559829 -5.64447233480892 -0.0384529227628854 -2.62110695119931
199802 -0.00107394777428182 3.69903184716864 -0.0306639877101649 -0.771266925282992 -0.0487623646454183 -2.64552482017769 -0.0913934425232392 -5.64619517870783 -0.0387146073478197 -2.63057631142686
199803 -0.000805864040757998 3.7177713287553 -0.0308426623451243 -0.778700279819959 -0.0488641995033858 -2.63727193172029 -0.0917715522212197 -5.64184072430047 -0.0389701509560838 -2.63805264183798
199804 -0.000775982432176248 3.6868970263929 -0.0305968765000781 -0.794529304619106 -0.0485196496745872 -2.60085785370629 -0.0918244099046035 -5.62486397599239 -0.0390520897024695 -2.63467141135931
199805 -0.000281574944877017 3.73606176629215 -0.0315821730849026 -0.888087861523217 -0.0495533510330737 -2.68520663754246 -0.0919014772091902 -5.60382500881379 -0.0390279775990772 -2.6195642465164
199806 0.0017666611536048 3.94763403250004 -0.0316638156405717 -0.903334340929813 -0.0495424433310836 -2.67199459901566 -0.0918395143497968 -5.57384957928805 -0.0389904023276462 -2.60402271931684
199807 0.00147038968114621 3.89861378637877 -0.0328495653975878 -1.05286401021024 -0.0532930244265337 -3.05433966612645 -0.0950371264555825 -5.8220420821948 -0.039956271403178 -2.68941681095624
199808 -0.0029236890794182 3.62212327113818 -0.0516676974265846 -2.72357852096423 -0.070889299841544 -4.52853656253552 -0.106962310413811 -6.68782226799574 -0.0444400339923452 -3.0834064483935
199809 -0.00243448984142081 3.69687210003972 -0.0517408405514219 -2.71251543315332 -0.0707594891046954 -4.48723048818162 -0.106979707479423 -6.64794469597056 -0.0443044776178547 -3.05114878927524
199810 -0.00363652681857407 3.57656139170117 -0.053071610222031 -2.78622182113772 -0.070802862945708 -4.45372309893868 -0.107307696014983 -6.63691686578648 -0.0443744046327896 -3.04179355163088
199811 -0.000722447414797101 3.88008845798375 -0.0514593556506393 -2.62149518500204 -0.0695960056752407 -4.3196218441028 -0.106478179277581 -6.53936415507985 -0.0436793647374429 -2.9678015430233
199812 0.000475961646232537 4.0350599054059 -0.0501609189477628 -2.49419349378297 -0.0691996352482573 -4.27772481397142 -0.106237892652222 -6.48622795789785 -0.0436022524926651 -2.94570432255719
199901 -0.000433889507173824 3.92856477126458 -0.0500694010426914 -2.47344121640928 -0.0692129596969824 -4.27397740737908 -0.107169735949417 -6.53046231083 -0.0436637679604117 -2.9396068587514
199902 0.00112275709849052 4.11187046805816 -0.0516966251540973 -2.64315407895235 -0.0705406082144564 -4.41984304387429 -0.108473145557517 -6.60397002881879 -0.0441993522432909 -2.9708677641652
199903 0.00300414780952851 4.27151918201835 -0.0512399745587553 -2.62061925875446 -0.0689826247234593 -4.26617786774717 -0.108343050211372 -6.56499828583804 -0.0443212805566808 -2.96996712415228
199904 0.00324965299214708 4.27149537118682 -0.0527855800769468 -2.72733244424788 -0.0700234901610588 -4.30788237802506 -0.109348482872252 -6.58455238131398 -0.0447633085584174 -2.98983544933624
199905 0.00380901290166191 4.32476828978934 -0.0510454489946603 -2.5862846245299 -0.0669639591614553 -4.0834144867343 -0.109010828559275 -6.57425017484538 -0.0441020898166482 -2.94132105254117
199906 0.000957010712110851 3.98018828578217 -0.0543070810875816 -2.94937285420603 -0.0683128725841995 -4.24382424423765 -0.108073923952425 -6.50476181554511 -0.043267303567649 -2.87494729274761
199907 0.00518118137497681 4.35105657389797 -0.0501811966954173 -2.59350451336005 -0.0664713482360459 -4.08242108765057 -0.10595389848039 -6.30705248393686 -0.0414066326796632 -2.71014344008604
199908 0.00589490374557067 4.37830566406582 -0.0465511107442209 -2.26685537899509 -0.0640931985428241 -3.87695635795854 -0.104336448076288 -6.15508944927279 -0.0402638445408232 -2.60209938145039
199909 0.0061241058465632 4.38715715864858 -0.0489750470398007 -2.49098151632777 -0.067217002455124 -4.12916274928566 -0.107308455524417 -6.33190980137536 -0.0410694206832996 -2.65799564430227
199910 0.0036132287341718 4.09947533785405 -0.0499757619541681 -2.54654997654869 -0.0669132455983104 -4.08314017084666 -0.107281545409937 -6.29678353025985 -0.0411204390745525 -2.64895710321118
199911 0.0070717634170453 4.37785574473424 -0.048879170049269 -2.79986297892116 -0.0664179889572851 -4.40281595477017 -0.112515948182147 -6.98552435317443 -0.0408174891453872 -2.80195476400075
199912 -0.00153979878033916 3.29737235707702 -0.0470626898960067 -2.68759034566648 -0.0611737109627426 -4.14033298345524 -0.109917254142819 -6.8831355853636 -0.0391578034967084 -2.71019893906798
200001 0.0109518206028167 4.33238500154475 -0.0516772210217915 -3.14927831365124 -0.0636733107121095 -4.44272777633058 -0.115102003582329 -7.3549122704831 -0.0408451045554661 -2.90546172776577
200002 0.0102968752647778 4.19502937162168 -0.0532509947614033 -3.27852244525298 -0.0640731492447433 -4.44808454381186 -0.115229554245211 -7.31438281671046 -0.0405504866889224 -2.86348016598951
200003 0.00248091045095256 2.69022881323958 -0.0312241216598923 -1.7721414072592 -0.0449752418895573 -3.14165624962486 -0.0952502084324931 -6.01245917490031 -0.0321123320173011 -2.29566979755072
200004 -0.0065831010152404 1.46041258305324 -0.0367467375023078 -2.45674302432715 -0.0461698690804029 -3.35248553514008 -0.0919631982114975 -5.8176651552647 -0.0313137258368665 -2.24241133223919
200005 -0.0122831721753824 0.77613931650751 -0.0365212228534335 -2.47921897002532 -0.0468195288985132 -3.42228406723109 -0.0921179843480824 -5.79777188757519 -0.0310609578903402 -2.20760464843616
200006 -0.00787390932860399 1.1461032522413 -0.0382223076678594 -2.61962616810704 -0.0478928285757221 -3.49556469008501 -0.0917276202071478 -5.72793213764889 -0.0311592862151042 -2.20258157015315
200007 -0.002668878188963 1.56730811853342 -0.0370949793185398 -2.58784677870151 -0.0485394098963068 -3.58742582713766 -0.0941881956411321 -5.94796984170121 -0.0318025232694499 -2.28098050522051
200008 0.00139149194284582 1.9240156037297 -0.0323392183269087 -2.18954358505996 -0.0459757543148251 -3.36340760778486 -0.0927423376831562 -5.80432650805552 -0.0302800781497159 -2.14162117348271
200009 0.00113620941990134 1.91919753898368 -0.0321110834923273 -2.15692903562888 -0.0459757982881976 -3.34532856098729 -0.0930943759818657 -5.79476218919103 -0.0302557998391555 -2.12770420375091
200010 -0.000140310161990786 1.78451791675643 -0.0322790631192496 -2.16168605840479 -0.0462222758207769 -3.34749295568553 -0.0929844990162454 -5.75579605654993 -0.0302501603477947 -2.11595121891813
200011 -0.0130017400684421 0.577352211676246 -0.0390042775909609 -2.76981594220028 -0.0494181442817629 -3.62877709589929 -0.0934747723120197 -5.78138008879825 -0.0309677782716578 -2.17618398469721
200012 -0.0146878333022826 0.299924176579862 -0.0353008193795128 -2.44823248497839 -0.0485092601047141 -3.52717418679267 -0.0980951233884688 -6.0957640876095 -0.0316043277197107 -2.21985144293129
200101 -0.0120062165312027 0.48468727060965 -0.0354499712700858 -2.44645307834459 -0.0486980332568847 -3.52477797124608 -0.0952810241437512 -5.91112685412536 -0.0315310267197229 -2.20658539432333
200102 -0.0025109547963309 1.39266279693245 -0.0341297929490931 -2.32331138464939 -0.0482796668117014 -3.47374878171707 -0.0953087914328827 -5.88040353773248 -0.0316153144555338 -2.20250932898655
200103 -0.00808712561805303 0.906929912809075 -0.0292589824463467 -1.97900998509499 -0.0443318754638355 -3.22017059792872 -0.0855612387515816 -5.34451847847611 -0.0293358523091349 -2.06255175744804
200104 -0.00198851768994102 1.44031716155667 -0.0293734365748335 -1.97432031071564 -0.0446862275255087 -3.23091071815988 -0.0869702773373731 -5.42343881168515 -0.0298125969223226 -2.09187812385833
200105 -0.0019437957555164 1.43617518446834 -0.0294209025639838 -1.96721390280379 -0.044691370434671 -3.21315492184166 -0.0870000098110222 -5.39516261240846 -0.0297826308404288 -2.07700926046173
200106 -0.00176673909497893 1.44734893842226 -0.0274916014486868 -1.81098368823783 -0.0439067916668068 -3.14910985725944 -0.0854828919014361 -5.27495156555772 -0.0291103524539527 -2.02052910252789
200107 -0.00173025535812776 1.44738690264319 -0.026034044688483 -1.69889899848667 -0.0423416647174026 -3.01931853041571 -0.0835758430177784 -5.12654653030908 -0.0291339098385819 -2.02151917670617
200108 -0.00661216449740909 1.02156655256927 -0.0283198879745241 -1.88440230206415 -0.043945284119427 -3.13261209135904 -0.0845826350197247 -5.16599549621352 -0.0302074317767107 -2.09565242536461
200109 -0.0080808298828865 0.932188987121341 -0.0231475421141578 -1.43763071039087 -0.0402875467832196 -2.81914414397507 -0.0797361588324219 -4.75110876997689 -0.0274235830757921 -1.85428971359056
200110 -0.00778142159949802 0.956596143968873 -0.0231591193721568 -1.44331692215761 -0.0401498613889459 -2.80424205674786 -0.0793237049212856 -4.71039265095853 -0.0287459421894207 -1.95489346176319
200111 -0.0143196913082622 0.341471233828718 -0.027517257540969 -1.81666491057678 -0.0423221259382507 -2.97244235462657 -0.0821138469884555 -4.88542456991257 -0.0315629363025256 -2.17070659125542
200112 -0.0142886765052979 0.341995349721995 -0.027435324407254 -1.79899036807839 -0.0421371538780422 -2.94013934503675 -0.0818604350283545 -4.83814010961993 -0.0314446372236461 -2.14846317535171
200201 -0.0148617536164961 0.287382458541797 -0.0276084276618602 -1.80120696538855 -0.0423953034636837 -2.94196904107604 -0.0818576254438523 -4.8095020032281 -0.0315283654216514 -2.14184361892183
200202 -0.0156521996576613 0.226044594254827 -0.0274512085405942 -1.78004636269648 -0.0422743363856535 -2.91840923616273 -0.0807650373951587 -4.70147241189275 -0.0310282576021466 -2.08905624777071
200203 -0.0136789016028505 0.360050599916865 -0.0271317994677975 -1.74141275060951 -0.0423575501156976 -2.90510045895029 -0.0820632101736878 -4.75533996214961 -0.0309634860721566 -2.06990791737484
200204 -0.0159149642160039 0.208618914449696 -0.026871511112289 -1.70945594215682 -0.0422788891197867 -2.88180794531486 -0.0817116715874169 -4.70380028416418 -0.0308002091777559 -2.04133044929832
200205 -0.017272274694544 0.0753627201561488 -0.0262249784876518 -1.6555494015778 -0.0415989952327021 -2.82213757454081 -0.0798120810671188 -4.57156381683961 -0.0301664580629393 -1.98358814544901
200206 -0.0207714735347895 -0.175368600179256 -0.0266974916779015 -1.67602138329387 -0.0417588457131817 -2.80904522339757 -0.0797179604093776 -4.52341051827737 -0.0305660807348698 -1.99167989987186
200207 -0.0206260102204598 -0.137817506572099 -0.0242179893922703 -1.46007903165218 -0.0400765257803974 -2.65102785812674 -0.0785279356995663 -4.34808682041754 -0.0294512318967552 -1.8749586943679
200208 -0.0197379291615893 -0.0966222086322903 -0.0241465284079156 -1.44622544920535 -0.0400730069448874 -2.63459299498132 -0.0783851552153836 -4.3115401853025 -0.0297819820534744 -1.88850625680304
200209 -0.0234125744015736 -0.313025042579404 -0.0287149465966465 -1.76321994343454 -0.0435470663313602 -2.86344896772487 -0.0827197319643083 -4.54805094011648 -0.0313153031541229 -1.98258660316764
200210 -0.0297087498503286 -0.776841845092234 -0.0335232770035789 -2.1356233733471 -0.0454028000305167 -2.99424211518058 -0.0839350255927414 -4.63370475554652 -0.0322915037736902 -2.05176761815372
200211 -0.0300500475165808 -0.785407530540474 -0.0305711494899581 -1.91728296482221 -0.0427039557205016 -2.78924693402787 -0.0810776427376205 -4.42435196716247 -0.0311205959454524 -1.94944741006884
200212 -0.0295481768349015 -0.704152003007882 -0.0306507355130652 -1.90665716194009 -0.0431091657548006 -2.79706659029641 -0.0815718355894943 -4.42414886066364 -0.031211529118873 -1.94021904827747
200301 -0.0311035970708964 -0.820778771832614 -0.0303263914399776 -1.86904384488449 -0.042825824558441 -2.75834671195804 -0.0807530070082061 -4.33966512909419 -0.0316373837163442 -1.95480930218758
200302 -0.0305243645598712 -0.775660707056049 -0.0296108902775785 -1.80487980825089 -0.0422809543663414 -2.70023809317854 -0.0803984871498533 -4.28257014540568 -0.0312943009132463 -1.9149398370175
200303 -0.0304259784379595 -0.762165659882258 -0.029473605328761 -1.78309350227611 -0.0422741639486703 -2.68285022635838 -0.0803995112753186 -4.25739171979411 -0.0313303695876044 -1.9045395845903
200304 -0.0339481675955167 -0.996301105578387 -0.032134724135767 -1.96302313881646 -0.0445838628637008 -2.82271048893001 -0.0837177285307529 -4.43429660859811 -0.0333822681473448 -2.03416812673338
200305 -0.0319795317985847 -0.849555234696273 -0.030172062259062 -1.80637626289537 -0.0432027416775695 -2.70508791609146 -0.0822387390423864 -4.29639373792132 -0.0323569118619338 -1.94477084077447
200306 -0.0319304333651536 -0.840931031005508 -0.0303390276845417 -1.80745602281346 -0.0431989913302262 -2.68803983099066 -0.0821294430398507 -4.26238092508139 -0.0323046070069548 -1.92815955138345
200307 -0.0320649988383728 -0.844156017758692 -0.0307234737089794 -1.82255931258703 -0.0432346952883151 -2.673495255251 -0.0821478872061421 -4.2355120258242 -0.0322965736709704 -1.91486345596257
200308 -0.0320582020598736 -0.837046952452422 -0.0308786679845325 -1.82201997643434 -0.0433098330416797 -2.6612174116271 -0.0822291372510304 -4.21025181580344 -0.0322436101963235 -1.89721546573201
200309 -0.0324026377391273 -0.856390408812532 -0.0302785453435801 -1.77025767086924 -0.042759708008101 -2.60745236771808 -0.0812078704682238 -4.11967941742028 -0.0322685340578002 -1.88589382362634
200310 -0.034624434718175 -1.01273056499717 -0.0334290965374135 -1.98165018477644 -0.0455349933772153 -2.77940187048271 -0.0837209739702354 -4.24556831998575 -0.0333003931183435 -1.94443814732208
200311 -0.0344261107450223 -1.00571557207892 -0.0332190346962147 -1.95612095436266 -0.045415647783368 -2.75394733267324 -0.0835103477971084 -4.20639061809068 -0.032922623294058 -1.90658457587416
200312 -0.0340109260034613 -0.968035140417383 -0.033226948087886 -1.94021435743376 -0.0454685027217003 -2.73719265297603 -0.0838951968828927 -4.19523344897544 -0.0329596522647346 -1.89313277161672
200401 -0.0330205911899202 -0.914321273653578 -0.0327744719280871 -1.90465413713121 -0.0450373883371713 -2.69365029849012 -0.0834938023325991 -4.14379135869952 -0.0325610575728792 -1.85453108942685
200402 -0.0330108116663372 -0.907886807808882 -0.0329019518380278 -1.90035330138426 -0.0451543612823466 -2.6828642074734 -0.0834937626549843 -4.11519859285252 -0.0325381111183562 -1.84005236682709
200403 -0.0335494206517108 -0.93567274891266 -0.033080176238568 -1.8985613959973 -0.0452781208654975 -2.67192129829489 -0.0835148821655538 -4.08766388067615 -0.0326344850888327 -1.83337087375235
200404 -0.0332306538841209 -0.909143895335029 -0.0312694322769256 -1.77278979497729 -0.0440997921796058 -2.5786739971915 -0.0814779148842655 -3.93850363885103 -0.032250570921182 -1.79496197455695
200405 -0.0335201184914928 -0.956558389118678 -0.0312307235058393 -1.76177940719021 -0.0439690501731413 -2.5537079242739 -0.0812770807827934 -3.9009955209215 -0.0322571709255111 -1.7870291385994
200406 -0.0334431854352066 -0.945715131363473 -0.0311081092439554 -1.74136872255971 -0.0438699258066022 -2.52979467009966 -0.0812636808363867 -3.87175547602728 -0.0322008578572703 -1.76993205184217
200407 -0.035054449916218 -1.02557996430459 -0.0304075085775712 -1.68191781364368 -0.0435994512144429 -2.49289419123787 -0.0804625073694352 -3.79607933868826 -0.0321904692533799 -1.75592749802863
200408 -0.0355590388293749 -1.05573351810598 -0.0302631790166059 -1.66547640766227 -0.0436397467704046 -2.4795448351951 -0.0805863207788542 -3.78173490028144 -0.032254342120728 -1.74830406749291
200409 -0.0355453303404627 -1.04928858264212 -0.0301959525380839 -1.64934505991721 -0.043541878256631 -2.45476354472108 -0.0805617011280455 -3.75253779604104 -0.0322024418799851 -1.73207704817123
200410 -0.0355797915946883 -1.04346555651081 -0.0302468891484253 -1.64143067914415 -0.0436214835007951 -2.44186813156668 -0.0804722458450486 -3.7202835242826 -0.0322457325957737 -1.72206954508658
200411 -0.036025281600075 -1.06254355787914 -0.0308399317211352 -1.66409553022076 -0.0439785526317276 -2.44344497236779 -0.0808178664015342 -3.70414005417438 -0.0325894708789671 -1.72872462226243
200412 -0.0346934659371991 -0.972916225105457 -0.030939031560002 -1.65714910884288 -0.0439845228130493 -2.42559193880059 -0.08100486815964 -3.68492428666002 -0.0323813074876746 -1.70278699078629
200501 -0.0359773000522623 -1.03902117393306 -0.0313595913817937 -1.67011127711591 -0.0442395953519779 -2.42251515006944 -0.0813929715686879 -3.67481968295843 -0.032534571920118 -1.69930933283842
200502 -0.0359530279606115 -1.0301676455159 -0.0319414462290109 -1.69434087688447 -0.0446062644614089 -2.42675379134008 -0.0814932738346852 -3.65345159728928 -0.0326868907631661 -1.69540336681458
200503 -0.0368436781356298 -1.08323954426244 -0.0329109107706953 -1.73977670144423 -0.0449673098037473 -2.42963243553898 -0.0818637980712602 -3.64487606530135 -0.0327987759336426 -1.69017479461642
200504 -0.0372490775556598 -1.09759420332914 -0.0333654749673715 -1.75250081273635 -0.0457192796032975 -2.45246411484602 -0.0822479692771949 -3.63495072585898 -0.033052104133964 -1.69127237833117
200505 -0.0385319397554098 -1.16524177659977 -0.0335580072426744 -1.75003636173792 -0.0459812209682877 -2.44810139666596 -0.0824433265696036 -3.61720489267709 -0.0333538995770415 -1.6965463481735
200506 -0.0387816323423393 -1.16998233058987 -0.0335710525521857 -1.737295610427 -0.0459824568506271 -2.42900309316277 -0.0827254520685674 -3.60519446200075 -0.0334303684711528 -1.68775592830045
200507 -0.0381177757037423 -1.1143674978028 -0.0338215170897753 -1.7385919362151 -0.0462143665572818 -2.42267448631901 -0.083212959598423 -3.60186404745161 -0.0335249681420402 -1.67889655883005
200508 -0.0383615116355094 -1.11661481406997 -0.0336228141926544 -1.71327085480898 -0.0461371133093711 -2.39917553077144 -0.0828265613636598 -3.55296565524618 -0.033506330076327 -1.66470525566577
200509 -0.0384003867236697 -1.10947104093716 -0.0336422729903068 -1.70100262831552 -0.0461360710564171 -2.38019137096607 -0.0828726780161451 -3.52797886475713 -0.0335535868235832 -1.65420680929018
200510 -0.0387410846891281 -1.12099533462748 -0.0342782026366195 -1.72316440126929 -0.0464261362578513 -2.37722560882068 -0.0831458739259876 -3.51247688299618 -0.0341322524578649 -1.67227122794966
200511 -0.0402104643109131 -1.19669606748929 -0.0348457118046164 -1.7412844319383 -0.0467124878348826 -2.37323632263592 -0.0835711369542385 -3.50353993446264 -0.0341272921934599 -1.65919171967352
200512 -0.0400962465101087 -1.17942047366654 -0.0348007632779426 -1.72476822106103 -0.0467090350397463 -2.35376907618155 -0.0834939581274983 -3.47129596094108 -0.0341008311873381 -1.64423537497426
200601 -0.0404612077935365 -1.19114638884096 -0.035189248146418 -1.73358467166061 -0.0471279773684727 -2.35739654542763 -0.0840843871671628 -3.47080923499567 -0.0346502745928732 -1.65983655180715
200602 -0.0406521547480387 -1.19400001919963 -0.0351082028549397 -1.71523107950433 -0.0470849836650418 -2.33567992955787 -0.0840633453840041 -3.44133034531428 -0.0347855882878054 -1.65291635555931
200603 -0.040478763200148 -1.17552502134614 -0.0349663620922147 -1.69343542467494 -0.0469985682421343 -2.31162578014166 -0.0840090716823578 -3.41024343652043 -0.0347524281308718 -1.63742786781433
200604 -0.0404937736874829 -1.16540906024949 -0.0351102202717639 -1.6885582061617 -0.0471431686127146 -2.3005239287304 -0.0842704688786566 -3.39636300502656 -0.0348610549577175 -1.62952834668376
200605 -0.0417593991810217 -1.21719515169215 -0.0358626237429149 -1.71339527521907 -0.0477318816524779 -2.31073214766063 -0.0849524855424306 -3.39869827911873 -0.0350960072237834 -1.62828922277327
200606 -0.0417111542882977 -1.20416440574963 -0.0361048907150066 -1.71176446872965 -0.0478176658326748 -2.29565216679915 -0.0849921655633985 -3.37175672431704 -0.035116773029809 -1.61544035107489
200607 -0.0419016889462069 -1.19968847174133 -0.0361260749052763 -1.69846418340179 -0.0478633385581013 -2.27850980546245 -0.0849927201240881 -3.3427199048817 -0.0351161180850754 -1.60141605283938
200608 -0.0401720267835097 -1.10203593119419 -0.0353684679639712 -1.65183255938123 -0.0472471183355314 -2.23069608764669 -0.0850984561309738 -3.32644414871068 -0.0350764442351674 -1.58710618901607
200609 -0.0404776609921247 -1.10711339799361 -0.0354356553915343 -1.64094748522878 -0.0473393649708127 -2.2156259792549 -0.0850890964941933 -3.29696269131874 -0.0351783542230839 -1.57846259433344
200610 -0.0402479266761209 -1.08262436309118 -0.035091731191484 -1.60817444169528 -0.047168978985624 -2.18749493922658 -0.0849939556962931 -3.26132684010366 -0.0351950234182561 -1.5641339271126
200611 -0.0402777781030255 -1.07450032078319 -0.0353188271786542 -1.60549121030157 -0.0472130080152542 -2.17014215173941 -0.085274706887813 -3.24506624001648 -0.0352054410094422 -1.55082386156702
200612 -0.0404448010087806 -1.07357771406128 -0.0353230933015671 -1.59119200766736 -0.0472086818059081 -2.15032178376633 -0.0853191750393079 -3.21751301689539 -0.0351996428835069 -1.53633439834752
200701 -0.0400115201186975 -1.04248118243678 -0.035224525153233 -1.57282232345073 -0.0472117904778961 -2.13166184490361 -0.0851985330723268 -3.18441978223844 -0.0350664779713847 -1.51583468106047
200702 -0.0397466410062697 -1.01646279386636 -0.0349848043007517 -1.54641054152318 -0.0470908869620281 -2.10464392630294 -0.0850715099183224 -3.14873349840372 -0.0349944016426698 -1.49784988876459
200703 -0.0397073123528142 -1.00551680964478 -0.0350534018363915 -1.53721716174977 -0.0470443071975697 -2.08389468930033 -0.0852143356420076 -3.12845543836761 -0.0350434146636605 -1.48674407129401
200704 -0.0392189059479222 -0.9649046309116 -0.0351089753389546 -1.52467878422846 -0.0470917414111214 -2.06600613618126 -0.0854184064631269 -3.10699178299248 -0.0350105867106281 -1.47103303071201
200705 -0.0388768355705398 -0.937874919885292 -0.0345854169884319 -1.48474433112248 -0.0468590670230167 -2.03513954615258 -0.0851264435432881 -3.06347511760645 -0.0348281872184948 -1.44764565864834
200706 -0.0391531740629616 -0.940434485345387 -0.034791536985822 -1.48088649889344 -0.0474644662224897 -2.04291946706405 -0.0855086657597834 -3.04837071016703 -0.0349831276611987 -1.44063403242861
200707 -0.0379475101554947 -0.876669946910549 -0.0338352151034929 -1.42124326275547 -0.0467401300722567 -1.98666758557923 -0.0852983536508838 -2.99197204076365 -0.0344135178801164 -1.39782075010538
200708 -0.0380512321715918 -0.891944613059484 -0.0342239161563214 -1.42931003705327 -0.04707626756034 -1.98474075977523 -0.0851632683599135 -2.9590890466864 -0.0339947710937085 -1.36573070434647
200709 -0.0383882664740312 -0.893031614920153 -0.0340375538149835 -1.40607113206062 -0.0469603487872903 -1.96013281919202 -0.0854276773122409 -2.94290597782981 -0.0342143991906652 -1.36291151508832
200710 -0.0396351070809047 -0.942548171108306 -0.0340055194241278 -1.3905495758885 -0.0470342449254904 -1.94398231218993 -0.0853864591061053 -2.91169128711208 -0.0341471348122551 -1.34659250170069
200711 -0.0361726065141803 -0.775098203982015 -0.0324313230687288 -1.30463126699668 -0.0464390306435918 -1.89228277628435 -0.0840606906931765 -2.82173770319638 -0.0326914875885427 -1.26458468316774
200712 -0.0350581463083841 -0.724068465319901 -0.0323556910262455 -1.28785046848443 -0.0464453448739623 -1.87302393195555 -0.0836968567448628 -2.77876969257678 -0.0324613361315105 -1.24317957228386
200801 -0.0342528672799234 -0.644605312758725 -0.0326693040635118 -1.28349513703185 -0.0468611399915009 -1.86913142848867 -0.084027228494538 -2.75833931447988 -0.0324321456855867 -1.22568400832255
200802 -0.0351337398040643 -0.675095014618377 -0.0331280174159512 -1.28921070861015 -0.0471956385693482 -1.86227265558467 -0.0843501273110174 -2.73306539742972 -0.0325076568767138 -1.21532141458645
200803 -0.0348949439376496 -0.660740271783056 -0.032958032378547 -1.27091967589955 -0.0465681669564675 -1.81472603442681 -0.0837864899051231 -2.67735184195502 -0.0324377304616137 -1.19985849877182
200804 -0.0342346927852895 -0.618734954208414 -0.033029174186733 -1.2602189694223 -0.0468561208689269 -1.80557501811777 -0.0856463582963505 -2.72207656360457 -0.0327377505934929 -1.1990422003651
200805 -0.033175207235894 -0.565848849564775 -0.0330721573203649 -1.25419554123514 -0.0473012148924186 -1.81002026791762 -0.085135852799672 -2.6785106415223 -0.0323193222029361 -1.16858454258988
200806 -0.0309437866392976 -0.434987113027328 -0.0303543537477207 -1.11638081969991 -0.0461336021980967 -1.72718546265987 -0.0817144929318747 -2.47785297790755 -0.0317420052344901 -1.1247021673306
200807 -0.0290784168852893 -0.380596144508698 -0.0287551425847765 -1.04439867873573 -0.0445879692102291 -1.64781513304515 -0.081284156503604 -2.44036106085121 -0.0321623330297063 -1.13362122217385
200808 -0.0291975775658864 -0.381716682697674 -0.028841832239088 -1.0369505190062 -0.044607221236701 -1.63061146102319 -0.0810766905308742 -2.41122258091212 -0.0326685096378616 -1.14265078330904
200809 -0.035536971777365 -0.57949609103466 -0.0288619507230308 -1.01616400192945 -0.0446660817035391 -1.60690254895842 -0.0729107982964026 -2.07128486995857 -0.0324646764655583 -1.11168296136419
200810 -0.0320714200103636 -0.202823318439589 -0.0324998205512514 -1.11207849490592 -0.0514651539288937 -1.81113174642722 -0.0914221220680766 -2.53480016706258 -0.0340038699411966 -1.11479151670374
200811 -0.0194485841872309 0.380080722161369 -0.0309664289582621 -1.03474093200732 -0.0521166176726469 -1.80340075573233 -0.0974543766697527 -2.64948288898746 -0.0328591220277334 -1.0413254340405
200812 -0.0210344947809704 0.301340513605321 -0.031250564081194 -1.03639240923513 -0.0521515557173915 -1.78401106213736 -0.0977630245066767 -2.62986500901829 -0.0335648606186083 -1.05711810126046
200901 -0.0234192673891993 0.212128703334239 -0.0305177720958634 -0.978448142537264 -0.0522637633110954 -1.7456881597709 -0.0973417822737044 -2.43441999770007 -0.0369802984087559 -1.15262900157253
200902 0.0053901591110187 1.3274595257707 -0.0108804765545076 -0.191620592487704 -0.0391204157247769 -1.19629589766265 -0.0800828522999844 -1.62799213314122 -0.0235624425591303 -0.592219386069291
200903 -0.0215301920197946 0.090742097959058 -0.0198537598708517 -0.586683654917071 -0.0358702237549262 -1.03511253817595 -0.0665507976739901 -1.09074969866875 -0.0355550994606559 -1.11295972284182
200904 -0.0185369696737558 0.258755867952605 -0.0179599629007003 -0.496950605247487 -0.0375559374667513 -1.05371691608701 -0.102994484433192 -2.40175721555434 -0.0439240249151491 -1.38670953575009
200905 -0.0128130207663304 0.478289646606781 -0.017049846713832 -0.453010965091314 -0.0398706894083101 -1.12180101065431 -0.121057892008289 -3.2015876894853 -0.0440799708965101 -1.37656176628911
200906 -0.0134707986631633 0.444439329508442 -0.0169942465779178 -0.444925002759527 -0.0395181956803854 -1.09501915026461 -0.122303567157222 -3.20548406198455 -0.0440905568000489 -1.35949736764309
200907 -0.0217807879510092 0.113129439377235 -0.0250444169995436 -0.744953572591662 -0.0458209148489876 -1.30312331488587 -0.115238053739595 -2.88417790320841 -0.0467186875413312 -1.42748838177037
200908 -0.0171801750690597 0.195950396592273 -0.0202607013466733 -0.577314374706935 -0.041564107278375 -1.16639530364737 -0.115592976730694 -2.84056518951814 -0.0357837635535427 -1.01584163842382
200909 -0.0115685473965714 0.389622299284204 -0.0187372982004312 -0.515000909807373 -0.0417701230483962 -1.15510804576663 -0.122528022089933 -3.03051537132014 -0.0338964754564008 -0.935886179160983
200910 -0.0120087934343922 0.36765592525436 -0.0189370618411442 -0.514432156705187 -0.0428137277381748 -1.1721305763476 -0.129886238367996 -3.19064432851478 -0.0442328301747581 -1.28735312338297
200911 -0.0209396951386642 0.0297306019276252 -0.0216108227179328 -0.604562017295499 -0.0444745587094988 -1.21299542903001 -0.128225989913663 -3.08789507687108 -0.0472761197961302 -1.38214498541614
200912 -0.0208379526988376 0.0339282951134394 -0.0209579488062583 -0.573180244821828 -0.0431447172057602 -1.15237103242946 -0.131190142151449 -3.12485523451861 -0.0485215314570493 -1.40949652224388
201001 -0.025326742268255 -0.120561043085783 -0.0225632139479799 -0.618171559208496 -0.0455456072093972 -1.22681113882905 -0.135716889154999 -3.1864338219311 -0.0508722571064633 -1.47889696060098
201002 -0.0274123013649143 -0.199183594915523 -0.0248039416639816 -0.690594029634462 -0.0470958887259108 -1.26892410367396 -0.128188250355869 -2.94705677349772 -0.0503884443354818 -1.43929133605368
201003 -0.0271834108086444 -0.172343318145609 -0.0252760725821541 -0.692483045928424 -0.0475403739708926 -1.25795948265552 -0.131223872302597 -2.95260405033248 -0.0513546371856413 -1.4418276288405
201004 -0.0251255297853501 -0.145652854882063 -0.0236714689433917 -0.635864541263722 -0.0455304731839741 -1.18528257392591 -0.132860445266014 -2.96719708089921 -0.0480373142248194 -1.32701920568512
201005 -0.0267691321299068 -0.14986625125573 -0.0220849618239591 -0.561133522945808 -0.0498220148255528 -1.27806227563931 -0.173769166052678 -4.02139795933451 -0.0668321749770029 -1.89482937954061
201006 -0.00911404519825898 0.378941986507676 -0.00601235572834669 -0.0369105866720848 -0.0347975596183179 -0.85034152290291 -0.173775692106487 -3.90240242958799 -0.0515438582709431 -1.40592030167722
201007 -0.0263615468002558 -0.231035677603702 -0.0132299769222173 -0.289194234156385 -0.05111246316028 -1.37294855605453 -0.176663868642946 -3.86948787292863 -0.0554794569788499 -1.50402813857306
201008 -0.0341165685015594 -0.476266470480051 -0.0187190668614354 -0.460066570187814 -0.0556188801508188 -1.48080533978937 -0.166820871361549 -3.5774558454704 -0.0544173900972356 -1.43705285608888
201009 -0.0606069664958906 -1.23748315706388 -0.0279555906980855 -0.734222526925097 -0.066776245362379 -1.77468152708403 -0.173078207999347 -3.60338347090614 -0.0616547629171487 -1.62592989114368
201010 -0.0619881308626564 -1.2461842895728 -0.0296384293492358 -0.772169924133914 -0.0683259783791674 -1.7888232163047 -0.174565196054666 -3.59704565442285 -0.0616231849342515 -1.59999283684844
201011 -0.0618059605153485 -1.22213126498356 -0.0300696223791805 -0.772693759533877 -0.0681858248995133 -1.75740330427833 -0.173376235616346 -3.52459124228188 -0.0610948067141439 -1.56060954612951
201012 -0.0687432097693255 -1.39478782301801 -0.0367287237982044 -0.955325968863443 -0.0762269059469816 -1.93887248267049 -0.183924813898759 -3.63497927028128 -0.0637616828151641 -1.59058042081868
201101 -0.0676236844106837 -1.35298016979211 -0.0362925494612043 -0.926903985040769 -0.075647662313657 -1.89285314794408 -0.183434184284826 -3.56332900198044 -0.0626432823592973 -1.54053763136742
