"V1" "V2" "V3" "V4" "V5" "V6" "V7" "V8" "V9" "V10" "V11"
199606 -3.43128819582459 0.0539402340576224 -3.01767617095388 0.319842030184145 -3.35611857304865 0.194134701563758 -3.95495314480747 0.0409562109817867 -2.62894481727141 0.588859010269519
199607 -3.39882297896059 0.0585694633197842 -3.00018988000648 0.327058464897541 -3.35647992376973 0.193362010016975 -3.97894267075922 0.0389288581053426 -2.7182559625196 0.52698645933231
199608 -3.40836974192262 0.0585677651509745 -3.02244115363159 0.32019692741245 -3.38558409920575 0.187499193651773 -4.01429583489541 0.0372281578709524 -2.7756693890594 0.502958720993594
199609 -3.39123133250643 0.0620350719870082 -2.99468463216608 0.336916091007463 -3.35653976531693 0.200078405619504 -3.98469317682366 0.0411039672246672 -2.72980918872421 0.54062645294551
199610 -3.46125255180283 0.0535975086286738 -3.08442963224576 0.293534946313486 -3.43969637746808 0.172801971517225 -4.07021177302822 0.0339726023323674 -2.85870138417492 0.459250702761536
199611 -3.40039594153874 0.0621986786933503 -3.01349145561367 0.327587453909264 -3.36938279615588 0.196400897340847 -4.01564278457012 0.0390876914792986 -2.77281717340376 0.513690490453876
199612 -3.41531147684464 0.0614770903907477 -3.02644051369827 0.323644549916928 -3.38155041386055 0.194408527427947 -4.024630047717 0.0391673204211343 -2.79659901334497 0.501745934865313
199701 -3.41407499783959 0.0629538198788544 -3.02477410745827 0.327032097928015 -3.37990983214189 0.19755413119715 -4.02340286389127 0.0403092991345299 -2.79608190372724 0.507579882250218
199702 -3.39615384635481 0.0647306904200667 -2.99487354865164 0.334922090625054 -3.3233134648829 0.213043912916699 -3.98070794487431 0.0436891305416016 -2.68901530959564 0.56890481329059
199703 -3.39280898209131 0.0666152112580362 -2.98964288246353 0.341463188355621 -3.31889755397432 0.218610080393638 -3.97696418552533 0.0452939365965047 -2.68308887341802 0.578955248942536
199704 -3.42712817728845 0.063677138835977 -3.04492259930016 0.321936234077905 -3.3825010052396 0.202764583610099 -4.02714921887763 0.0421039225064763 -2.75045072789233 0.546177266704153
199705 -3.56036903490808 0.0486860022583131 -3.2162162499251 0.250785820964594 -3.54313568703912 0.155529018824603 -4.14704524357152 0.0325592426491967 -2.8995272343975 0.455586541596113
199706 -3.578273580031 0.0479455296900846 -3.22942846225944 0.247915964457789 -3.55602549912852 0.1539881027045 -4.15982994783073 0.0324370770686247 -2.93076944674286 0.441569158205
199707 -3.59112857537394 0.0467952654876174 -3.23185170888785 0.244872216285639 -3.56352386526078 0.150821214848246 -4.17096811054525 0.031649994713468 -3.02297066471087 0.388544795902732
199708 -3.50270649291575 0.0554467406836087 -3.08119468532209 0.299466681659776 -3.40406098252295 0.192586078929796 -4.04347713800497 0.0409570295654661 -3.04263701801561 0.365338837877957
199709 -3.76213418657481 0.032404476231042 -3.41935483325493 0.181206520400615 -3.74523370172117 0.109264949238328 -4.29695803794856 0.0236724145727694 -3.07990859816281 0.342023790979666
199710 -3.41908909238322 0.0702871300274707 -3.0000349192765 0.352443450432344 -3.33792337245584 0.226209285672964 -3.99024080247246 0.0475910320593884 -2.9881676519617 0.375305479996468
199711 -3.42192838165682 0.0741951341544847 -2.98820325965994 0.371122640941574 -3.32752230732591 0.23912078501146 -3.97989488814208 0.0504231306370121 -2.99636558828655 0.373648185510879
199712 -3.08691332487396 0.136143063531568 -2.63451294030759 0.554983963897653 -2.97432545771608 0.381187608166005 -3.73652739809043 0.078171473288877 -3.05562438253835 0.324342049279814
199801 -2.88192698742293 0.192631318892578 -2.43229645379925 0.679590484746613 -2.77694941504834 0.481572833854446 -3.60517048676026 0.0985839918343839 -3.15804685802998 0.27256403559077
199802 -2.85131653088375 0.20599291565541 -2.39575456638172 0.709397225490493 -2.74309524815051 0.505745100768526 -3.57970149518458 0.105443325314636 -3.20329807141344 0.258270045954282
199803 -2.92704277441289 0.188080495022888 -2.49579082275166 0.658467649233686 -2.84130569030565 0.463629579512988 -3.64629483272734 0.0965129467249055 -3.1945593439012 0.263884351913028
199804 -2.92174111576846 0.198932093824937 -2.47793731412502 0.694398846885924 -2.82530308670967 0.48980966517573 -3.63546960510139 0.10272152750651 -3.19805730731102 0.264824455907846
199805 -2.99678751542227 0.182797485456996 -2.56075737613506 0.655052607473037 -2.88511083492029 0.465219069189563 -3.67605471462908 0.0980098030026966 -3.19066947125297 0.270122605410021
199806 -3.02366186355578 0.180147550772086 -2.58561846983814 0.64908685519938 -2.90201802236194 0.462381689696548 -3.68637545705435 0.098457517863485 -3.18987718295138 0.273025278550841
199807 -2.85132900051863 0.233669103275417 -2.37854963850996 0.779914305279697 -2.7247326350486 0.556093770528947 -3.59195326986708 0.114072866357126 -3.20314171979008 0.260636209913508
199808 -2.72320203408987 0.275709273487763 -2.21544186752427 0.876421655369378 -2.59181734913121 0.622050600622562 -3.52691470512745 0.123440434121311 -3.18053105929264 0.25975423570227
199809 -2.76824659618273 0.259253085660304 -2.25887087426058 0.841813613998228 -2.65526545418342 0.581124012921463 -3.60367081344259 0.109114108598011 -3.2749760043183 0.227755844244094
199810 -2.75835142056566 0.265438026522399 -2.25541504669766 0.844376939404412 -2.64384135742255 0.589949459182754 -3.59129438745671 0.113419698711792 -3.26090135003976 0.235134896506158
199811 -2.76511436829447 0.261160606569389 -2.21239328298457 0.865354984294863 -2.64640007586625 0.581096182186643 -3.61392200156492 0.108327483146509 -3.29518801554054 0.22127438564574
199812 -2.76994259531123 0.261974971937207 -2.2101756882936 0.867521645938343 -2.64859860493514 0.581688143253093 -3.62029373847614 0.109068392203153 -3.29700359473848 0.223093244200735
199901 -2.83520462430336 0.240683584730757 -2.22126826164153 0.856757836993742 -2.66125269656519 0.572897915519992 -3.67212430096504 0.100916991033832 -3.29779695471308 0.223598749055978
199902 -2.81745139382579 0.250693647879177 -2.2189075237711 0.858642567406056 -2.66452383672355 0.572599120303154 -3.65926830558858 0.105247380167988 -3.31431154671551 0.22089620620244
199903 -2.64397458148125 0.332856103550154 -2.06332141539824 0.975908418888057 -2.55420247742888 0.642675250991384 -3.53643057429784 0.133179866338112 -3.34399378198107 0.211704680657755
199904 -2.50515920630494 0.408391684840418 -1.95679903759809 0.946763562923 -2.48535831462193 0.686370778575675 -3.42464100624542 0.163980063921115 -3.3409116718836 0.213218549425818
199905 -2.3368113811828 0.483747394043143 -1.89204311524029 0.929001605724231 -2.49866770096629 0.654828151157856 -3.25886192972007 0.203474716106918 -3.40814175290283 0.1849349292169
199906 -2.30344240303959 0.494186612180959 -1.94355162916591 0.981359998996359 -2.55390289543014 0.608517595995081 -3.19114378234906 0.220388159799983 -3.47013862406464 0.164878571900756
199907 -2.1123585385284 0.586332757586354 -1.94898755480373 0.982503665970188 -2.58625905370791 0.564022202197049 -3.07697983466935 0.246965229614213 -3.57483585314233 0.132535852070274
199908 -2.09303990066427 0.60014555760886 -1.96068215283431 0.973945876241548 -2.60179079677196 0.556970823521054 -3.06547224501386 0.253330286893858 -3.59722054699099 0.129979598123122
199909 -1.99114741996005 0.662782118383746 -1.91757325513109 0.997506789809146 -2.55863807757981 0.578838415708223 -2.96701697686261 0.290640607962431 -3.59335321884977 0.131015422320189
199910 -1.96459046937665 0.683061982583819 -1.91260614737683 0.999820359720029 -2.55717488377472 0.581178114393493 -2.94449870290714 0.302850199039776 -3.59921623293931 0.13177325798238
199911 -1.99790751080287 0.662951567643855 -1.89309399769113 0.989269899689593 -2.52149017449419 0.60230720019937 -2.95857852591221 0.298756861632452 -3.55084139868309 0.144240140337969
199912 -2.04209253770093 0.636729170228902 -2.01108231412594 0.935296616598623 -2.66178051967694 0.530472449473861 -3.00598263851344 0.282692474871196 -3.68767062566411 0.119629171054426
200001 -1.99550256379915 0.671692176507092 -1.95019052605967 0.986018976451065 -2.60798006367202 0.569696302665449 -2.97344844087448 0.298613804344133 -3.64174641225785 0.134573943167537
200002 -2.23053565370743 0.477061919618625 -2.24376249087594 0.700881206639486 -2.89138952479655 0.358118629830094 -3.02107427026228 0.236860846580181 -4.09030395332373 0.0509136448466078
200003 -2.87766625303332 0.210331592298519 -2.91639780233788 0.336737429851846 -3.51150000900691 0.148589715928382 -3.4307629606162 0.123210964175634 -4.61088893244896 0.0173775912546165
200004 -2.30804310704353 0.415459731865494 -2.23270529266637 0.66359603864957 -2.76715721269312 0.384467311129392 -2.80431957948344 0.287433741984677 -3.79657247766936 0.0798471093478251
200005 -1.92974543951658 0.565013195971343 -1.68829653167817 0.936994971606838 -2.04265679438422 0.716121465621056 -2.26053065571994 0.484344127513615 -2.86644335720829 0.281105215084874
200006 -1.93932374932586 0.561673804146103 -1.66926331766852 0.94958042235497 -2.00059847419936 0.747196673990725 -2.23369262710473 0.501361771600465 -2.81925641299172 0.308836684483716
200007 -1.96150579944963 0.552362931254438 -1.69683521619499 0.932874916102632 -2.0713729713566 0.712083495474625 -2.28243694430776 0.481745786511666 -2.9631577546869 0.270185182599269
200008 -1.93242563295126 0.570544147626312 -1.65165208381615 0.963841795015505 -2.00219753223612 0.762551604580717 -2.23492680723447 0.510354164173886 -2.89044580331657 0.309224267970993
200009 -1.92500092027614 0.579911322056632 -1.6403676645572 0.979467868438039 -2.00147007265017 0.782746351869115 -2.23423603974033 0.522522974326011 -2.94332697206336 0.314857555067429
200010 -1.84106248990128 0.634202393825843 -1.50557656867152 0.915590617597437 -1.85046523437142 0.909413597360937 -2.1181032187142 0.602392036378397 -2.81891585210945 0.396421934691653
200011 -1.55057324610044 0.779717510959695 -0.949599542386093 0.609375911465443 -1.11975226063592 0.660898903593013 -1.49238353619401 0.958389225270229 -1.7983799600962 0.963826988070435
200012 -1.53014394903612 0.778035337347108 -0.82444742661143 0.560452758000524 -0.873679654311466 0.542507835575101 -1.26683448559486 0.914939626425675 -1.29639886529653 0.729462572607682
200101 -1.57317473695993 0.748504248986906 -0.759756421477276 0.534666667808504 -0.710462524920996 0.464953805239033 -1.11770009116996 0.825727886848652 -0.999013542423577 0.554631044899333
200102 -1.58992118750498 0.738269307121166 -0.842389474384198 0.580617374333016 -0.841921056621109 0.529386184638116 -1.22948758156463 0.892527499770911 -1.23257481820027 0.668346991475207
200103 -1.53771813932975 0.761352521361039 -0.667522412603705 0.500409589787381 -0.610594018840871 0.4257991471583 -1.04634641991026 0.789739083181687 -0.865854649694731 0.475957356082483
200104 -1.57250236882687 0.737159589537772 -0.633275491903063 0.492459791096157 -0.559792887833588 0.411780439436267 -0.997663333759724 0.768771102788174 -0.685394737474465 0.398499449729807
200105 -1.58133675539276 0.732638036203717 -0.601314128109443 0.480265902574399 -0.507433545982838 0.39140639040612 -0.94520277352681 0.738423218493775 -0.550953200452931 0.335361674853107
200106 -1.60566867416365 0.719458400164533 -0.670085776442431 0.515788241366745 -0.59335531968554 0.43021348105997 -1.02351389874376 0.783778447576668 -0.724352655875649 0.398674381302879
200107 -1.63047938158001 0.707805449095817 -0.743930501572043 0.5485541682741 -0.672361200683902 0.461818986907455 -1.09630245037295 0.820681111479266 -0.855891759852012 0.441334058117201
200108 -1.55788338421385 0.753277588593523 -0.590565609455007 0.463063170150933 -0.521286748618355 0.386711477474463 -0.96813200996797 0.735610739482531 -0.644859246290763 0.332298316836056
200109 -1.67225700871427 0.691381280141412 -0.810176091339332 0.566012826602784 -0.722113966737115 0.473935974105125 -1.15577229378832 0.840676959399021 -0.948783223416028 0.448707727073181
200110 -1.55033597099332 0.756577492078966 -0.594941335114196 0.465950569492573 -0.501037035090768 0.381782564993058 -0.935998530776105 0.716730407286013 -0.500271412328801 0.264643235275121
200111 -1.30132365545974 0.885377625982268 -0.1654960305562 0.305139122808131 -0.0566045146334959 0.237825884984944 -0.555135649112959 0.532435052627934 0.177348488001861 0.108494741176782
200112 -1.18001366297671 0.950230688641157 0.107749668584456 0.222763548316309 0.230870085745705 0.166305557868398 -0.309625230126964 0.424582758508107 0.662917780027228 0.0485688277104684
200201 -1.22715864533416 0.927844652026021 0.0348231704350055 0.238024923325506 0.161581064534366 0.178449675895249 -0.375789180894071 0.447529294790776 0.578963902830165 0.0522577033579048
200202 -1.4253393270093 0.81476511940417 -0.328644635063347 0.359136122169831 -0.1942857199285 0.277715241795665 -0.672875303313969 0.587770929881913 0.080731683225177 0.1111830551299
200203 -1.73885667487987 0.634606070379197 -0.94894959078895 0.655589266366285 -0.829371308234395 0.547949246049014 -1.1949784613873 0.885325399511285 -0.813864140900433 0.353277008034637
200204 -1.80111359690838 0.612494337429351 -1.05655932562869 0.688813362908479 -0.933138617762874 0.577100201103943 -1.28585671697861 0.919396176358729 -0.947607750526513 0.376532155866408
200205 -2.20393578645057 0.408134383468486 -1.92008644406303 0.791199656039337 -1.72696470417755 0.945456947631661 -1.92694988914011 0.686618231769606 -1.80227650352616 0.845874541282226
200206 -2.33345678016046 0.340729052363725 -2.32843390378537 0.544977430162604 -2.13913398252006 0.675969586233227 -2.29196145912554 0.48037611584562 -2.41808577352705 0.755733159155763
200207 -2.34885112921186 0.334000230887313 -2.46924641675563 0.478195704014276 -2.24451839981732 0.616206724350641 -2.37885480988245 0.440268895874726 -2.59106983871622 0.657672346629014
200208 -2.28123816281403 0.361456780412751 -2.40477341723668 0.508448611207325 -2.20200238224675 0.637545906605739 -2.35236222475177 0.452776981920727 -2.60580729889268 0.649793735702507
200209 -2.17181224956164 0.40631372328063 -2.29545153749759 0.559878728415626 -2.11966516350848 0.678375162238581 -2.29237764147345 0.478905046364524 -2.61100686099442 0.64502606944399
200210 -1.80462243890291 0.560492584575682 -1.95458943370834 0.71617186261528 -1.81809118028409 0.821783001054697 -2.02891481179994 0.588579375580086 -2.39597828243903 0.733675058425028
200211 -2.22427703264609 0.392708251194555 -2.30866000360941 0.546388148913902 -2.11203928169099 0.66691110036273 -2.26966233094696 0.479813175477418 -2.46325441870872 0.685894983123467
200212 -2.38121030177993 0.345846094847951 -2.42368132196344 0.502962249649527 -2.21014775365422 0.624784242587003 -2.34246236917692 0.45430560460282 -2.46926095713038 0.683042828428714
200301 -1.8490192784298 0.554199994766797 -1.88218873351269 0.746396789051886 -1.71308266234012 0.860472708738782 -1.95507340320267 0.612319020490371 -2.12100646472475 0.834028007555649
200302 -1.76313520495444 0.610541014937493 -1.77576197423752 0.818813125894376 -1.60927409438727 0.929151433502569 -1.87947402377218 0.656431636313396 -2.04146750403102 0.881724444173547
200303 -1.07089774764151 0.964676559522722 -1.02958971730398 0.791198205311693 -0.903336586952208 0.70841254118378 -1.36424772461898 0.908319063384982 -1.51728492504359 0.86311838301591
200304 -0.856706915581129 0.903047892005057 -0.790077339608164 0.654200097841124 -0.675675450947821 0.586197853673547 -1.20717428070505 0.99915558097787 -1.37401147434584 0.786815834586131
200305 -0.986059375216874 0.95914763629007 -0.90251289728005 0.701558593689905 -0.775447987610156 0.627847758661803 -1.28183789507927 0.964304600066044 -1.42037124873688 0.810779679596369
200306 -0.969000885179283 0.944962547369801 -0.882744323826246 0.689599892248181 -0.755153140248899 0.61691905547775 -1.26948871671391 0.972963419684214 -1.41121366281709 0.806965449858211
200307 -0.79837031090586 0.857305062112396 -0.677303148070019 0.59521276996485 -0.570140251002482 0.537680386911465 -1.14594417419875 0.965697973376756 -1.32828088565007 0.772958611650451
200308 -0.760993885117145 0.840589941330298 -0.630389358347605 0.578338773148275 -0.516912535809011 0.519179142547159 -1.11099774312875 0.949472171075951 -1.31415223916209 0.770149608243194
200309 -0.736358716422747 0.834255328773284 -0.600483807274799 0.573938034745074 -0.481199733511772 0.513092047023371 -1.0867668694176 0.943030168480007 -1.29775865839805 0.771519893874844
200310 -0.746720852183458 0.841109342359273 -0.634913185323382 0.591532069641015 -0.510404092463745 0.52836163517155 -1.10578082270834 0.953252341443905 -1.3050352718339 0.777643409239067
200311 -0.737369511594332 0.838321210684747 -0.644662800733897 0.59936392824019 -0.515998184046018 0.534625470071163 -1.10751807897949 0.955184346313503 -1.29421785130841 0.775103613461079
200312 -0.739398323740859 0.840935900366347 -0.668873808436632 0.612418228185003 -0.530200877748932 0.543885525298127 -1.11832629675859 0.961075209686183 -1.29619796435267 0.778368020421849
200401 -0.694184939682763 0.827367698280164 -0.530034430667148 0.563515300422825 -0.430448875046108 0.514412545756724 -1.03772173528915 0.929717870131556 -1.28240268481126 0.784903059441707
200402 -0.739021412215757 0.853393342071454 -0.511503939458691 0.563363559649233 -0.420851515602649 0.518270090735085 -1.0225227764467 0.927093018646203 -1.3245627834648 0.811855119430464
200403 -0.773081097169515 0.872268495621479 -0.487858763610771 0.558988111553704 -0.413901657353888 0.521141027919895 -1.01076802779387 0.924185188360929 -1.35415208874736 0.829932490640072
200404 -0.827976543266629 0.900700008761409 -0.486508498362692 0.564323933475273 -0.429131446954623 0.533125508101933 -1.0034411798588 0.923837700545409 -1.38670996551167 0.84973861599391
200405 -0.657617479832817 0.831632121718631 -0.408035489579861 0.54898843581422 -0.323654049874533 0.508012060531169 -0.969435976737087 0.920960134023218 -1.24884980016444 0.80472611695177
200406 -0.66975162218863 0.838545499512461 -0.40123640969314 0.549834114147862 -0.324392349608771 0.512115830829749 -0.962992680123298 0.918802625964482 -1.25776048960859 0.810592449288507
200407 -0.70117412164703 0.857027192955569 -0.381014347327513 0.548681878876734 -0.322313764190807 0.518301211040743 -0.934808604943216 0.909667459812101 -1.29717821544308 0.834409600389065
200408 -0.668027852488162 0.84333271843288 -0.311003281252598 0.523514220013261 -0.271695567514163 0.502513979155316 -0.884304750845533 0.886604707369172 -1.28325493158665 0.830823894531894
200409 -0.633945297786309 0.829527330549875 -0.241278275893975 0.499663128465833 -0.220638066545931 0.487193574672168 -0.833402041057041 0.863924203057072 -1.27620270628552 0.830507759298687
200410 -0.633240566933035 0.830435070184108 -0.239391641627162 0.501696793017551 -0.219162796127104 0.489916810426554 -0.832951631486889 0.863807162090409 -1.27607465659372 0.831890271767316
200411 -0.634940032062259 0.833227045075704 -0.25491142610985 0.511604241733336 -0.223035671571714 0.495756690792744 -0.851365181573249 0.873543112955422 -1.2641090291784 0.828954465124113
200412 -0.647855628572702 0.842241801150909 -0.243682967697789 0.513474547292131 -0.214942772080207 0.498885051691725 -0.82315999520941 0.864283080396207 -1.27672066658127 0.839040888027905
200501 -0.708244047256845 0.877124406682204 -0.260413439362717 0.53194008597098 -0.228189463449602 0.516028753982723 -0.794546291815079 0.861337502534991 -1.3459054362337 0.882079280576327
200502 -0.678525471244384 0.866796455182656 -0.191551778653465 0.51162102661663 -0.173834841366216 0.501683323369281 -0.745054391619937 0.842464529949317 -1.3498474957635 0.887552204331007
200503 -0.642932758868153 0.854942008491995 -0.132753059451418 0.496991336845603 -0.128970053624688 0.492342957592803 -0.701611952849102 0.827761060664742 -1.37100707381506 0.901450535483994
200504 -0.593090720285772 0.834761129207432 -0.064801844227369 0.476794076396357 -0.0736716602726784 0.477177548669983 -0.662743160948764 0.813211055047816 -1.36909344520488 0.902988737696427
200505 -0.623510633861857 0.846589634005537 -0.103199894524919 0.489907291959072 -0.103200765873335 0.488926332530492 -0.686289657509009 0.823235270521561 -1.37443649089184 0.906216033484657
200506 -0.596891164433044 0.836951165789205 -0.0682602440834845 0.482079059126832 -0.0788921707757018 0.485053241343503 -0.668152222296325 0.817743023190854 -1.38600397527564 0.912701969236216
200507 -0.583342398183206 0.833414683769742 -0.0464170077770776 0.479418223806686 -0.0660734893075388 0.485512331808433 -0.659227814255137 0.816438322985607 -1.39649813687233 0.918810687898056
200508 -0.595051380767275 0.839671943931722 -0.0599646379717766 0.487961480100184 -0.0817215805406502 0.494654583238516 -0.671927184080645 0.823203516227161 -1.41191223983259 0.925776551318754
200509 -0.602752307102894 0.845054393182245 -0.0630740949890241 0.494036142502312 -0.0943015578997786 0.503791095331587 -0.684522556910228 0.830727173494308 -1.42124148129337 0.931513957049589
200510 -0.61376287472743 0.853113598354583 -0.0607597342441091 0.499955223104844 -0.108071890623029 0.514992410126838 -0.699822304647735 0.840840594201791 -1.41604423119717 0.933672803905475
200511 -0.62577026266577 0.859367589268691 -0.0822587526216445 0.510940743566414 -0.121938539722022 0.523769765662784 -0.707220105274353 0.845517387622561 -1.42906978612576 0.939708537850837
200512 -0.633171582906944 0.863799453762802 -0.0963565794314558 0.519722442837763 -0.131286376040296 0.531104060129307 -0.712929706203891 0.849466209910813 -1.43522105079756 0.943049077611081
200601 -0.651081006136445 0.872750891793526 -0.122081003520247 0.532940429891947 -0.145152535801407 0.540602887551587 -0.719383819307695 0.854295025452565 -1.45417260611487 0.952096660336288
200602 -0.657363299475411 0.879548357588386 -0.119122060321897 0.539756536153549 -0.138620624201735 0.546209488659141 -0.705473250658084 0.853831407682019 -1.40503775696315 0.938398699266676
200603 -0.668463135056308 0.8876687606685 -0.115649001495477 0.545907711693067 -0.122245470631732 0.548079675557622 -0.692820173678443 0.853432429005891 -1.3834296025637 0.935047122001509
200604 -0.682996625036281 0.894385049216215 -0.128830554289272 0.554467068094818 -0.124297399700568 0.553179825566668 -0.693902460436524 0.855644240611785 -1.37907415132401 0.934517001920064
200605 -0.690558093185634 0.898288395696578 -0.135565068310539 0.56077361471176 -0.119658756646945 0.555875634084184 -0.69003385459292 0.855768705342914 -1.37017288124186 0.931823457906611
200606 -0.700421274725826 0.903608211073369 -0.157667867875277 0.572550072002868 -0.17339654919275 0.576837451428235 -0.725519077696757 0.870484723611428 -1.4218308080707 0.9514829676758
200607 -0.714084799394721 0.910418947088761 -0.172990463579237 0.582468629724645 -0.232165170331888 0.59979559776862 -0.760876689455903 0.885273414268674 -1.46784424220012 0.969456597566739
200608 -0.702791039018558 0.908980851712186 -0.159528155937672 0.584300048240092 -0.143772778437912 0.576243916226041 -0.710552373984874 0.869723618418268 -1.42089505034062 0.955200691481324
200609 -0.695054487113822 0.907910616406199 -0.155314498398851 0.587948029739178 -0.18492756983115 0.59375350986873 -0.730119958077813 0.878840325663584 -1.44061311806425 0.963848650296065
200610 -0.695824020610569 0.909593101131946 -0.154200578020669 0.592164583582862 -0.144637840972606 0.584552972862364 -0.711094173487692 0.873579142797325 -1.41726733129071 0.95620087310383
200611 -0.690647385137777 0.908674403170821 -0.149606152770709 0.59478854117344 -0.156878403452798 0.591959130003636 -0.715510648079687 0.876489686023656 -1.42421403432647 0.959022768649637
200612 -0.747200117515212 0.928829130943514 -0.209511879778268 0.616981938280396 -0.161519818304834 0.598324066665806 -0.733964208707438 0.884848553885547 -1.43026425060275 0.962621042773559
200701 -0.782617219919302 0.940300910999574 -0.240245289976748 0.629292621572135 -0.168005946935157 0.604563971038668 -0.74676385182233 0.890449215934007 -1.43977597817213 0.966416774176888
200702 -0.84048662965106 0.95706796452138 -0.296046867871969 0.646499495061304 -0.197313413577294 0.616607941718709 -0.779783473313866 0.901631638951453 -1.47524678023943 0.9775161221441
200703 -0.949756789743161 0.990004652518695 -0.404468427076909 0.67928039866312 -0.25874453593504 0.638242352456618 -0.843155219316016 0.922757400210891 -1.53735018515693 0.997628532539654
200704 -1.18276344154096 0.9356385323186 -0.626324344075857 0.750477676824454 -0.412250440224726 0.689737582471223 -0.991998401090499 0.9732900999028 -1.67590558545936 0.955137853293349
200705 -1.30510075198706 0.901754631771262 -0.731004741639296 0.782040578577414 -0.468849917860914 0.709706814651873 -1.0608847864608 0.994565271470188 -1.74570169295885 0.934451008172551
200706 -1.20968469589215 0.939068873618762 -0.63040009706401 0.748907857350434 -0.401536383993806 0.691192640034221 -0.992813921584079 0.970681366248211 -1.66822492733325 0.962552809865656
200707 -1.00012870647386 0.984466629851831 -0.415811768650731 0.680389726609057 -0.241856337968249 0.644822719100146 -0.842308124166635 0.919767793190844 -1.48502372768213 0.973779056262098
200708 -0.968558417567023 0.969364462879581 -0.381857347341752 0.671156875333551 -0.212332205099397 0.638350389208912 -0.812048808936017 0.907638624685887 -1.45254169001785 0.958105373645691
200709 -0.886722760405134 0.940214279153776 -0.316857545462268 0.654752361160244 -0.157792355374786 0.626186990907028 -0.740144296031087 0.88376323076583 -1.35586101426679 0.922832582156796
200710 -0.403712822593105 0.790892145126061 0.105494516151383 0.545375585489361 0.291163857576993 0.511406760970589 -0.230154170995012 0.728224591342198 -0.682363781125961 0.713841207217387
200711 0.427434307263408 0.542510079240715 1.02893542502046 0.324026924564338 1.20558405462999 0.301141757964116 0.684427286006972 0.465767235064773 0.43055446842124 0.400727595471045
200712 1.12899953539034 0.36127478845506 1.81317832030902 0.184878262962394 1.98053400994073 0.171395849087277 1.47181070606699 0.282997372235751 1.37258987199953 0.205046788006185
200801 1.52130525507631 0.273723897091143 2.23133863479688 0.129786801580638 2.39783331044802 0.120218133943898 1.93026297004035 0.198203034599745 1.95531165047802 0.118205437037131
200802 1.18314597647402 0.317052120096687 1.92331215855203 0.153809014751617 2.11893948336046 0.141491125718646 1.62044164497466 0.228481038809194 1.50112835193441 0.141692173912791
200803 1.58514954320931 0.219229810789066 2.40372680438536 0.0915682119747008 2.57297330946812 0.0879872111852035 2.09179024240403 0.143889614538762 2.1352648938893 0.0598132853745035
200804 0.516662091918074 0.378658709466416 1.39026956560687 0.177450098755847 1.70495891028267 0.160934825920674 1.06377688682018 0.260742278185219 0.516689284944261 0.156646516336311
200805 0.888683419257263 0.286558318120881 1.81631150511037 0.12115961415647 2.13649539450995 0.10965828122928 1.56843229450481 0.167789879484685 1.2841784086346 0.0555963125711719
200806 1.5223590071716 0.17745204227444 2.57546389785888 0.0590558525129044 2.90308523552306 0.0529377072047338 2.46255790328892 0.0729165751641249 2.70496535049671 0.00716983037995119
200807 2.12064720647356 0.112942731250997 3.32532145119395 0.0285388289086787 3.70680058074598 0.0237667896276661 3.47844849920809 0.0258130861016841 4.44760007271026 0.000398645753064335
200808 2.25472129147343 0.100465574549729 3.52293593931816 0.0230664221037597 3.91379681983858 0.0191523233741099 3.75701316795084 0.0183870327090604 5.0320766424103 9.70636430405157e-05
200809 2.25390629830332 0.0995249534017557 3.59101813807496 0.0207380652788926 3.98660283019113 0.017574542965192 3.85043936046903 0.0158887569331151 5.3071200412652 3.5048764110877e-05
200810 2.59585129410491 0.0819042658293518 4.13184301361955 0.0132786288493161 4.37174581668797 0.0133106174351399 4.25214078910366 0.0118272878254957 6.59759815214119 4.32341911632428e-06
200811 2.58485657607302 0.087703516711248 4.13229894366948 0.0148118160654212 4.32762550007241 0.0154705370123962 4.1597159983738 0.0143786347579305 6.62018558437867 5.82829597993675e-06
200812 2.51063690059214 0.0954820328904308 4.0688621374274 0.0167931187258081 4.2734097603059 0.0172214712285935 4.10316319688415 0.0155517533499995 6.54016709755918 7.33925679422252e-06
200901 3.26201005119094 0.0572379790032674 4.90894480976845 0.00801396110584895 5.15776493290986 0.00777402026827799 5.23067870822492 0.00518556886000621 7.98389447056062 7.49441572852571e-07
200902 1.79908003153612 0.172344690643245 3.37407570145131 0.0391183388153841 3.77404821208621 0.0339430458481667 3.64972793781506 0.0286621147768307 5.82088088708196 4.58343728244226e-05
200903 -2.03153892929959 0.899118798786118 -0.616991561614744 0.468301940781206 0.343611777363562 0.348089159092452 -0.294252407665163 0.393659516241841 -0.332344025174947 0.047002507003654
200904 -3.22938577953142 0.898666206281416 -1.70371770150681 0.610626140959808 -0.451370598338841 0.44186970285369 -1.33207680772915 0.51664577896665 -1.94414217150332 0.078050906161073
