"V1" "V2" "V3" "V4" "V5" "V6" "V7" "V8" "V9" "V10" "V11"
199507 -3.18930081650335 0.079229992605479 -4.23236617185907 0.0011356810396803 -2.51567018505237 0.922784313361206 -1.54218671734319 0.101896781133521 -2.30491292086632 0.622796157603906
199508 -3.1932603670876 0.0783115234291992 -4.21334492685486 0.0011826449304529 -2.51682462019187 0.924341451581545 -1.53828035988928 0.102506679577206 -2.31547391814393 0.613226922313943
199509 -3.11622674591796 0.0956015231062667 -4.19028371047554 0.0013616251316664 -2.48963066862624 0.898656409675974 -1.5057293659503 0.0958505338480055 -2.27506166633022 0.649984177956938
199510 -3.10276652889587 0.100028506923704 -4.15154036440342 0.00156704906313206 -2.40388144597645 0.82133814051603 -1.45279674117342 0.086076348387836 -2.15184055847037 0.738261629401859
199511 -3.24777492697272 0.067520844139968 -4.33328258157855 0.000792490354627044 -2.51864541788083 0.935048611502344 -1.46523273161916 0.0926053668905994 -2.27627007895321 0.605339788566635
199512 -3.24925923823147 0.0684179592988742 -4.25537339104216 0.00105611927627589 -2.52107734607259 0.94035122233198 -1.41164844078012 0.0830881636795337 -2.36511447035799 0.533965853305174
199601 -3.23545125975442 0.0721270480815742 -4.19103838394643 0.00136683794389312 -2.51269442260433 0.931427905953111 -1.41128696885386 0.0842763943362269 -2.34953989202655 0.548446058492332
199602 -3.23824488465176 0.0725392323919529 -4.18913098757283 0.00143595997896725 -2.50873457500571 0.92688101246608 -1.41045467851231 0.0852192311169581 -2.3448396265328 0.553654893760381
199603 -3.23680681625846 0.0734264095949364 -4.18732589390425 0.00149109858753073 -2.50684943819004 0.925643226512263 -1.41085857070427 0.086645277956567 -2.34492507795652 0.554665209964054
199604 -3.23597378257958 0.0747886403874121 -4.19036217318869 0.00153340216166892 -2.50694537466862 0.925901790867692 -1.41647439635506 0.0880237730194922 -2.34105813059959 0.560795601399973
199605 -3.17659333006508 0.0800924164476275 -4.00440571824043 0.00237743105769104 -2.44798853902275 0.877131581533559 -1.36332417814817 0.0793100097353459 -2.2839671710891 0.603116304569973
199606 -3.17926398329214 0.0792877425990303 -3.94278493992037 0.00272248739498111 -2.48702327233783 0.913257364780455 -1.41311541520288 0.0912851227203726 -2.29280279990296 0.596194437619619
199607 -2.86646157154788 0.155905523207448 -3.74048628022976 0.00550770245471302 -2.32988908272731 0.761215035599257 -1.22318357016189 0.0545480020882712 -2.14283299628986 0.727343998763315
199608 -2.86528628838452 0.15768615164376 -3.67501806070283 0.00690981841271248 -2.17525065091728 0.653176575095544 -1.1789000554973 0.049310763827233 -2.09194523664562 0.724237195406265
199609 -2.90206179958232 0.147828273108057 -3.69702848720737 0.00672292107402835 -2.18217350223431 0.650582625423172 -1.19338220181677 0.0504061624843983 -2.10539879318765 0.712323639025966
199610 -2.80202209134501 0.177748803011616 -3.6731000553182 0.00745002594148351 -2.18330595259351 0.660114465910282 -1.13162840486065 0.0450047693814682 -2.11815436746037 0.694518075616292
199611 -2.92058624270064 0.141757962300205 -3.72747232600548 0.00670020799614962 -2.02612672526574 0.536634639292085 -1.05374527061626 0.0358611188405029 -1.97485612354134 0.804331321580011
199612 -2.85350310335089 0.155248346102233 -3.68540182654982 0.00780707627679934 -2.006813061516 0.517374328224596 -1.02093372735366 0.0333879829247724 -1.97319550814092 0.803153965476124
199701 -2.98285484173373 0.116981957233116 -3.77162963962254 0.00617667579841766 -2.0100734709424 0.5154767067207 -1.00185823653598 0.0315530165287825 -1.91674574164795 0.851602962063135
199702 -2.95844071205844 0.123030939626811 -3.80706439696659 0.00555757174358689 -2.00692124033139 0.516819022972582 -1.02507949236159 0.0337258619377529 -1.89388902369141 0.864002522157791
199703 -2.75768665541904 0.179388134190217 -3.79575552282325 0.00621296084579879 -2.30492485479248 0.77659853804291 -1.11605079501895 0.042400258172321 -1.94978963359511 0.824731695790668
199704 -2.76126411666811 0.180101480282372 -3.74846894056871 0.00752748861030127 -2.07253594167525 0.594609489468074 -1.04021048707037 0.035412637382062 -1.85090128914291 0.875008121486217
199705 -2.24473286325235 0.388742049123807 -3.41092677833064 0.019030090495495 -1.64870107573587 0.350038847721586 -1.20304689884128 0.0537681172791334 -1.79928738999384 0.9214060468893
199706 -2.15466562470148 0.44315178482803 -3.08863339950558 0.0398152343574839 -1.64000786370204 0.343692425407051 -1.20320487186882 0.0547236488060907 -1.81326558809483 0.911855607396565
199707 -2.18785632899974 0.430091907098821 -3.0965625470007 0.0404375610304774 -1.61850968142385 0.320163298044683 -1.25340443913879 0.0584373935762766 -1.73942897962567 0.983499664167331
199708 -1.91724279729659 0.613208099888875 -2.28346973551297 0.189387910755435 -1.36935985452034 0.205443728068254 -1.11004126418461 0.0431229764824143 -1.69802298040187 0.992210080526502
199709 -2.28564853635627 0.306284332064392 -2.48318583014773 0.121611033790881 -1.7923889111723 0.521674061195972 -1.01194367223325 0.0341961211804871 -1.65333154683802 0.950620406172724
199710 -2.37074333798215 0.270588819894874 -2.52244538874478 0.114151157256336 -1.90270558286691 0.601632203546445 -0.927732980669482 0.0269241022335449 -1.65769895409831 0.952186011541524
199711 -2.38397012547942 0.26776092469395 -2.52170970496126 0.116440554834727 -1.93006598029875 0.619575592585323 -0.926411467532451 0.027556518333299 -1.68686279013979 0.977659087372001
199712 -2.24972783526878 0.318426248498029 -2.4169976858436 0.138771144753515 -1.85651385222716 0.618858173982128 -0.849549882659906 0.0237752009164102 -1.62605800745219 0.935373268701942
199801 -2.34141744046135 0.270457244733753 -2.4513621997398 0.126764214584364 -1.81258288858714 0.615073358899103 -0.846763936188544 0.0241942566128997 -1.64254821563865 0.952583671539155
199802 -2.32569589654548 0.283110594377952 -2.44737571498179 0.13179473921451 -1.81595529222789 0.604887190691864 -0.803520644849987 0.0206184956525185 -1.68657977114122 0.98824047720578
199803 -2.32889135359025 0.284873693600519 -2.45086775160053 0.133808614743503 -1.82410984637671 0.602861314024093 -0.792263171123553 0.0204059450359348 -1.66930107183423 0.971086625862934
199804 -2.3313745028029 0.285119692703269 -2.46330335414282 0.132064462276413 -1.7878590518168 0.585152848015451 -0.745902694909972 0.0191402138786062 -1.76164911349503 0.923572023879915
199805 -2.33318692183722 0.2878401585733 -2.4598080080056 0.135280274783298 -1.79447256258953 0.585028513770356 -0.786074624745314 0.0211993683742595 -1.78967672178341 0.901890684690116
199806 -2.32841648787896 0.291806567044674 -2.42713489566901 0.146045884992671 -1.72277669776217 0.538429434454535 -0.748259784452721 0.0192209012381337 -1.86307775340515 0.838219496059242
199807 -2.40412181652672 0.255107049501815 -2.52317387237406 0.121092296717255 -1.93733772199896 0.705432620813923 -0.691771774894323 0.0168642698982784 -1.80655533700242 0.88584096448331
199808 -3.12499359837246 0.0749735853241679 -3.3439070608936 0.0227064872229953 -3.12030320689973 0.524275049751562 -0.595770361875747 0.0069367731967995 -2.33461863773805 0.552434517335858
199809 -3.09737454767935 0.0811480736247826 -3.28569524406086 0.0272316176204066 -3.1031721191257 0.551549295541651 -0.685358262103586 0.00875778972065351 -2.36408514281572 0.547063333289569
199810 -3.13584817869663 0.079854135898186 -3.29841062929637 0.028054056118749 -3.18709215246462 0.515759809087186 -0.781711454947698 0.0124575912987587 -2.49982363137502 0.460987263183469
199811 -2.9743977660214 0.11118737968473 -3.14475113819255 0.0404764287767724 -2.878356250707 0.742384655173297 -0.666394108872992 0.00891189080810548 -2.28184878235722 0.608325621271171
199812 -2.89534297067331 0.13200619491389 -3.11178904310543 0.0450617002234729 -2.6886843950753 0.899794395212368 -0.310143412186181 0.00315190596366491 -2.063604201059 0.767001788286759
199901 -2.89861221461492 0.132643691045715 -3.13126264483403 0.0438014329932145 -2.65714562789763 0.928960166826904 -0.508283793180042 0.00559572774294922 -2.12255425201935 0.715375543814879
199902 -2.99881731712801 0.112429901636419 -3.14399213104444 0.04348723486811 -2.93492356982687 0.727342283874411 -0.936766458365645 0.0189841241472888 -2.18025774825794 0.673171339027555
199903 -2.94788925494893 0.123481078680027 -3.10985073645267 0.0476824021722523 -2.808474162122 0.79608482921945 -0.704078348797843 0.0114531164181819 -1.85084554044168 0.922011406398631
199904 -2.94862275384637 0.125780748510192 -3.11083887480712 0.0489279894311702 -2.8804571527737 0.745150499996506 -0.751330846633858 0.0143170763605229 -1.88127084536298 0.892082807831814
199905 -2.83629556244041 0.147049121708021 -2.86551091951073 0.0793352090991859 -2.6542065324195 0.882108914086232 -0.80522733676136 0.016812455580396 -1.90838640281221 0.878530516214257
199906 -2.89539529399379 0.122829206614442 -3.07912920086306 0.048062347615716 -3.0799557745685 0.524321325848748 -0.913895686328159 0.0219507695125318 -1.91158930951127 0.866869641864228
199907 -2.61461741707123 0.196506277484305 -2.78674717075098 0.0817405036788031 -2.6639174367828 0.772948158681303 -0.928930253302052 0.0219543538584301 -1.84648147092594 0.916081398732541
199908 -2.38923776262019 0.275607976410565 -2.74241569464069 0.0870579282245984 -2.44402535032338 0.904623438869656 -0.916547107733545 0.0218016656997303 -1.81291374055832 0.947420287091603
199909 -2.50134700173614 0.235395768335532 -2.65950488659505 0.105483135673477 -2.48123752953568 0.870526936600043 -1.04832584423389 0.0336233840880085 -1.85812593159544 0.914550027080546
199910 -2.52064997513253 0.231686361816867 -2.76457742440217 0.0870620443561974 -2.73603978543435 0.705097079476854 -1.01586510109919 0.0302013637009252 -1.97487302139485 0.831728336211226
199911 -2.02730013166494 0.335874974692585 -2.40237057596433 0.141432019542168 -2.33118837163466 0.769961153283721 -0.820138578072926 0.0207990786215971 -1.98276896286538 0.825548598981592
199912 -1.82064564392861 0.414539214165201 -2.44999768568326 0.131013167579434 -2.39914322683035 0.742014963166092 -0.516805324941427 0.00845700048201093 -2.26554288130631 0.620191563790882
200001 -1.95912487447687 0.337782001131223 -2.39349264470086 0.149046094690553 -2.0711187154663 0.977307034832734 0.641483909503815 0.000360096087256127 -1.74819937059809 0.897647601400295
200002 -1.94800204327361 0.345944407207549 -2.16962903104481 0.208525735505306 -2.03984131153201 0.929000578128569 0.850243888531799 0.000190096967878909 -1.8022822685188 0.869381931166904
200003 -1.06531314171538 0.849718927818558 -2.2706418272576 0.180767096319365 -2.90842128682749 0.205774371183838 0.310207821670805 0.00367968628502703 -1.43712365017812 0.723161833447559
200004 -1.53522273148152 0.416197828905409 -2.29623396322993 0.130941325466984 -2.73380947404616 0.134488765702582 -1.64852034887328 0.425193488767675 -2.25125940051289 0.195997280939072
200005 -1.98809507432351 0.196916682277359 -2.38828336895975 0.102855322279719 -3.02623148688608 0.066410966977625 -2.40184562807162 0.958502198004737 -2.65990062684409 0.0845605392662576
200006 -1.95697281317022 0.202175568366216 -2.39744594399323 0.100971932668969 -2.79484547343212 0.100819882305484 -1.97172622188939 0.763143587698269 -2.38446912960368 0.135002380055278
200007 -1.96891063473805 0.18245565979498 -2.17303557488426 0.141545770095953 -2.29501266575278 0.205689080155766 -1.46718233543357 0.501479757976173 -2.14676994047343 0.187730759864976
200008 -1.70239246533788 0.268672768347265 -2.03594146943902 0.176380710896973 -1.92097774880922 0.339795607263048 -0.978783506230951 0.272515614363676 -1.88654198587348 0.271994275324116
200009 -1.72394726020151 0.263199292561688 -2.04007388991418 0.177667740670655 -1.91224084038022 0.346350829529617 -1.03279232181213 0.273470557699017 -1.88616519189884 0.27480311241676
200010 -1.72165879727293 0.264951689881934 -2.05862053370551 0.174311258487529 -1.94885057729279 0.331018006996711 -1.23429739691101 0.362487069022487 -1.95439270728819 0.250221503221813
200011 -1.90032949071863 0.18754757698516 -2.29542454994689 0.113024009985981 -2.6763967864921 0.0987488502667079 -3.36036824285517 0.347002876780797 -2.5951804673261 0.0825512572476254
200012 -1.70907379036573 0.246706644380371 -2.12716602178344 0.149777678904169 -2.46279273987016 0.136958154365304 -3.87427725142406 0.128846988228761 -2.2994140637228 0.130297764283543
200101 -1.68232948095779 0.257522934026775 -2.12263032838376 0.152766277392312 -2.49671571125032 0.13049401325531 -3.20019757354644 0.318000263527647 -2.33312978865623 0.122414561347845
200102 -1.54177922786494 0.31198991111614 -1.97548359172346 0.194100612040221 -2.18596067216201 0.215712377386212 -1.87125504967032 0.771841152665913 -2.18271811341071 0.156961397713982
200103 -1.40911910338823 0.371970003120482 -1.81483065871517 0.24740730276862 -2.0713676933793 0.262528407736728 -2.48588082706089 0.832798356779638 -2.24110578614072 0.145600856484431
200104 -1.31422588978694 0.420483407457725 -1.77001943075963 0.265854069796161 -1.82705968411303 0.362921833125968 -1.73614031733613 0.652232382425913 -2.10512099548368 0.181509781966273
200105 -1.31134072464527 0.424589903763975 -1.77511821485761 0.266677249511438 -1.8230296157318 0.366823509159499 -1.7270945474809 0.6472366069714 -2.11032188716249 0.182640442136235
200106 -1.23251071721173 0.466192382348302 -1.72046707869382 0.289651492612266 -1.75088115713906 0.402939238387437 -1.70645732006429 0.637173173314746 -2.09760208228553 0.188244862221275
200107 -1.18580445556977 0.491935590158966 -1.7000118707347 0.299605121914452 -1.74044461268521 0.409318647283091 -1.66528272229389 0.60594292288536 -2.08238735298247 0.194987880926609
200108 -1.32469775114619 0.41984112868835 -1.82218919907444 0.255937874432118 -2.03089939381675 0.285668173682813 -2.41395011497167 0.921700053600508 -2.20372311843322 0.163257518201545
200109 -1.22544176525132 0.475911205366251 -1.76156264638785 0.284815581692323 -1.96877875866137 0.317379225809332 -2.60504599549447 0.871420995281878 -2.19377378886154 0.170860266042277
200110 -1.18289151788844 0.498257917455088 -1.7654616446892 0.285682399370957 -2.00463993696853 0.304891036666979 -2.50763698619312 0.945170110695177 -2.19859173512456 0.171748245567877
200111 -1.33099941886592 0.417124571088361 -2.09547779923693 0.179712254281752 -2.36495074104055 0.176352394030488 -3.43963947462436 0.365989870230618 -2.49315827577994 0.10621864033424
200112 -1.32683180816007 0.422015431035421 -2.09598139675566 0.182252045212154 -2.36572178641898 0.178649056755218 -3.4389712410434 0.368973732578631 -2.48916062675961 0.109108608251536
200201 -1.36151937974243 0.408299070575988 -2.10649439465389 0.181825850126536 -2.3956834735998 0.173422034004821 -3.52137650156672 0.335483740364526 -2.46966677629246 0.114489015271414
200202 -1.35860181359948 0.412364900945682 -2.10569541477783 0.184616455994008 -2.38715872856514 0.178496287054083 -3.65247344204234 0.297286109239377 -2.47074768094913 0.116645090054005
200203 -1.28630748308221 0.448280715414365 -2.05674406602947 0.199971330051639 -2.33389315831956 0.19409115339076 -3.31658075976415 0.42433253303119 -2.37594910429826 0.136832079934666
200204 -1.31818282295109 0.437498420878903 -2.0692537166076 0.19950624818277 -2.38201508278373 0.186508142973018 -3.57528167697567 0.338972471184704 -2.39523600300142 0.135306644339811
200205 -1.31833003651007 0.440202483240797 -2.08181981601263 0.198963246631498 -2.38970530798119 0.187264495203633 -3.75892964561411 0.267172973089196 -2.41527839365878 0.133521126477651
200206 -1.36011903076576 0.425494637237236 -2.24016011833419 0.165139881512692 -2.53935828679768 0.15630769166784 -4.13027305808173 0.175056573033035 -2.50964811277434 0.118747073515513
200207 -1.22810403275186 0.496923137869151 -2.18317613849273 0.185156524261918 -2.43573616023911 0.18795111843508 -4.10949101870335 0.200282551756529 -2.44824874481619 0.134762657664454
200208 -1.20929768584126 0.507540934013388 -2.16452021613009 0.191328138328611 -2.42643482271212 0.19108816091023 -4.1286940538662 0.185680845841476 -2.46114357054632 0.133002026139023
200209 -1.47522605105233 0.394124869865805 -2.44199272310577 0.135698447770975 -2.79361717244948 0.120772025037791 -4.45956552953772 0.129285910135502 -2.74485907948248 0.0908820680666319
200210 -1.75839460250826 0.286087914455883 -2.69908975921112 0.0928578411436171 -3.29788516795186 0.0536885004658534 -4.93102231972686 0.0611854032946302 -3.15690133556208 0.0464752061513543
200211 -1.59319488469105 0.349702010400259 -2.6516765070477 0.102547951635246 -3.17252893250306 0.0676912431684512 -4.93054327091988 0.063564007865735 -3.04579354689738 0.0589253531176255
200212 -1.59748000206339 0.352731653597785 -2.64015184565263 0.107300664415365 -3.18642575747705 0.069551937690084 -4.89287474832167 0.0724132156222126 -3.10239441365148 0.05677905572222
200301 -1.61275753707244 0.350184779906576 -2.71585434240165 0.0979615892078409 -3.24576894370023 0.0653510374624397 -5.01743585229004 0.0603579092763916 -3.16467750093741 0.0526462673479624
200302 -1.53240149860083 0.385598409780196 -2.67417485981603 0.10674245651298 -3.1949247364423 0.0725414997194767 -4.92722451717358 0.0707650590117609 -3.12759173880124 0.0574283945173193
200303 -1.53257097105746 0.388555132536775 -2.6772069015782 0.108629156530817 -3.20303748610022 0.0735061022089543 -4.92021795049182 0.0735236751473396 -3.1278244970034 0.0590226080609057
200304 -1.66050972800391 0.342340755599114 -2.87798622309787 0.0825506458303294 -3.52447933744611 0.0453949998286908 -5.30299430616961 0.0427156237809222 -3.36220574821937 0.0412590765491762
200305 -1.54259638243845 0.39192733367945 -2.71850440209029 0.108346229312716 -3.45092476575357 0.051983575648559 -5.03951934505991 0.06800700147294 -3.11574723543164 0.0653575466438237
200306 -1.53912010097872 0.396295978780532 -2.71174671563665 0.111725354509963 -3.45785804337617 0.052983191000425 -5.03940473513509 0.0698244740042799 -3.11940187874622 0.0667207294662129
200307 -1.55105834857581 0.39434621604017 -2.71578373567032 0.113532050326212 -3.47432488669459 0.0530830125839356 -5.05117099092924 0.0703354694279235 -3.13029640907494 0.0674658696948642
200308 -1.5758380722467 0.388128355549454 -2.71691205474938 0.11582194045532 -3.47410907569836 0.0546671123297675 -5.05634505759989 0.0717054184545665 -3.13355480761253 0.069419190409149
200309 -1.55787386655348 0.399600309299082 -2.73217167787438 0.115908289474731 -3.46684965617192 0.0569290100103559 -5.073396554928 0.0717750114786647 -3.15729271746774 0.0691823108906662
200310 -1.84626932711995 0.297200760587834 -2.86784251248977 0.0976468306732746 -3.62586052559 0.044771322894156 -5.48477859941698 0.0390293444604442 -3.34076065346791 0.0532659697403087
200311 -1.84233186150986 0.300824942795836 -2.85080236309669 0.10159417942902 -3.62087816453922 0.0459634762865397 -5.43536119742716 0.0424020065387026 -3.27058544859984 0.0606180961103801
200312 -1.82553971953825 0.31046251700343 -2.83709056358354 0.106136916003256 -3.59185787576188 0.0499824844037764 -5.40123306478182 0.0463651028547967 -3.25021497422178 0.0643983671109267
200401 -1.82783072974813 0.310330166890145 -2.82578266270423 0.10902863433275 -3.50758275330687 0.0572767737082737 -5.23941348908312 0.0578573641742534 -3.11547009868762 0.0799499356875185
200402 -1.81925573112161 0.316439148029876 -2.82151328880909 0.112232714130716 -3.50796964658062 0.0589642124447241 -5.23438358862012 0.0601229020896598 -3.12646929729601 0.0807915241407415
200403 -1.84475066672265 0.311672577270198 -2.83823051832333 0.112220286247334 -3.55275434086391 0.0569837464814706 -5.24134236294445 0.0611311425912118 -3.15994146949428 0.0791658397820184
200404 -1.78971990461965 0.332813971931069 -2.79677806309744 0.121072074455544 -3.44713524863329 0.0677249303091544 -5.17053651668662 0.0693630325109345 -3.05481268105781 0.0948667268866615
200405 -1.77610166529147 0.338653146404882 -2.75996358781208 0.127847337177906 -3.4613985926377 0.0667503724316203 -5.17682167752744 0.0651745971126726 -3.09292885027732 0.0902837136009337
200406 -1.75834052226387 0.347760670456201 -2.75785646163618 0.130880289283011 -3.44841473098718 0.0699945262112067 -5.1645338301711 0.0680224267270011 -3.08907116835191 0.0930346448356524
200407 -1.77026085074476 0.348550951496473 -2.78363790332667 0.130041625815001 -3.44456536005842 0.0727921254876406 -5.29059272757493 0.060718715963587 -3.23353768331649 0.0799827462783465
200408 -1.78263436848722 0.346846472766621 -2.81000259098931 0.12799441845449 -3.44274379782386 0.0741638984393621 -5.28249398162477 0.0624355681227506 -3.30851457407197 0.0739751065791319
200409 -1.76891552970442 0.354947285510998 -2.80475307002124 0.131563503318956 -3.44531264297954 0.0758176729495464 -5.23667095720111 0.068634006360853 -3.33897761585074 0.0729360187215731
200410 -1.77809085581255 0.355438218428467 -2.80486390198598 0.134357422096259 -3.45017942300301 0.0774226882593514 -5.235209069849 0.0707607189546404 -3.34285531280796 0.0746863575934921
200411 -1.81407500100481 0.34749321269455 -2.85307825429932 0.129838478532846 -3.48116366534397 0.0765412448826936 -5.35003495005761 0.0635549736790126 -3.39215748907276 0.072181933229745
200412 -1.7944190888934 0.357685304048389 -2.80888480344144 0.13997850953389 -3.45264414969344 0.0817255699606108 -5.24300620096769 0.0753798444294115 -3.3273971969519 0.0807586808720523
200501 -1.84202433949063 0.345948422796001 -2.84358399046896 0.137310449625109 -3.48717179753235 0.0803352154432479 -5.39037467512014 0.0649635178576364 -3.46346950949301 0.0700221966179642
200502 -1.84880464307402 0.347060110229992 -2.86582819852439 0.136754683684105 -3.49745855851018 0.0814067691977372 -5.40221731526696 0.0657952197391511 -3.47198243618054 0.0713526252468323
200503 -1.88251188613813 0.339436858162254 -2.92334651475903 0.130288456433933 -3.60168374182745 0.0729533598099786 -5.49796647441481 0.0590235034506645 -3.55818942555708 0.0653480421553187
200504 -1.92059078364346 0.331653205876334 -2.97028902086702 0.126510466914458 -3.63467976813316 0.0721483015498924 -5.5431860243816 0.0577311556676643 -3.59949369576626 0.0640192301013058
200505 -1.95222170460083 0.325871351847484 -3.01433401629203 0.122913493098724 -3.6590467410913 0.0719411989985558 -5.70209195753284 0.0488098055214998 -3.66899607439013 0.0601405532283823
200506 -1.95295186217095 0.329261273792531 -3.01520798066355 0.125706127186824 -3.65981156477406 0.0741161108915256 -5.69099611151647 0.0512922735738718 -3.66806088835903 0.0622194761005127
200507 -1.95321946580176 0.333330569435581 -3.00968648173339 0.129667022319929 -3.66006317333791 0.0766787145552058 -5.65491902057518 0.0567162109443395 -3.64315089314042 0.0664875028981608
200508 -1.9531830783301 0.337407782540726 -3.01148553274186 0.132621281940534 -3.65693449767253 0.0793301191294136 -5.67073344003857 0.0578534588674938 -3.64367834347765 0.06859276138667
200509 -1.95290548120095 0.341397280222557 -3.01171424682607 0.135712227422398 -3.65768541296529 0.081639535288361 -5.67460025010853 0.0596575502700495 -3.64360127781524 0.0708203202917047
200510 -1.9934692168446 0.333234087378357 -3.03972463368425 0.134578932750409 -3.72252606684087 0.0778926886045296 -5.70289980650802 0.0594536404591713 -3.72224624650228 0.0664507618185342
200511 -2.05618449961227 0.31923096011775 -3.05886594043059 0.134556796891732 -3.80647697005254 0.07247755428757 -5.87246728077424 0.0498756843733296 -3.76121424499292 0.0651419349950965
200512 -2.05707275420524 0.323046520650834 -3.05774305878252 0.137880041524154 -3.79450479153678 0.0759294688143502 -5.86865753494015 0.0519489806053356 -3.76024408615832 0.067391179858249
200601 -2.0659437440685 0.324219402093137 -3.08104883644347 0.137534085420826 -3.8473788216278 0.0734028395771449 -5.97652324683535 0.0473620403426272 -3.82262892901197 0.0647104371827705
200602 -2.06623081300024 0.328159453909744 -3.0789285791359 0.141087802436943 -3.85785308651276 0.0749316273561239 -6.00670305341022 0.0473518155006456 -3.82828836357914 0.0663279898337611
200603 -2.06166250563553 0.333344716661839 -3.08038733499021 0.144108053686309 -3.83791301693648 0.0790820696896932 -5.97802742360953 0.0509335327865224 -3.81531017917971 0.0696081075028213
200604 -2.05930966034198 0.338006470997734 -3.08108184897031 0.147354117193788 -3.8388372203537 0.0814180734991454 -5.98155647809564 0.0526613644642917 -3.81642697369677 0.0718759949863726
200605 -2.09197835890054 0.333256175068834 -3.10671898743686 0.14692016131007 -3.93423754342928 0.0754928701734613 -6.18334266321627 0.0445435210453931 -3.86887313342643 0.0698863164454029
200606 -2.09608838858548 0.336264860532707 -3.10700488193845 0.150382621828138 -3.94135862581049 0.0773858061324952 -6.18266344051805 0.046413403421855 -3.86861809539654 0.0722959470607981
200607 -2.10927893606341 0.336693847507296 -3.10653287523823 0.153982333015942 -3.96809384614418 0.0777944367018343 -6.19378038640781 0.0477821979510643 -3.87375664435163 0.07442729460862
200608 -2.05115497455581 0.355333290644508 -3.0454934697151 0.16658328894314 -3.96721737601964 0.0788606176444069 -6.14119524702081 0.0513631336088528 -3.77742107691095 0.0851871998161001
200609 -2.05863360208416 0.35754104820909 -3.04761949199757 0.16992335317673 -3.98433991371796 0.0799805411049253 -6.1611589928269 0.0522469763133549 -3.80051801307351 0.0857840549720881
200610 -2.02838050584953 0.370426280564793 -3.03196068667444 0.17665650234053 -3.96613016742742 0.0842843265854911 -6.14017060800158 0.0563168928959898 -3.79444236135182 0.08920266884691
200611 -2.02712614272034 0.375051549362969 -3.03832629795056 0.179474852126795 -3.97731556979195 0.0860423286213969 -6.17901392946005 0.0564875772246958 -3.79588251846723 0.0919174747386859
200612 -2.01891291067373 0.381736376376408 -3.03541309108046 0.183923041114522 -3.98131545074702 0.0885132942933804 -6.20075678206633 0.0573623218807822 -3.78810613096445 0.0956530589079617
200701 -1.99858044258916 0.391762959353676 -3.03515545641757 0.187741046044748 -3.9601875270348 0.093149826030821 -6.15515709293342 0.0626702002324844 -3.78882263504408 0.0984195680782242
200702 -1.97582989045169 0.403238779729741 -3.02568554754843 0.193636436330977 -3.93576239246367 0.0986655180989514 -6.13182381230082 0.0667617104191947 -3.778200663844 0.102812736813987
200703 -1.96837917194961 0.409565644243567 -3.0284814355731 0.197181264441982 -3.9287508180881 0.10224971035686 -6.16629302835496 0.0668346244280784 -3.77346345530616 0.106472543768919
200704 -1.95376195000363 0.41859105435206 -3.02007748355673 0.203255098579693 -3.92351825839303 0.106190568399682 -6.13789249906591 0.0717203137436224 -3.76211357597993 0.111249217498963
200705 -1.93601211068934 0.428231135330421 -3.00229066224569 0.210736468242271 -3.88145802471633 0.114009487366834 -6.08538397067646 0.0797383525042768 -3.74438671823916 0.116641426794204
200706 -1.97346615075567 0.422235029737805 -3.02459496721172 0.211358857948662 -3.91110388292117 0.114335730166263 -6.11488147032881 0.0804930354814197 -3.75185960366244 0.119332622291685
200707 -1.85793719112448 0.460543312259173 -2.93937752568652 0.231438836229653 -3.77796597408468 0.133863922246526 -5.95920697131747 0.0964962718707738 -3.65390664684151 0.134794305008493
200708 -1.87278149091992 0.458502451548098 -2.9559640187079 0.231404647746088 -3.75255423433181 0.138914345244318 -6.02548874018018 0.0895939585176779 -3.58486431338705 0.145774002496188
200709 -1.84796365301054 0.470153743793444 -2.97434851228058 0.232808038245641 -3.7522133180516 0.143039892709926 -6.03296200472083 0.0934077346531939 -3.59501988054918 0.148335282361041
200710 -1.84917958736857 0.474120203032681 -2.97978816120976 0.236224375589165 -3.76033128813613 0.145959286125969 -6.09230050133767 0.0911148820272062 -3.57962652043342 0.154167552482171
200711 -1.70589645306327 0.522685207779905 -2.85003848053018 0.265383497614857 -3.53049762395938 0.18180082928861 -5.67633158448022 0.137091552305419 -3.37684457886525 0.187063498051395
200712 -1.68589409451732 0.533301910029476 -2.8266833358642 0.274113018245894 -3.48516853840195 0.193022158122767 -5.6342159473435 0.144083596531162 -3.28834545964292 0.204741177739721
200801 -1.68540797645755 0.541091952418028 -2.82326124808776 0.282417543407119 -3.47797382420603 0.199834993307157 -5.59426003389829 0.162076174506419 -3.27372105141046 0.213266621609466
200802 -1.76004937108902 0.523668937963072 -2.84105325679886 0.283783289693167 -3.58698504570996 0.189102192877737 -5.68443950249982 0.155921322067609 -3.29785521432397 0.214110892788427
200803 -1.72451351108396 0.537972984414838 -2.81183407990377 0.294458127870074 -3.51581268824082 0.203877972815774 -5.62770109598736 0.166138328034016 -3.24823426772314 0.227233900917504
200804 -1.7110408403652 0.54617411433775 -2.81585343512043 0.299676933215452 -3.51554424334675 0.210035881266461 -5.56659489531866 0.182437382742121 -3.23985186400573 0.233691443963611
200805 -1.68420455408289 0.55664953390319 -2.78143016098817 0.311508842045382 -3.55394522424335 0.207504079910774 -5.45992626910281 0.201558224121647 -3.19628432947259 0.24598040320092
200806 -1.52133340147516 0.616754137296651 -2.67718678065869 0.342326167008765 -3.30961963150103 0.259650601870798 -5.23240980771758 0.25694715954119 -3.09799820197041 0.27261806433037
200807 -1.5152841487349 0.618282287924318 -2.59201080203568 0.363446574543582 -3.236652121993 0.271914182226323 -4.71610953840724 0.347896974970333 -2.7945633161361 0.336112493817986
200808 -1.52018491809673 0.620729540364651 -2.6030923416194 0.366148830127795 -3.24040591520935 0.276379974576896 -4.7090829491967 0.354407754745459 -2.82732241112089 0.334644772141691
200809 -1.77411039772437 0.554848724379931 -2.69071055584926 0.356166919370518 -3.3701682186194 0.263198734984084 -5.62214482681693 0.233588173287227 -2.96632663704504 0.31570319117688
200810 -1.77570844382928 0.578418531958681 -2.85190544144354 0.354084924195965 -3.7124408439851 0.239847259695642 -5.62889755996467 0.359029834501426 -2.9041799147955 0.362588086144768
200811 -1.62589177553152 0.627582184600814 -2.45719261902986 0.456386264656099 -3.30952661533828 0.324282546174201 -4.46416382752031 0.702182991162389 -2.24376583149219 0.538632122402591
200812 -1.66638532049297 0.619304594392202 -2.51889932229479 0.445529647089939 -3.29507110517486 0.33105452923116 -4.65466676499309 0.641718255450242 -2.15629459654969 0.566111729963105
200901 -1.83589513407001 0.584832695832471 -2.8032615871779 0.397677525947274 -3.45878361982928 0.316682743851936 -4.93787588811725 0.580526095434902 -2.30770838089396 0.532868002915914
200902 0.00673850044761171 0.830114266423586 -0.883525199609769 0.948237503276859 -0.858958621427486 0.963835152596207 -2.30497508579648 0.718618174456119 -0.992840731120004 0.914841216828084
200903 -0.708357768351919 0.918616176076529 -2.16003674335161 0.53652165950966 -2.50758195375453 0.51444316474666 -5.40767321079234 0.313385445315696 -2.14548073781557 0.547249130735724
200904 -0.563772875050716 0.97139549032964 -2.21166899691436 0.538377071673853 -2.33496109415163 0.577633478542598 -5.195142372621 0.401076584716057 -2.10954881597336 0.572201299340595
200905 -0.443623423287742 0.990240754144346 -2.08476116550647 0.577129858028099 -2.13922584895714 0.637741377232276 -4.41168390773297 0.600400768555922 -1.93559695837859 0.622917990096219
200906 -0.459412054238384 0.997325003357183 -2.05560189655236 0.589335874331615 -2.12289203370695 0.646456297217199 -4.41391098267963 0.602227690985579 -2.00631564316969 0.609385117605424
200907 -0.874121893389912 0.874420160713558 -2.64383000983901 0.454434157570127 -2.93309083445543 0.447260997090833 -5.41252276029909 0.373277386688139 -2.7614542118761 0.434383586087107
200908 -0.536587376823627 0.966230022395513 -2.3276346639735 0.518659260554905 -2.48159873218277 0.535176383208427 -4.30201056856443 0.555940140701074 -2.17079958380852 0.563278567761175
200909 -0.458758239174628 0.988628405261665 -1.91036760756613 0.628493889612784 -2.33200748021503 0.573437197080837 -3.58591161329216 0.736988418198757 -1.78648116479974 0.667225674406551
200910 -0.480091041798203 0.982814688185918 -2.0568145937403 0.596858451247264 -2.41453390244784 0.559993450155178 -3.67289635694397 0.718552097186175 -1.93407504624039 0.635607360149585
200911 -0.774758078303828 0.894518921540389 -2.6227393172396 0.467055265716349 -2.88730176171412 0.455937997602352 -4.34934769410287 0.542581675237163 -2.14183980615059 0.582675710796899
200912 -0.758012272150266 0.900331776708845 -2.6314313226762 0.471722949594175 -2.86312635539006 0.467150646376478 -4.32854044933806 0.55874814629592 -2.13525839462094 0.590697955358288
201001 -0.91089798405346 0.856603179922317 -2.84035480664937 0.433468541147313 -3.04787704440126 0.435931819144528 -4.92168106785842 0.444313175795042 -2.522485510429 0.507953724697856
201002 -0.995694140780401 0.833284642941765 -3.00531065027172 0.40755230556076 -3.24727608559594 0.400274837908753 -5.21732557037924 0.387838035133329 -2.74446710984717 0.46538923464602
201003 -0.928983427350105 0.85567681524691 -3.04050399999014 0.411249809274749 -3.28452158376051 0.402753644972824 -5.2924569231674 0.393865645796877 -2.75562994824845 0.47228432849821
201004 -0.845454919955602 0.873537761891082 -2.86432599146071 0.444254566150193 -3.10405207608497 0.435662676225097 -4.89449451624147 0.445033444466373 -2.6839671111115 0.484741451366621
201005 -0.827774668374248 0.886799075244226 -3.28979791153652 0.380700672456284 -3.05668756091741 0.463529389103068 -5.15708167669471 0.443629982721377 -2.82920894092784 0.467464779652773
201006 -0.229920424845953 0.958849792937208 -2.0427007707323 0.624796280048648 -1.73928214789612 0.747049681353145 -2.33107902345639 0.928050615527336 -1.25655955566479 0.829471118104624
201007 -1.10707912407579 0.804095568161331 -3.25735636945681 0.376420210025237 -2.91253582615008 0.478974472014131 -3.61492606937235 0.697992255679699 -1.96666083090953 0.646197983195909
201008 -1.82155548746543 0.639943726024631 -3.69969392819784 0.314850793151476 -3.49826605347163 0.378636398547832 -4.24629201456639 0.554058871955479 -2.61075798543393 0.514159821938551
201009 -2.65697365738848 0.472262578880003 -4.98141843930127 0.1707933962006 -4.73177089330044 0.217608730088665 -6.78298107623048 0.18913473523583 -3.91145122834824 0.300952733346857
201010 -2.69877942619157 0.471958915270221 -5.09928529696255 0.167479456410543 -4.87830821762087 0.209777438909389 -6.84005582866272 0.192187646136876 -3.95714270363217 0.302765487223815
201011 -2.69890562994473 0.478782669154015 -5.11559209662691 0.172516247691399 -4.86858121331686 0.217877550281229 -6.82185239607627 0.200995561465249 -3.98734138254395 0.306125410544243
201012 -3.447439755854 0.363981906358379 -5.65603156515018 0.136436451473861 -5.65383698328155 0.151885686566733 -7.61688767513984 0.139825425697844 -4.90085966551417 0.208774825806598
201101 -3.37007728143472 0.383361700297392 -5.50840674753177 0.15364951702488 -5.6328698350212 0.159504810760297 -7.44714063499987 0.155706645366045 -4.86877099554026 0.218089813595472
