"V1" "V2" "V3" "V4" "V5" "V6" "V7" "V8" "V9" "V10" "V11"
199606 -3.60159607827881 0.47047977481326 -5.20125590126479 0.0238162198516914 -4.76544548703148 0.124391198861444 -1.85783993113959 0.092008443903255 -2.79720630268694 0.740064469327693
199607 -3.62030842454031 0.460350339575541 -5.20517418375537 0.0240751341933111 -4.76692518113717 0.125351593564167 -1.85949842247757 0.0938184877868235 -2.79604023282272 0.740050527557963
199608 -3.60670723334724 0.470900122978825 -5.19221661515967 0.0252763630682456 -4.75992478975207 0.127730372534694 -1.84347647246708 0.0917354649219383 -2.73752663797724 0.685347546906032
199609 -3.56821684305004 0.506832844757185 -5.14892249045342 0.0309061367743805 -4.72637072390121 0.141049689536761 -1.81170577163154 0.0850388642334276 -2.72522236971484 0.676238598812052
199610 -3.57129881283675 0.505980852886834 -5.17231272903695 0.029945039718279 -4.74980488708252 0.137114129608264 -1.82618365816298 0.0884166794671542 -2.74037111724186 0.684679387291775
199611 -3.57817822180235 0.497547783203032 -5.20022087045904 0.0276787086813612 -4.76231112626686 0.132449707864626 -1.79624969614822 0.0843760000774872 -2.74796487341193 0.696448909561262
199612 -3.57842088114193 0.499097738686643 -5.19820309551517 0.0285246880808287 -4.75968073775876 0.135220071655813 -1.79728923099252 0.0858515453919766 -2.75353147506741 0.699428620678216
199701 -3.55440188496428 0.517166122399866 -5.1616350496585 0.0319956817500988 -4.724237817889 0.146726072739944 -1.78110572135874 0.0842228001262153 -2.74644100942834 0.697388768379256
199702 -3.54099036102768 0.528703340504439 -5.14959684061767 0.0336391243085221 -4.70933029856866 0.152795332291406 -1.77844726227994 0.0851775549774466 -2.7483716183534 0.701229258581701
199703 -3.57811585996139 0.511180409718327 -5.18953805849001 0.0318303800772291 -4.72553867504564 0.150415703448259 -1.7875226858721 0.0880321771135407 -2.74883972651931 0.702869437385317
199704 -3.52222147551757 0.558999413055863 -5.13630380806762 0.037554268058185 -4.7041337564687 0.157652130730153 -1.78103475531652 0.0886366440944543 -2.72314688949451 0.683740620423745
199705 -3.61699977198982 0.494299248264316 -5.24931977221603 0.0283986205552859 -4.81479768815767 0.12673486828447 -1.83569930407126 0.103163968570594 -2.73122339379521 0.696190956604939
199706 -3.48711996680806 0.616027244548368 -5.08343393447168 0.0503535562040105 -4.64951530097586 0.195605538300142 -1.70777462447895 0.0723147943646666 -2.65261371966372 0.6174078525899
199707 -3.49860480422592 0.610663125853848 -5.12293202756644 0.0474052048034809 -4.70381518397029 0.18196462971378 -1.73251570223756 0.0767938127387408 -2.65824800834991 0.623013227727201
199708 -3.49399026169543 0.616444874207839 -5.10904130287424 0.0503611624917881 -4.68358573460426 0.193035679740865 -1.71382756839311 0.0735652608725234 -2.63789976789206 0.597592739425694
199709 -3.43175665020308 0.663598136308678 -5.03816732683036 0.0598194184053356 -4.58265565102647 0.233461298564621 -1.68356729767729 0.0706300799866661 -2.66154068963682 0.62259858938573
199710 -3.41925492467696 0.673518291964144 -5.01584415176795 0.0639597686986227 -4.54725760214441 0.251776356693523 -1.63534444635458 0.0623138988169625 -2.59468218312684 0.553991546048618
199711 -3.41916318592228 0.67410915109801 -5.03017989423393 0.0626570822378554 -4.53446386244671 0.25835475617539 -1.61660212169634 0.060604161047178 -2.54457660406042 0.516053059581087
199712 -3.43548824572673 0.665862214678102 -5.03942604094219 0.0624449591740637 -4.53901428081354 0.258136143890199 -1.6258763802095 0.0630374008396879 -2.5946116820355 0.542269013929719
199801 -3.48587025241203 0.624239900990754 -5.135412876481 0.0502226120190978 -4.61527371452453 0.225491594197607 -1.6488096640827 0.0692640755030756 -2.60465185443681 0.558914801458238
199802 -3.48571537212383 0.634108917550612 -5.15179562700845 0.051314362918565 -4.62595537700818 0.230398488433134 -1.64330852919436 0.0664010184458571 -2.58954547029335 0.533420581675538
199803 -3.46096341518416 0.659038819298547 -5.12899945103351 0.05509972867799 -4.63113953360854 0.229339420442797 -1.65045933470269 0.0690078681764209 -2.66356375719889 0.58049814441107
199804 -3.6016396212438 0.565359310722211 -5.42925306615649 0.0290943587984738 -4.88710371182339 0.150805413066587 -1.79580773682735 0.0956750066123467 -2.79743499029823 0.680674436966426
199805 -3.62984192218625 0.551263993084606 -5.46152815017431 0.027824424884394 -4.91190050077277 0.146609381077563 -1.80581466264589 0.0989160747288705 -2.80631599681536 0.684029070459764
199806 -3.70330645471699 0.500099462380139 -5.55695062025499 0.0215392043356508 -5.0423040230539 0.112732571970872 -1.93883888355335 0.132764528334941 -3.03197984567494 0.855655214907447
199807 -3.78250322064801 0.434530157500393 -5.59387431675009 0.0175912104054293 -5.01971242323982 0.108669141192738 -1.85250415577871 0.119733786591454 -2.60403223501813 0.521854409096187
199808 -3.61851618635916 0.550729397701505 -5.39652996261983 0.0299635169628115 -4.85074537664389 0.153101764591761 -1.73513129147125 0.0946269756422222 -2.45363414138577 0.425746186009515
199809 -3.48605057556735 0.640100272590316 -5.16650475168647 0.0514572141387272 -4.61410748034894 0.234041092005642 -1.51534093698595 0.057036653357747 -2.27219891015547 0.325130059542446
199810 -3.46754843264176 0.65724045020087 -5.16052660150828 0.0537133395619504 -4.60821524490376 0.239278605129479 -1.51677464164242 0.0583888561462457 -2.23181100748906 0.303489497315295
199811 -3.34989679601054 0.731445038210276 -5.11156714617151 0.0558400667656117 -4.60121572651675 0.228771493135365 -1.51251913084378 0.0625908013153747 -2.23921271338974 0.323334633071447
199812 -3.30991867955313 0.75891060716184 -5.04392961455471 0.064484487334862 -4.52274373329162 0.259398820389933 -1.46289479001551 0.0569944523667713 -2.23971134091601 0.326553418460371
199901 -3.32981894605113 0.749966763373204 -5.09363664690012 0.0609745774270074 -4.57993636759451 0.247247718248416 -1.48795123573056 0.0590996668250384 -2.25453516048535 0.324423859363416
199902 -3.30152259988425 0.776023213325285 -5.06918786643289 0.0659729200063052 -4.55626980811485 0.260589153739677 -1.46086481691599 0.0557918880905758 -2.22672162771402 0.30794923761267
199903 -3.29976253617588 0.778802073418135 -5.0691667123222 0.0672325620099172 -4.55656292750128 0.262830600992102 -1.46332039764714 0.0572100233965782 -2.2238406677729 0.310880394656779
199904 -3.32226374595579 0.771090759783374 -5.13561131151681 0.0617270739616325 -4.64379975804625 0.239522850500547 -1.50722420699074 0.0628813796734749 -2.29064233264331 0.3465082576816
199905 -3.32816364366366 0.768259667310462 -5.13770812588779 0.062599234479146 -4.64511437470931 0.240896849617579 -1.51370480380004 0.0651523891452236 -2.23394979136708 0.31740562051345
199906 -3.21876704295858 0.864903458138752 -4.95605008623556 0.097742152786553 -4.43449074808668 0.354969535600987 -1.36125511718388 0.0440316921681081 -2.20620216549039 0.305141543410625
199907 -2.83238730324529 0.662116330589957 -4.61925664772749 0.2729633583575 -4.02142539794952 0.826796212763841 -0.876959759229523 0.0061884123060431 -2.27040608836939 0.234584649783966
199908 -2.88893635901428 0.721424205627471 -5.1370153491495 0.0446898527410882 -4.47374825610365 0.419693215020033 -1.05779713480305 0.0112981888217538 -2.34457062401721 0.259454027194949
199909 -2.88097330566601 0.778215769484728 -5.26291918561954 0.0225122439035322 -4.66791167303953 0.190786043548592 -1.48247631173473 0.047063981568812 -2.69293050271755 0.439789396883942
199910 -2.75568008809917 0.677387640718925 -5.37039746300862 0.0179840805682285 -4.6962416331503 0.187474672293691 -1.41547337542896 0.0410109777847382 -2.53035624020863 0.345084512684774
199911 -2.69063047207843 0.645818429775043 -5.2188162499152 0.0260926175529351 -4.32535857696765 0.322232436615124 -1.22228682181578 0.0263441682440461 -2.36928520114998 0.265334391463596
199912 -2.65588334922351 0.618728356535353 -5.21772690768634 0.0268422770923699 -4.31998324760918 0.324940309593762 -1.26108311701991 0.0299373648857697 -2.28610513963585 0.23345029847484
200001 -2.94763727580327 0.85253913704739 -6.02688285922532 0.00245634761736327 -5.40794667554905 0.0231655067747278 -1.56125782608791 0.0715800024252006 -2.59058661289149 0.39495192588191
200002 -2.83790989757502 0.77581956961981 -6.02731970129893 0.00256711228253146 -5.44455623298516 0.0217305419936774 -1.59655218811317 0.0822241278127354 -2.69071736011499 0.46389230467219
200003 -3.25795686042063 0.864266229023533 -6.36329389664614 0.000856661631658123 -6.34800188008773 0.00105489060476572 -2.13257594782166 0.255939802213486 -2.78299858698354 0.567055613137125
200004 -3.27027901364267 0.852432685305876 -6.3627554476047 0.000909674111483305 -6.14953462250782 0.00149920463285887 -2.05478116552988 0.2664499593467 -2.32982073079995 0.345950673240675
200005 -3.43688113406742 0.724633656054266 -6.35292723045877 0.00103275668608357 -6.23909475510844 0.0011809655052347 -2.26884032940704 0.38948519205789 -2.50254533950898 0.4557782617571
200006 -3.43623077560262 0.726439485693204 -6.45327209635655 0.000701349739848278 -6.27150275781556 0.00115061185008667 -2.08934732242665 0.315102150701564 -2.4122306671075 0.397415721971801
200007 -3.38975609917975 0.762831473534745 -6.43182066930441 0.000818793274139313 -6.2096091992337 0.00148896425368764 -2.00943545211345 0.281161503391898 -2.37654021058336 0.380797951883335
200008 -3.4505557293768 0.706713792552137 -6.31773265247935 0.000580417352622565 -6.01552086977606 0.00123981648006853 -2.10713069610164 0.341058801321882 -2.73454766484114 0.656399187288176
200009 -3.47953241762777 0.683918682494264 -6.33715532069508 0.000502669430339583 -5.93581670694543 0.00145557009354762 -1.97236489281769 0.283440248028611 -2.35268516447451 0.429562950970595
200010 -2.76335155141811 0.840015991754758 -5.73166840879376 0.00245264106302015 -5.23728930123191 0.00640977638806003 -1.50056058109509 0.158154276913856 -2.04899441285988 0.356653332232197
200011 -2.22882735850203 0.471592888327299 -4.38245159018105 0.0405064702255801 -3.4536658309382 0.115879775814898 -0.61722484397615 0.0259979016494215 -1.13976584768931 0.111054113987321
200012 -2.49199958909696 0.806901814230226 -4.02322377062478 0.0637065410725678 -3.34599060492178 0.142718363877563 -0.280044052658845 0.0121366930558361 -1.07483410478697 0.0944562775837385
200101 -4.42962855920115 0.13693742250782 -3.27745231712393 0.246332904173418 -3.11628995233157 0.219099680233656 -1.59649640860149 0.294588515211408 -0.923490308817687 0.072861959825764
200102 -1.51068955022076 0.527107109849822 -1.8971536947916 0.862892791974196 -2.60199991631451 0.385537892428143 -1.58827032006912 0.4275502690138 0.398767418917712 0.00356048972492102
200103 -3.29485142565091 0.256662866551464 -2.69242032754733 0.32630452731489 -2.95450281080465 0.22476073556802 -2.38937376382546 0.870140385123474 -0.198213240493006 0.0332242287157301
200104 -4.39642789168315 0.017776633217397 -3.30390681333934 0.0969591608136972 -3.26251667188868 0.112447837432115 -2.97534815802065 0.335555379348197 -0.592962238677175 0.111651702386427
200105 -3.2132896507477 0.179924325997107 -2.88772497760381 0.195160829064368 -3.10370574252368 0.148930010175959 -2.59035181849316 0.510690628580464 -0.442281552569934 0.0927247440934994
200106 -3.19325203040906 0.188564763623094 -2.84421077693771 0.211862123865197 -3.01893438431184 0.173506810801019 -2.56253006699343 0.531721510608775 -0.424341132843353 0.090136378882382
200107 -3.04272646723076 0.236511981897396 -2.69774454935408 0.26186609296836 -2.75785669893751 0.256826747583081 -2.27444094250311 0.717026875209206 -0.127511700508776 0.0496146619391252
200108 -2.92852515929087 0.279999930380919 -2.55292808738952 0.31799884684708 -2.49246639619494 0.361025090410192 -2.09528390999292 0.844022427924737 0.136517705497874 0.0271642800410155
200109 -3.20720600387012 0.189215014346886 -2.69769650878018 0.26254370287081 -2.63032398962655 0.305493862347055 -2.24208050862593 0.734638783087269 0.0160818521428907 0.0379291625841533
200110 -4.35175595599779 0.0154415187079287 -3.61891100971059 0.0465177269415567 -3.76431341919155 0.0391422878494668 -3.50409028452288 0.111213992629666 -1.43152644018907 0.501566493675134
200111 -4.35140899077282 0.012614715645602 -3.23554968130555 0.0898504981447581 -3.27340627280417 0.0953719071174394 -2.66820439120377 0.327696704012749 -1.32383274214292 0.547295532624936
200112 -3.96850892225338 0.0319300541063087 -3.01696256903174 0.132563280446826 -3.13241702572782 0.121058905953315 -2.57313990667549 0.364393904656395 -1.19988223512801 0.49068895396203
200201 -3.81799042077513 0.0441198707855924 -2.87363949204755 0.169290789191036 -2.90509645565653 0.179552688111798 -2.30245249972578 0.509054463406817 -0.741611885865479 0.248254717599485
200202 -3.80132301171017 0.0470908941322095 -2.73830489230982 0.206816387792378 -2.51313571345622 0.309344050616488 -2.29126386950447 0.526355881825229 -1.17201159035816 0.430622794599449
200203 -3.6196629372653 0.0654998527553273 -2.62332620830972 0.247192186341827 -2.38193079633513 0.371768658705726 -1.96218879390779 0.731400708013628 -0.665289551140313 0.222259986686515
200204 -3.57593370838452 0.0751052460358651 -2.62298699657195 0.250384707119755 -2.3905262219587 0.370715537928389 -1.95630648152496 0.737341427396481 -0.667487583755344 0.225549895467243
200205 -3.60579353610233 0.0712332926039567 -2.78505242986491 0.198836850547514 -2.4013620276149 0.362270188214944 -1.92149993974657 0.756972873218741 -0.65687683674851 0.222018503117393
200206 -3.71106637111238 0.0591912883963225 -2.89326342147205 0.174284274524742 -2.52849733474809 0.312875980053608 -2.04664046333793 0.669783951259491 -0.81565742285199 0.303085470388894
200207 -3.90915494078179 0.0382963352975344 -3.09858113168791 0.125201330167062 -2.72717826778028 0.237965592098512 -2.40250153450403 0.454787404852455 -1.41699677275202 0.620822911788473
200208 -4.12093687766768 0.0285904865977367 -3.16762025453912 0.128040966944762 -2.82521431189591 0.23194740589242 -2.73968504725428 0.340654438074111 -1.94568179906289 0.945994794449829
200209 -3.79347946379016 0.0503260030308067 -2.93868230867342 0.180929861606713 -2.63020375434413 0.30406981591507 -2.48563158024218 0.443330691380896 -1.84462200394711 0.901139431910624
200210 -4.07568296555245 0.0276787002052704 -3.30282526874819 0.102071143100639 -2.97865351751241 0.186755054705304 -2.99504110447635 0.227932858083814 -2.46895401600504 0.658724735810902
200211 -4.24355347186074 0.0203043411652559 -3.43715651426375 0.0837001830912021 -3.08712513056602 0.162180181807521 -3.11175415128468 0.19427843610676 -2.42887864989731 0.670985167817625
200212 -4.21822905124813 0.0215132684091703 -3.50897056682433 0.074463741161878 -3.16988071718058 0.143367336358493 -3.18868173108393 0.173000811972971 -2.51385631914782 0.620841393647546
200301 -4.08847765947518 0.0286041202489806 -3.41361454073978 0.0890526671938235 -3.10408197169476 0.16031509761751 -3.11955977111433 0.192091097861664 -2.47787049280361 0.646977685850144
200302 -3.85948632302415 0.0447927392692309 -3.24418625361824 0.119991416264559 -2.96900319586961 0.198861873461493 -2.90937920377652 0.255096786683877 -2.26681482048179 0.75780945518666
200303 -3.85577439833453 0.0463677839502652 -3.24153746415412 0.12265109685865 -2.98076431216503 0.198372359353615 -2.93859876947355 0.248376111648108 -2.42335908207294 0.688228730186396
200304 -3.90638665601177 0.0430428414599877 -3.37128619698486 0.102765708066811 -3.11009140549245 0.167801507544533 -3.02341622952658 0.22127341152292 -2.51769170016511 0.614214500845954
200305 -3.93201867948083 0.0424164711029225 -3.44086173376086 0.0946995799247541 -3.27684919886593 0.136662612369135 -3.27215529264144 0.165245828880263 -3.09040237366236 0.351006150179243
200306 -4.32371992705307 0.0237550728883025 -3.83826150274142 0.0575835698104292 -3.52075851668483 0.103427493643349 -3.5760830367277 0.115194482558723 -3.49241238431757 0.226020165535235
200307 -4.31099647275426 0.0252368229588878 -3.83284491907414 0.059537718668432 -3.52533590935251 0.104537824971192 -3.57023023756793 0.118310178119863 -3.4925326668483 0.228791431621462
200308 -4.61041477149964 0.0149385582275279 -4.05407114768053 0.04257653552305 -3.79489400307702 0.072245709043155 -4.0803501471566 0.0571102835402358 -4.22211955788527 0.0941399472809919
200309 -4.6377904419332 0.0146951769174675 -4.11231743067533 0.0393915626912893 -3.89958782280462 0.0617492800346554 -4.14777159779895 0.0529785041849521 -4.21152431691014 0.105413194570126
200310 -4.26824200295342 0.0311590437528249 -3.91250930606599 0.0582731450188995 -3.76239617990655 0.0804651765825753 -3.92188035703205 0.0803943706351166 -4.17690935385024 0.115775873202945
200311 -4.33438115462006 0.0290997611070281 -4.00000734559796 0.0529515341777339 -3.85802682979193 0.0719532901006909 -4.02851549674714 0.0710378129730025 -4.27418209109891 0.108677738535893
200312 -4.34060287589684 0.0297987081787067 -4.02642549059253 0.0523789920819385 -3.89443635140143 0.0701184496751872 -4.06288865235547 0.0691445703977426 -4.44156488347858 0.0863062667190806
200401 -4.26022454030686 0.0354579330574295 -3.97873662732222 0.0583120461003749 -3.86291053955627 0.0760031521107074 -4.00046713017124 0.0781165140678433 -4.42024502692737 0.0918780645410452
200402 -4.25328250419177 0.0369445022208109 -3.96719884736676 0.0608130813610206 -3.85052202043064 0.0790007287562422 -4.0047084157 0.079007995294865 -4.388319875374 0.0965208183453132
200403 -4.3015683996851 0.0363284076918623 -4.02898811952825 0.0586429047999263 -3.93963069270715 0.0734257119014965 -4.0292373554548 0.0807398828225428 -4.43075518605558 0.0991435565061799
200404 -4.26765567031404 0.0424752609919216 -3.97569365496027 0.068525880485177 -3.87048240334869 0.086249728701787 -3.98292278941093 0.0925955893806826 -4.39773355788275 0.108767008527283
200405 -4.38059741146219 0.0360698100188183 -3.98860681026671 0.0686390896323433 -3.87894652106062 0.0871520854246852 -3.98643251826689 0.0934070695893582 -4.40447685246113 0.109715271245719
200406 -4.53725583864604 0.0290254063746977 -4.06539118915772 0.0636461347251562 -3.90272656060835 0.0867679518530264 -4.03653760669247 0.0887642065376889 -4.41362645273926 0.110609664471487
200407 -4.52347619680638 0.0310122005508331 -4.00356160787709 0.0719574312963224 -3.77933367448891 0.105909810674597 -3.9903508236476 0.0978291013160629 -4.38000044150335 0.117427182480411
200408 -4.54451698450666 0.0304628225003802 -3.94426598882223 0.0805807293662132 -3.74227275001975 0.114226360826499 -3.92594446382935 0.109163093758848 -4.35963010763458 0.123684281893601
200409 -4.96605819352107 0.0145116531799653 -4.284479963703 0.0488614649984707 -4.07679154006872 0.0725030885758086 -4.35030878167495 0.0589099216920133 -4.67442142786352 0.0799901639685607
200410 -5.00882358125205 0.0140782737211789 -4.29037243610682 0.0500743893331261 -4.06237777176666 0.0762445647896629 -4.3690922430643 0.0589746807275611 -4.67405720357579 0.0819418210145024
200411 -4.99341303325054 0.0151190077169262 -4.28788263329232 0.051870548469411 -4.06510689619712 0.0780331532415489 -4.35847217787704 0.0617321627543615 -4.68910295031579 0.084112841900418
200412 -4.80552207567106 0.0217013298398678 -4.17057659558928 0.0630021274314804 -3.97932144492712 0.0889212178141596 -4.26561089275121 0.0703702258070812 -4.58702178334605 0.0947775723088593
200501 -4.78943104016951 0.0231496477968353 -4.16980868796826 0.0648841020902177 -3.97888606276178 0.0912142510249309 -4.28113503272864 0.0705792902851197 -4.58213006260122 0.0976843709872834
200502 -4.79383193992906 0.0239745124143513 -4.16980838937131 0.0667503019919503 -3.97888829257429 0.0934673200784173 -4.28832164128516 0.0718439722896073 -4.62708446044298 0.0947248027327349
200503 -4.62597329734846 0.032800427697138 -4.0653349713607 0.0801613453186901 -3.88940182199762 0.108488870457818 -4.17295820468391 0.0868835841615552 -4.56159822471789 0.105617222211204
200504 -4.59286985487293 0.0356302993680831 -4.07989724954143 0.0800967313116435 -3.90635453959143 0.107643197782263 -4.19867271894612 0.0848270922081392 -4.557812778785 0.1056965823448
200505 -4.53952700352498 0.0398454974466156 -4.03661076440089 0.0876821386258656 -3.88834860985101 0.112887225624514 -4.15467037649424 0.0916301531883379 -4.54217855615455 0.110118771936259
200506 -4.61166730836378 0.0387085508537469 -4.14054216635782 0.0802346195139621 -3.98995968001576 0.103400964951812 -4.20970183058305 0.0894666180602832 -4.60866984070676 0.105653717687794
200507 -4.63971971718902 0.0384891887590671 -4.15590374607759 0.0808164728852583 -4.00388624876553 0.104128280185179 -4.222973339597 0.0902035786651744 -4.61506166776855 0.106952266743027
200508 -4.61280944407236 0.041679183535157 -4.13668422048199 0.0859023064500971 -3.9900054808754 0.108965177739381 -4.19305663617118 0.0963653358117392 -4.60828315415189 0.10998362323212
200509 -4.61671061074309 0.0428530364981332 -4.14586895022477 0.0871000725561318 -3.99714919296459 0.110619139171912 -4.20412466551252 0.0974579103153274 -4.61115952143591 0.112173357356333
200510 -4.73022210768814 0.0384971453500867 -4.25026916196156 0.0798815776421072 -4.06709091802671 0.105251555044219 -4.29945663344486 0.089819708201999 -4.67324654432308 0.107160332456507
200511 -4.74701942801687 0.0391821437351372 -4.24314339222973 0.0830728024161198 -4.04663661020863 0.110892610094263 -4.29880463807812 0.0928384765225984 -4.63808466754647 0.115299223030488
200512 -4.89863485474147 0.0325672746597669 -4.37261961665438 0.0721250865634786 -4.15647837506365 0.0990351767435677 -4.44325494162012 0.0785643303187068 -4.82423075797334 0.0924841722154926
200601 -4.86922715457256 0.0349383413485257 -4.39770600141045 0.0717539296849562 -4.17037363796613 0.0997717508068365 -4.48623032204489 0.0759658532638816 -4.84294745731866 0.0927186747727092
200602 -4.9330904607827 0.0334500051468969 -4.43966533000746 0.0701725298710642 -4.2143599307241 0.0972082256020223 -4.51142420358961 0.0758009255512581 -4.91820006154171 0.0868239991881547
200603 -5.13369167841171 0.02643569766143 -4.61334844400929 0.0587316929070946 -4.33068233148117 0.0875846150423809 -4.64639117396246 0.0661709185053912 -4.99500226854022 0.0811641452089347
200604 -5.13461785314449 0.0277989482174114 -4.66683327917381 0.0575546410134922 -4.39221243948138 0.0842343253053116 -4.68679038014346 0.0656556852004313 -5.02845690689389 0.0804870449978089
200605 -5.04925982192765 0.032583248480977 -4.61147854785575 0.0638785924503831 -4.35562339064097 0.0904667103145357 -4.62256385783131 0.0725540190763509 -5.05595956734304 0.0792549809744409
200606 -5.10189075876319 0.0319982664206332 -4.64918628270155 0.0637633896663023 -4.37680745010856 0.0915417507237636 -4.65089877914207 0.0730120697454047 -5.07545957264548 0.0803496657665211
200607 -5.1258437599627 0.0323147239864017 -4.67506758907867 0.0638653237802369 -4.39926700525768 0.0917024144241123 -4.67321739226036 0.0732343621239844 -5.11074539487626 0.0793383236385554
200608 -5.12254627975786 0.0338346732256334 -4.67212835786084 0.0661899870761287 -4.39515171916829 0.094703158059162 -4.67378823308771 0.0754557399595838 -5.1104141823445 0.0817609607816037
200609 -5.18965439066852 0.0323542450091818 -4.72833878290169 0.0641190583529927 -4.45775534281088 0.091030720577734 -4.7745447148327 0.0689558104749358 -5.18031193335626 0.077323216811635
200610 -5.20171938813105 0.0333574605990488 -4.76611060430745 0.063640722035236 -4.5220386216825 0.0875352835114474 -4.80878998248986 0.0687168249630303 -5.2257203539521 0.0761084214776235
200611 -5.19199748393537 0.0352005507786019 -4.75556266337112 0.0666438459313025 -4.51919589549967 0.0903499679217885 -4.80810219054693 0.0710151159152921 -5.2044533997871 0.0803551762629433
200612 -5.48155914484356 0.0250694239287407 -5.01078406657254 0.0509490699142659 -4.72300263383028 0.0736220502631217 -4.95980653635848 0.0605086617348205 -5.26557597353021 0.0755620349283351
200701 -5.47868342781519 0.026392176278024 -5.02159576957066 0.0521919994227479 -4.74346189542463 0.074136755527876 -4.96430190709927 0.0623413572673139 -5.28225881000308 0.0761905306832205
200702 -5.40574894008459 0.0304666905653455 -4.95126326898694 0.0590433000400894 -4.66934846856721 0.0831731337328296 -4.91259619823901 0.0680976767662571 -5.24768126432256 0.0804496227939644
200703 -5.40308022286253 0.0319984382043698 -4.95076241866106 0.0612137722572606 -4.66782460354402 0.0859261514553188 -4.91254573468463 0.0704218759901636 -5.24780692472104 0.0830051931334237
200704 -5.38863965293024 0.0348815673986505 -4.9643712043056 0.063556301023623 -4.69485318949243 0.0873828294666219 -4.8856207790468 0.0760256315551141 -5.24158677676803 0.0872861680049198
200705 -5.41053135950711 0.035459798425408 -4.96504204481549 0.0658013105014903 -4.68905012321281 0.0907193824797551 -4.90438758637208 0.0769647314225442 -5.24223265711306 0.0899688348098168
200706 -5.49548563658977 0.0335845949425917 -5.0029864677176 0.06590522469553 -4.70898932442683 0.0925120787388576 -4.99001458249424 0.0728290161476749 -5.24244802990812 0.0927326130855087
200707 -5.40849218833859 0.0381747850403489 -4.91440183675809 0.0743165984340703 -4.63746099980451 0.101439703144407 -4.91139014339255 0.0802184550699703 -5.11713676877241 0.106454410406522
200708 -5.40163418328992 0.0401609098271317 -4.9151820195608 0.0767180979048131 -4.63676320185329 0.104427726112128 -4.91797415332111 0.0822261250457833 -5.1579141219767 0.104999375765446
200709 -5.35424069106845 0.0446724683458572 -4.87403830065027 0.0835076701466281 -4.59156951351325 0.113126397252316 -4.84741116291127 0.0915535730670739 -5.09539494901678 0.115343052294796
200710 -5.36384741133378 0.0460555143815648 -4.89006202718247 0.0848148168787843 -4.62537071223765 0.11280284401815 -4.87064474433685 0.0925384154533486 -5.10508316538918 0.117470102247447
200711 -5.36216959834732 0.0481282824408404 -4.89504081944405 0.0871960567700391 -4.62903364585356 0.115628891301759 -4.8766324904558 0.0948943162844103 -5.09957576670284 0.121437990916206
200712 -5.36183681176963 0.0501869196248093 -4.89031881883693 0.0905139264005859 -4.61469915866293 0.120758487252555 -4.86118506706532 0.0996535912601306 -5.09000020757246 0.125933016587701
200801 -5.32768351124495 0.0541755981656421 -4.87248850961848 0.0950962775521954 -4.60973533409461 0.124630050413972 -4.83758927146369 0.104929663238309 -5.07859535222521 0.131944468584277
200802 -5.32400394471648 0.0566026625203565 -4.86913747861153 0.0984560807707571 -4.61966497834181 0.126912164092702 -4.83751314367538 0.108109834495775 -5.0788500357571 0.135516747104601
200803 -5.31735234825075 0.0592362200820084 -4.8561728646092 0.102801480112438 -4.59320400333674 0.134005961887495 -4.79619362586177 0.116287785184123 -5.00498994179521 0.150006593144009
200804 -5.29995548662203 0.0627761068298209 -4.83039006046659 0.108904432222925 -4.55912364160205 0.143058178073115 -4.78702904552988 0.121303420789347 -4.9580858289249 0.160979481209958
200805 -5.29933247062375 0.0653785944163063 -4.82166633716514 0.113506467653447 -4.54619928771174 0.148712988722556 -4.77292520516361 0.126986705687971 -4.94167749783192 0.168210498306344
200806 -5.15619665511293 0.0799384727080516 -4.68220907892907 0.135102724653376 -4.39981568928998 0.174633865858931 -4.56461596292119 0.158088068264716 -4.80288900473935 0.194392084845572
200807 -5.12907504403928 0.0847833061921092 -4.69471219734519 0.137089818652613 -4.38350496372339 0.180860112404268 -4.52777657344841 0.166523747058235 -4.82432107747921 0.194463670789844
200808 -5.10127428583078 0.0887380955473798 -4.68748200201554 0.141520179462709 -4.3728206656088 0.186951404650379 -4.42804337206093 0.182000784636949 -4.7285114235655 0.215344853131873
200809 -5.10252670308888 0.0915108036861191 -4.72013387235022 0.140784561464754 -4.41680641825239 0.183595975920425 -4.44041770219059 0.183777787564873 -4.7753153297563 0.209563114566444
200810 -4.74675382429743 0.132832710161835 -4.4130169213781 0.188908232344562 -4.14648597744971 0.234027556261934 -4.15828314854436 0.235737424785588 -4.38804274506783 0.284263860704362
200811 -4.78092429565848 0.132210634150081 -4.41662568731369 0.192856157640475 -4.13075556515796 0.241876791051731 -4.2016157818233 0.232657680572003 -4.37366686605951 0.292327933739995
200812 -4.85261561782213 0.131455997643873 -4.46329450485949 0.194642285629451 -4.15825687283877 0.246162566691989 -4.23160344066817 0.236399507391571 -4.40797665933568 0.301024903286501
200901 -4.96664996640377 0.123796021458627 -4.51946249593471 0.1915717329459 -4.18794283922641 0.246302975262215 -4.3120333486746 0.227512788532337 -4.51965580706775 0.285720953285889
200902 -4.89124343961047 0.135098558280434 -4.51244964274122 0.196502628793963 -4.1453135374288 0.258647953121567 -4.20361832550245 0.250209090526197 -4.43924847933883 0.304515249076676
200903 -4.83587111396646 0.143214474531632 -4.41190270176459 0.214843906982752 -3.90668545185913 0.312811077556005 -3.8865940209492 0.312919481420616 -4.09788134024782 0.379513837414841
200904 -4.7720389946067 0.154721731652864 -4.36247186423311 0.22902013401567 -3.88238820779199 0.324802226487143 -3.81953237546673 0.332842740931268 -4.0946784148846 0.385341192455726
200905 -4.56589043296498 0.190520301071252 -4.18358068352591 0.270295547086248 -3.69986328180716 0.377281296950499 -3.48676732418933 0.424593641451374 -3.66571699394616 0.524087263345532
200906 -4.68931439842959 0.177020142104776 -4.29960781726799 0.252957762852209 -3.68782401169796 0.381580312997719 -3.31988539040102 0.469914648564072 -3.54105007353003 0.560209909707114
200907 -4.60629339354639 0.192108441000631 -4.2117394951102 0.274572405623614 -3.65461202166766 0.394833285958228 -3.26500986811582 0.486883887919823 -3.52609078831059 0.567386490734517
200908 -4.89030502957821 0.164011287258506 -4.29151464093938 0.271573904044904 -3.63821930714585 0.421153454522563 -3.86509970327868 0.373519959792773 -3.78496136112203 0.531834767481596
200909 -5.60721456073838 0.119852267182334 -5.04423502814162 0.210130677791991 -4.3642441385852 0.343211141111339 -5.00858132724877 0.257569973444488 -4.30866305603554 0.533092170567691
200910 -6.50924335833423 0.0659418148860138 -5.70188842033394 0.14567524432505 -4.88059360178632 0.269370547488079 -5.85855405203508 0.158206018196375 -4.65286084818601 0.479817706435122
200911 -6.62174298100315 0.062685512790774 -5.96141478513179 0.124088280602333 -5.09568862604579 0.238143745816995 -5.99855540598684 0.14805979275492 -4.66273754854147 0.479679834883007
200912 -7.4920688962959 0.0333090697479782 -6.82120029367099 0.0707953729542152 -5.79401027760003 0.159611204448961 -6.6148030413846 0.100182441593275 -5.67789590918188 0.296802286439785
201001 -5.6806961280369 0.149991954661466 -5.08614381226324 0.25981888696205 -4.21679478450188 0.430174015936667 -4.45291090012503 0.407310173978583 -2.71893216895189 0.881067187393141
201002 -7.30943941921411 0.0355560100117127 -6.89153147737009 0.0598927943093527 -6.0802463271276 0.114574348433232 -6.26867103070969 0.11112399259376 -5.26644147402895 0.343401212435908
201003 -8.26687973719191 0.0184697985511139 -7.87740870771698 0.0318088645695492 -6.91173285464077 0.0731043673986693 -6.77447209326472 0.0911225812644182 -5.66373411731464 0.304824722086416
201004 -8.29614104354432 0.0196607206720692 -7.90258784003335 0.0333576976504776 -6.91509984937995 0.0765581099858309 -6.68386898260416 0.102585620925199 -5.55366114286069 0.341988154761998
201005 -8.5644583614449 0.0161815037180054 -7.95335648619977 0.0334422565087519 -6.89560114750587 0.080171361285984 -6.58982312783916 0.109277261787274 -5.46541046974982 0.357252703108403
201006 -9.46810925993762 0.00774072557902438 -8.79226238869504 0.0181323689321498 -7.69444163814654 0.0476807996928855 -7.53163580104113 0.0584298456070194 -6.20986071990473 0.25365180035634
201007 -8.723039814109 0.0151342517820217 -8.2721188324427 0.0276445299590263 -7.21989997117995 0.0670201111746857 -6.70356385473434 0.103152765745326 -5.51509326874784 0.35235981856785
201008 -8.59630065404342 0.0186843537686756 -8.07325457979444 0.0354340363480259 -7.00196513909874 0.0838509204342897 -6.52426493538729 0.12462748176887 -5.12339601754606 0.429923642915821
201009 -8.66548137685072 0.020415968267951 -8.21155122210402 0.0360125720477382 -7.06902450077223 0.0870295745401515 -6.39442139410742 0.144659518203238 -5.05442101724405 0.451995213763637
201010 -8.6866590378351 0.0207155804532806 -8.38033935578853 0.0324018728887603 -7.41446479260603 0.0693560020161119 -6.88636210261802 0.104652993680332 -6.0849938870025 0.271130375977739
201011 -9.10639089662872 0.0163594897158562 -8.99564729725135 0.0223644754285746 -7.83603540622047 0.0554901250992039 -7.14224338061873 0.0944281916704893 -6.15437917624289 0.264568093424877
201012 -9.40461022203261 0.0137568536968961 -9.27971546596784 0.0191132270956813 -8.19841573563595 0.045214205034407 -7.64431388171769 0.0700187795723204 -6.68010120631244 0.205135530198192
201101 -9.88670019747522 0.00968469808263257 -9.58293978974984 0.0157476408881824 -8.6952795621531 0.0326885153119949 -8.28221377199598 0.0457194546537229 -6.94636482730173 0.179262797141423
201102 -10.3651386726435 0.00738896943602866 -10.2045711715291 0.0108200117805746 -9.30977922190703 0.022882402866945 -8.86900207187669 0.033299542422643 -7.54140709024564 0.134817044141096
201103 -9.10436340130425 0.0207183058549344 -9.28601336844905 0.0216886820222129 -8.49879048833635 0.0400811939158036 -7.92291123544859 0.0607726294664117 -7.16089846987396 0.147059594124208
201104 -8.47491127179651 0.0369180829987994 -9.0099751501618 0.0305043151873085 -8.26863273048679 0.0532098804419628 -7.19447237268529 0.106441424018028 -6.72309578394883 0.22032913976729
201105 -7.14016523740646 0.0938430573260702 -7.55763626385284 0.084148548541006 -6.86159566118492 0.132300301896052 -5.90747605062305 0.226637707636542 -4.75502357095763 0.522291267230287
201106 -7.85194034173686 0.0600985761002807 -8.559154783023 0.0440671114561476 -7.93367290901015 0.0691770788575956 -7.06250273425821 0.122542137700347 -6.38289125359588 0.256992013967006
201107 -8.95188876247244 0.0327705965237691 -9.34987169146486 0.0290806130853615 -8.6719555798187 0.0474050844477631 -7.88039933781544 0.0797470486088136 -7.30389097973851 0.169467557693288
201108 -11.0354123931779 0.00795977429078711 -12.1783704001451 0.00402071331954133 -11.4578102985578 0.00737113188934135 -10.3134114155373 0.0174007686525065 -10.1868075016498 0.0324848423174464
201109 -11.4142050807502 0.00674375707461578 -12.3582925200071 0.00398847977353516 -11.6933802729255 0.00700086880685527 -10.5272618218517 0.0164855115239768 -10.5302494736128 0.0286705396075467
201110 -11.5850856848458 0.00673111381488882 -12.5592847642507 0.00392489999339869 -11.9271609697054 0.00669170068123525 -10.638409359673 0.0168804027470153 -10.4712270066146 0.0323087716783899
201111 -13.282059889993 0.00199676424391012 -14.1502903095066 0.00124859985009977 -13.3455359334137 0.00248313216845541 -12.1717467360174 0.00590287467310925 -12.4427933555379 0.00918274670762818
201112 -13.3645470840682 0.00221329542022589 -14.1456562912099 0.00148550695778902 -13.3151781648177 0.00295466073627798 -12.1536190823113 0.00683526336443302 -12.3117126160715 0.0112787874391604
