"V1" "V2" "V3" "V4" "V5" "V6" "V7" "V8" "V9" "V10" "V11"
199507 -3.22233544513739 0.393171580852321 -5.88940009481516 5.4651601630171e-06 -5.27837957760278 3.70289051319272e-05 -2.29816508375338 0.698300116097009 -2.82618016872267 0.763638974228509
199508 -3.2935494354883 0.338671819832504 -5.89664921921789 5.50156619496962e-06 -5.28014470472298 3.89468573491686e-05 -2.29992610659087 0.697395939938568 -2.8277014122585 0.763011989173236
199509 -3.31299831052556 0.320634536352921 -5.89449010313543 6.03444713116286e-06 -5.27754778508227 4.2020905451327e-05 -2.28781349923142 0.708420811010011 -2.7726410590825 0.817218496531541
199510 -3.18970724123906 0.395738473444266 -5.66700561021753 1.82242804458367e-05 -5.17334517860142 6.90148133520783e-05 -2.22094095809191 0.766945386944427 -2.74504042680186 0.839362297288344
199511 -3.19248373163117 0.395676508221436 -5.75540500989209 1.2185942019006e-05 -5.26774332958133 4.5515181482992e-05 -2.29882552907861 0.691380912483272 -2.8511501358562 0.736200467760728
199512 -3.19179632173303 0.398153226689749 -5.78449211492238 1.0985030350061e-05 -5.28002571386714 4.46072355313196e-05 -2.27561955465201 0.709519518437764 -2.85735782738976 0.730064460916013
199601 -3.19106096325579 0.400438828397617 -5.78856972043649 1.16828524562839e-05 -5.2865705245053 4.65693769767135e-05 -2.27375531575005 0.712258709493933 -2.84945825148248 0.740443720191045
199602 -3.19873031762461 0.397917643719045 -5.79382798957049 1.2404933948798e-05 -5.29205336847127 4.89257865440852e-05 -2.27479551538821 0.7127342505126 -2.84945164594186 0.741510194518098
199603 -3.21730435759062 0.386670210693979 -5.79036928414502 1.36377152481321e-05 -5.28599001267933 5.38304914708073e-05 -2.27399874657825 0.714419183753545 -2.85117235107197 0.740457218456514
199604 -3.23271962520366 0.384944664765359 -5.80080434831887 1.45084451985673e-05 -5.28844439385199 5.74956930707237e-05 -2.27546574064155 0.715434581982558 -2.8512070125758 0.741492763079043
199605 -3.38411540982075 0.292005466827358 -5.75690222177414 1.90485448626632e-05 -5.25822727651819 6.77027470838651e-05 -2.26383764240108 0.720664807820801 -2.79080828914704 0.784640160754937
199606 -3.14451523787365 0.419070913831912 -5.77459664305893 1.95227846743946e-05 -5.32974120350955 5.38845553589525e-05 -2.30920048570016 0.68202585766946 -2.79882457534402 0.774175949046835
199607 -3.47637614136318 0.242238741533005 -5.64888893388242 4.04779645158929e-05 -5.14066554302268 0.000134773701355045 -2.13779847680871 0.839223251455858 -2.62478306707417 0.935730516381935
199608 -3.28501986522913 0.313735297209756 -5.33773131142452 0.000123446700651818 -5.03571286611544 0.0002172251256579 -2.07601062645395 0.896091639295886 -2.56915317916619 0.972705081389864
199609 -3.30201830432233 0.305870741099709 -5.34996016072802 0.000126039501238054 -5.03243515210636 0.00023616385718575 -2.07009173508466 0.904858758958082 -2.60307101959059 0.952335772953373
199610 -3.32422917257698 0.297213025164829 -5.27074766995645 0.000175827037838789 -4.91849654283298 0.000373743949998367 -2.03507493662112 0.927998311069368 -2.62625632040343 0.926602665118667
199611 -3.30321977574541 0.307572570500097 -5.21248427780177 0.000222411976705089 -4.8854605944785 0.000447857606785833 -2.01162675241506 0.954270343013727 -2.50730741539105 0.95248177207996
199612 -3.28603717038913 0.311366091489565 -5.18126891839263 0.000260135372571602 -4.87878127164711 0.000483598480567341 -1.9836132618785 0.976556752402672 -2.34218176391183 0.823472309254242
199701 -3.28800643637983 0.314321852061384 -5.15856245660387 0.000297442956570864 -4.86977314997123 0.000525032626419632 -1.97977436443533 0.980756165057724 -2.47570959041579 0.935822920007461
199702 -3.27875128565855 0.322403169858468 -5.18716321432287 0.00028689784157696 -4.89522520688748 0.000508336008951331 -1.99229913294263 0.968717132000491 -2.4495481234976 0.920125050965233
199703 -3.36112136210409 0.28481296447919 -5.303280557084 0.000198183431453733 -4.91837143367524 0.000508597775919094 -1.98230575585423 0.987573245558587 -2.67316786057108 0.883344400062793
199704 -3.45817902170105 0.239073319450225 -5.3468462543697 0.000161469740462404 -4.89689954981614 0.000563912423362731 -1.96624718557139 0.998859903512093 -2.46152864995353 0.939022992472544
199705 -3.20190818510404 0.364844319938542 -5.41423891020312 0.000145876904993625 -5.12662225635891 0.000262788302952058 -2.09693432792308 0.891542284083765 -1.70939590373556 0.46627595822302
199706 -3.29800922491357 0.311606372296845 -5.43726635088755 0.000144164302492978 -5.12623657375362 0.000282109837931205 -2.08975482591227 0.899269914921964 -1.66338179587107 0.436316464995091
199707 -3.21250255705965 0.356508468708061 -5.45541036952697 0.000145085639745348 -5.16565467253041 0.000262537470368464 -2.12533209205756 0.876778219226144 -1.6786152435724 0.433328033121051
199708 -3.15267635463743 0.389603272832251 -5.49119984563184 0.000124502013524255 -5.16120916127294 0.000262366919184975 -2.07237136664895 0.909261770136845 -1.33175794123843 0.245061180197587
199709 -3.37400325348061 0.274126220019789 -5.34136545061243 0.000231169665254064 -5.03115831950482 0.00044061988518959 -1.98355308789997 0.983341292753162 -1.69049279012392 0.722369536713268
199710 -3.41421048545381 0.259528026590436 -5.30877731490096 0.000283518893576997 -4.99442318246615 0.000545011465513824 -1.92671361324255 0.959332005409774 -1.76864273150104 0.783446577919301
199711 -3.39876551051279 0.269353375463562 -5.28472745540971 0.00032980719600372 -4.97830836446407 0.000609643233671546 -1.9292705791379 0.962699852452641 -1.78197776893274 0.791499048861626
199712 -3.46870872232607 0.231769202553685 -5.25741314437196 0.000357696341686348 -4.97922705800573 0.000589547216476037 -1.93243183950027 0.974364959219624 -1.67808242274419 0.752064594213263
199801 -3.50481643737381 0.209911153772236 -5.25842086961994 0.000379879541943613 -4.93660295749736 0.000715433332354335 -1.90491726206885 0.951588795649968 -1.65690109954004 0.760226663016973
199802 -3.53692052087577 0.202059668043873 -5.35347786501925 0.000293320922690523 -4.99949925787513 0.000631291179151293 -1.86996943348292 0.913616122313749 -1.62134951030826 0.721826407303905
199803 -3.54345241970064 0.203142732501624 -5.33224659230001 0.000337841276308283 -4.97189805599592 0.000734426813330074 -1.82480814092227 0.875664580425454 -1.62403956795096 0.720426000029692
199804 -3.52178048835412 0.211691666086561 -5.29771531814409 0.000355788841513708 -4.98053768273501 0.00070037914003665 -1.83630452654069 0.91650653360687 -1.61957145868723 0.722981429736043
199805 -3.48782676045807 0.229619984425562 -5.31122058237745 0.000374116598686902 -5.0500987966605 0.000608677145349103 -1.8893156443877 0.955271308213429 -1.62669676565272 0.726324249392831
199806 -3.50666834363285 0.223694135406779 -5.31366699130742 0.000385575567514512 -5.05146738070399 0.00063800804752903 -1.90163770707794 0.969440808545917 -1.56047800144816 0.676317500136932
199807 -3.63295151948715 0.183982350215309 -5.02344489993309 0.00106462059777592 -4.77999352861507 0.00166228087763209 -1.80132397794495 0.877484082116323 -1.63915883204464 0.755442183785141
199808 -4.44880801020489 0.0493617661987647 -5.67031541363867 0.000187853122557526 -5.82784496618225 7.29057571263141e-05 -2.78440446965296 0.463117184841941 -2.51708831204724 0.638456145126474
199809 -4.43923241463786 0.0516704896155793 -5.71690089697479 0.000175968587789693 -5.8806301025722 6.69552136747631e-05 -2.80132692721207 0.460726004972761 -2.48657395338403 0.671442085977364
199810 -4.44766486168129 0.0517072981743127 -5.78177990581374 0.000145777994589851 -5.9494311824094 5.56614589634176e-05 -2.88160097339791 0.421630723095347 -2.54351297862137 0.646813502964008
199811 -4.23896532289192 0.0813842446127102 -5.6451580097018 0.000247501359655615 -5.83370995432688 9.04863486266701e-05 -2.79496889202062 0.470874211354328 -2.35142686189798 0.791356602925369
199812 -4.23621469953568 0.0834057760644626 -5.5832931688055 0.000327235066632886 -5.69760383279787 0.000157535180028364 -2.68727109052174 0.540924303571012 -2.21689711073363 0.902467007075799
199901 -4.22503692611642 0.0877880608079134 -5.57971738603007 0.000349915622453941 -5.69764039858478 0.000169048657107859 -2.6956888586475 0.538813645986756 -2.19461191821382 0.923390646335126
199902 -4.22267547693083 0.0925767705094942 -5.78766839772031 0.00019869630575839 -6.02068470170445 6.00038896201949e-05 -2.83656536361854 0.452773590274956 -2.33003951334101 0.821460702936323
199903 -4.27525531973434 0.0850087873682518 -5.77174672471013 0.000207696320335718 -5.91269556076619 8.79813024287622e-05 -2.78176120992601 0.480629829488131 -2.18181800838939 0.921249305924795
199904 -4.33494188165444 0.079897029983994 -5.89826349028044 0.00014713447264201 -6.11094977857267 4.97205790431203e-05 -2.84951276580987 0.454574799119254 -2.20478583316956 0.904093719759497
199905 -4.34981886215757 0.0757004645995437 -5.90933613686286 0.000143816018074098 -6.01585250960632 6.65645996386249e-05 -2.82683001186248 0.449548725448788 -1.96302970156297 0.923330503028788
199906 -4.59053915637275 0.0429255941856937 -6.215528364705 4.30890083437491e-05 -6.1782967324874 3.14628820467571e-05 -3.06206711261268 0.304154401119409 -2.18480902070597 0.856656976414981
199907 -4.56687453387903 0.0419277535370048 -6.08292318667589 6.81524139320373e-05 -6.01103688769167 5.74225606741682e-05 -2.86853941929874 0.383371234719821 -1.80049232382411 0.872886320664222
199908 -4.39279773030719 0.0586959003296543 -5.84435299501664 0.000152196870852284 -5.78265005237066 0.000125329079024976 -2.66791274013631 0.481297682194926 -1.66619938310786 0.793131815276627
199909 -4.36337595896186 0.0635498175694751 -5.86044737145364 0.000144847908500697 -5.764438343311 0.000121027103564593 -2.72642442536917 0.446627554111074 -1.77589223784989 0.874288345963217
199910 -4.2733455184385 0.0739105505356142 -5.82845826003966 0.000169523862740396 -5.76860428495189 0.00012858071995696 -2.78110353150451 0.420615114268143 -1.86931129922761 0.936959923489222
199911 -3.44480093319131 0.261880327999211 -4.71197630479432 0.00241614548831748 -4.8328230440229 0.00106289556123338 -2.07068647925337 0.728254198593003 -1.46780047431481 0.810590843421057
199912 -3.84271137344772 0.144529245951113 -4.23562945106342 0.00851735604531763 -4.24823550605924 0.00481834424017632 -1.84343006908503 0.91459086802098 -1.4043390061047 0.759602723994169
200001 -4.03099517566905 0.0962568872852613 -4.00468321582321 0.0128997566101921 -3.98083878463944 0.00938813573766001 -1.44602093346107 0.827591877190819 -1.10393307645829 0.557246422858015
200002 -6.17356873904074 0.000459968182869652 -4.65963285374411 0.00250228577885515 -3.9980719522392 0.00986301373579141 -2.25771373782524 0.559027885278846 -1.02368970820637 0.511093963181713
200003 -2.28093983376785 0.312897205746382 -2.938442432045 0.0549083500829362 -3.15269329960444 0.0381923089528305 -2.13671432426867 0.364196390555982 -0.895957998177122 0.423368643784748
200004 -3.98205383452497 0.00828299775649858 -2.90437888170261 0.0618960399912541 -3.04732706030582 0.0491913987674074 -2.95005051072637 0.0630023331844143 -1.55167875440716 0.916382301460547
200005 -4.8370062493488 0.000519248347955821 -3.30325578556934 0.0245342927265126 -3.24483621712603 0.0309647781918887 -3.4127446725073 0.0178506803851717 -1.90028895844279 0.600167481423694
200006 -4.12570847199565 0.00418036839586168 -3.03167260289536 0.0449091632354406 -3.1107453736555 0.0419355383818917 -3.14338973251942 0.0316224564438729 -1.78664801758559 0.656093484671541
200007 -3.80180016950564 0.00784722917520421 -2.77369928344926 0.0705809594622064 -2.81435968055137 0.0712066765519817 -2.77100786885942 0.059669416648794 -1.43038516173619 0.856660296240603
200008 -3.60815346264274 0.0124374236472683 -2.64099564619384 0.0906426265256283 -2.60379772023203 0.105459208551404 -2.44931011388634 0.108159742474938 -1.05880460971939 0.886941817902071
200009 -3.63197659878198 0.0122734070785576 -2.64056984716261 0.0928152690456352 -2.58447762002103 0.111785967742806 -2.49674964548217 0.101984608956402 -1.08549301018304 0.89675394753319
200010 -3.79542694061274 0.00872478167487937 -2.69071504492813 0.0869441482229222 -2.58087794337636 0.115666313990416 -2.57528916182239 0.0897686357483252 -1.16509782526137 0.957021998224469
200011 -4.62720237336791 0.000813289445419123 -3.20932956340891 0.0307963213975763 -3.14573672503966 0.040470517830646 -3.37209413822808 0.0158283535515311 -2.21747558905629 0.362557062504655
200012 -4.65220956508758 0.000728048622259534 -3.02594946820289 0.0451812644225946 -2.93353030025958 0.0627896805275608 -2.97697399778214 0.0358349298419407 -2.18856825162888 0.342408063197526
200101 -4.25995854500552 0.00230326658154192 -2.94599887286862 0.0546687143409112 -2.91983065552197 0.0661394014870714 -2.91076610301972 0.0412943502328865 -2.04891667299598 0.396223155765439
200102 -4.05518057229948 0.0039587756910489 -2.82771752421291 0.0698566884996616 -2.78283188713946 0.0879767669296093 -2.61793255063663 0.0734379533262592 -1.43888571876309 0.769113487527986
200103 -3.94650961352805 0.00533056029092529 -2.58639741190227 0.102392394649496 -2.08971264944935 0.239123840898637 -2.49666257622514 0.0934867034634205 -1.67109162818959 0.633587440349503
200104 -3.89288785142301 0.00634879673153838 -2.58656647400552 0.105003454744486 -2.07807267783493 0.248104020764821 -2.36202893288877 0.120781014732796 -1.31926885562588 0.862088446180899
200105 -3.9072145511432 0.00656334689184488 -2.58000473703444 0.108243617102746 -2.0768646001839 0.251312829866804 -2.35681799113936 0.123992903166411 -1.3157793070262 0.865177939602979
200106 -3.93898493988087 0.00613325608567364 -2.73674896477201 0.0827732335711111 -2.08785370850884 0.246118637856418 -2.3250775143222 0.131492762294478 -1.27265427728904 0.897386372182452
200107 -3.8270830201357 0.00815751445016922 -2.54163559142611 0.116944768987113 -1.95256349766519 0.29765826069305 -2.26540542133336 0.146528722727386 -1.24947392482038 0.914815311907844
200108 -3.97034325755539 0.00581314119197883 -2.66655913134486 0.0959996572215254 -2.06092979962036 0.259581636079585 -2.47751546918775 0.104219851972699 -1.64748826381347 0.657459715859507
200109 -3.72305928568524 0.0111046158968661 -2.29732536708358 0.183823969594663 -1.74133093495719 0.407516118100276 -2.342056369856 0.138634071233291 -1.7057135019781 0.64288551900012
200110 -3.56594127128349 0.0158430697423431 -2.16037496769204 0.225446708592084 -1.64903709458093 0.457383844395558 -2.25616366024621 0.159830316512633 -1.68633167682415 0.655324065153814
200111 -3.8296590767734 0.00842222196281732 -2.46315870856428 0.143832129607772 -1.97511210462478 0.304698498623479 -2.65094154610066 0.0826967801087218 -2.23289103518038 0.350740306666272
200112 -3.82125959506563 0.00904041390883333 -2.46449553921582 0.146911399864682 -1.98375805617699 0.305691736184805 -2.64793775152445 0.0851719878993633 -2.2323975000986 0.353774297902613
200201 -3.81815317250351 0.00949779890609726 -2.48147064825497 0.145623168147431 -2.01289701417482 0.297482391413619 -2.68337518699409 0.081707293879336 -2.29649126471503 0.329462516959284
200202 -3.79770141805067 0.0104277525487265 -2.46609184148814 0.151973557536106 -2.01046108081364 0.30191402872991 -2.67636229745805 0.084589171034475 -2.32970128977967 0.320532872144012
200203 -3.7213850490422 0.012870538496136 -2.39672249662974 0.172256965425188 -1.91385030769675 0.344187425363303 -2.55929382038471 0.104133867234337 -2.17752516151346 0.379436362519179
200204 -3.72359612845026 0.0133468903083664 -2.39693244276349 0.174781808276628 -1.9240700949936 0.342895363880131 -2.57471032279344 0.103665066111548 -2.3256848483669 0.32999755293497
200205 -3.67564758386709 0.0152111346355514 -2.35765872393479 0.188517991768162 -1.99131563711166 0.320025349870394 -2.58908489342988 0.10347307697825 -2.3820913532399 0.308092609432163
200206 -3.67917840343508 0.0157456896509783 -2.38761802505094 0.184274881305027 -2.11322417103648 0.280969074143461 -2.69801644420318 0.0903014438594531 -2.6523732711988 0.228426076844002
200207 -3.50547245501058 0.0242670109263734 -2.37995444946866 0.201070117514539 -2.19008856091887 0.266864309737408 -2.60218193620101 0.110208499613142 -2.59677734642021 0.257174757660596
200208 -3.46866581995642 0.0267862528692336 -2.35865337296166 0.207019037098713 -2.19163930554973 0.262876490571289 -2.58048494128653 0.114834093197876 -2.57496727995918 0.26098252976559
200209 -3.63117572686513 0.0205847213108618 -2.42342168302692 0.194882253628358 -2.24547009193263 0.253368189146575 -2.84407847563137 0.0794910428377353 -2.98186395876088 0.167039560872221
200210 -3.69549012739934 0.0178513623508042 -2.51448237952545 0.170990448065243 -2.36970391865299 0.214759433481412 -3.01409660480716 0.0603206263575662 -3.5296919153555 0.0747546640474407
200211 -3.35252781325188 0.0348824001687077 -2.46367253836071 0.188609391768942 -2.46469721078511 0.193974269173765 -2.88333475263673 0.0772775053960564 -3.48455320907801 0.0833010679522243
200212 -3.33846648773444 0.0372028789795044 -2.40799375943836 0.207733427719572 -2.42559390482719 0.208639642191255 -2.87910928232558 0.0803575447663923 -3.47946822405556 0.0890890088542701
200301 -3.33493568505867 0.038649079389188 -2.45259587025515 0.198733842824939 -2.51744979576887 0.18669507066782 -2.90459650015413 0.0790826726408912 -3.60152097820101 0.0754463738524772
200302 -3.25776893937182 0.0453030482702121 -2.42374180222671 0.209421894535953 -2.514732661081 0.190818550067159 -2.84293227777668 0.0887305946056579 -3.53006294261333 0.0861186304307346
200303 -3.259209756586 0.0465559208129691 -2.42153160873781 0.212920008012805 -2.51130321426785 0.194447173089623 -2.84236362193946 0.0908572069739469 -3.52886371134489 0.0882964712724016
200304 -3.44137516666612 0.0353534095971577 -2.62521850160775 0.167102156495843 -2.76817809637941 0.141075797282723 -3.00716546906146 0.0726240758254202 -3.85886596290483 0.0553204759128927
200305 -3.28681482646938 0.0484410138632721 -2.43405875996603 0.219699160415305 -2.57231426749387 0.187399430615824 -2.8421574640827 0.0964977447973982 -3.67674099502766 0.0755377815566068
200306 -3.35394114940593 0.0446309347991053 -2.4251214980503 0.224960024326162 -2.53623329379062 0.197164151623888 -2.8444262426661 0.0982810194167382 -3.6754254839968 0.077612169370027
200307 -3.47923866237556 0.037515622514192 -2.39617916177155 0.237737541450901 -2.47360940360937 0.21609868060835 -2.87456997017514 0.0961556841941807 -3.68393588341798 0.0785204988928665
200308 -3.52844185944636 0.0357001975470798 -2.37231908910731 0.248241423347199 -2.38293172269375 0.244067205296905 -2.90737306823063 0.0940447965400906 -3.68730956770742 0.080139818896395
200309 -3.54245231102559 0.0358987160714563 -2.37819248545297 0.250214703155301 -2.42207496307738 0.236132582960294 -2.90318296856316 0.0969667609081053 -3.70988989776475 0.0796320379620748
200310 -3.82378449305047 0.0226109618794953 -2.53407061079496 0.212067000812289 -2.5237481114974 0.214425119782358 -3.18303582160007 0.0649408783274006 -3.95555285462164 0.0557677943722784
200311 -3.79730143989905 0.0246359761042886 -2.4827304134208 0.227659114372845 -2.43744848191394 0.238354922010511 -3.14470119668238 0.0703782421582365 -3.94117117894464 0.0576140727229973
200312 -3.79207843239451 0.0258444638544744 -2.48140978345832 0.231245253510982 -2.43598695329086 0.242072135014744 -3.13733395124371 0.0731000942990872 -3.89848561422956 0.0640063580847949
200401 -3.66228662968486 0.0331250696690843 -2.4193329403507 0.251170051625128 -2.39352968986812 0.256496310841228 -3.08545819558497 0.079908144737137 -3.81993946293713 0.0714300763505946
200402 -3.65107353865073 0.0349050096288766 -2.42001470437541 0.253910700302433 -2.37340740318017 0.264473139816042 -3.09285294283144 0.0811125181675561 -3.81806733837455 0.0735946530723118
200403 -3.65748917141551 0.0358224478704377 -2.4200014758176 0.257212777874824 -2.37361762477 0.267718967631194 -3.10074880305395 0.0822919493072442 -3.86548229040771 0.0708037860581787
200404 -3.46978827550035 0.0491158693557247 -2.36208404606322 0.278533027267411 -2.36472450797869 0.274860092377432 -3.02859548256931 0.0933385737446632 -3.80728001605746 0.0787606997984601
200405 -3.4394639649439 0.05279458918425 -2.38018515260325 0.27225340965127 -2.38525692542553 0.265463178546441 -3.05427946015522 0.0909668072097491 -3.79731743699623 0.078557681025287
200406 -3.41222864373496 0.0566247967843202 -2.36875506215757 0.279793547649264 -2.38551809664602 0.269032106363486 -3.03082432025572 0.0960204604177107 -3.7859829225289 0.0818311326838757
200407 -3.38598057874975 0.0616589598299384 -2.43695984208416 0.266440077795332 -2.48287599893295 0.247354015999393 -3.06783465805691 0.0944314898693514 -3.84940448209043 0.0779569642366401
200408 -3.42285499030457 0.0601050687912905 -2.44794438642737 0.26690605504724 -2.49347573375573 0.248029670177361 -3.0883341258503 0.0939774080997713 -3.85705913727399 0.0784165263694004
200409 -3.40292215856441 0.0638097473950218 -2.43769394942255 0.274255804416761 -2.48670050721895 0.253704052106087 -3.07087691595915 0.0986481480874212 -3.85195767394355 0.0808973764171718
200410 -3.40666361337387 0.0653064203201778 -2.4422038099017 0.276494990622741 -2.48543905115759 0.25760440391578 -3.07782602055222 0.100222815417206 -3.85423408299204 0.0828628266980999
200411 -3.49985459112627 0.0595804433531685 -2.48939162195743 0.269604145059595 -2.50286032675753 0.258083946319671 -3.13712838382518 0.095666247116007 -3.90844418632146 0.0795615684475732
200412 -3.50607844343869 0.0610709554934921 -2.4473719280343 0.284326090097391 -2.43124037610316 0.279982540264569 -3.10556170195582 0.102246646424255 -3.83277406174898 0.0900893300161561
200501 -3.5564428341005 0.0590137872654338 -2.49896693274869 0.274316348377605 -2.47438894333691 0.272187730994146 -3.15789458217346 0.0982322628849037 -3.91090208843421 0.0839164599076343
200502 -3.54236473323908 0.0618963949836234 -2.50242943786401 0.277127354569862 -2.47078705715842 0.276854954042796 -3.18169207581209 0.0976471717693057 -3.92724657430648 0.0844092639766904
200503 -3.60825861560627 0.0585508652707944 -2.55129238716589 0.267341581055645 -2.52408099887884 0.265790003243295 -3.21526599855213 0.0958790204010085 -4.0239261492852 0.0760793582841022
200504 -3.69443545724173 0.0542761970179453 -2.61201599713543 0.257655994670005 -2.55619148968442 0.26276367769101 -3.28284142393995 0.090794482203894 -4.0632002269791 0.0746765725354202
200505 -3.71937179824067 0.054428185321267 -2.73148235741052 0.232573390837283 -2.67646347522412 0.235783776332904 -3.36046126561087 0.0848036854666219 -4.12138415161096 0.0712783493869899
200506 -3.70445171594436 0.0575149363304285 -2.74550275983241 0.233220626948899 -2.69252699257292 0.235623633179054 -3.34393212472404 0.0889632130092242 -4.12989737653495 0.0726791223305609
200507 -3.76005625872207 0.0555274267945897 -2.73088427936425 0.241753229031381 -2.64851472354624 0.250679812779581 -3.34823375731776 0.0913393228669489 -4.10617717514912 0.077494823167741
200508 -3.75083494138637 0.0582012098644857 -2.72373425647021 0.24748619661819 -2.64620567862703 0.255209474452282 -3.34793240783489 0.0939911135506576 -4.11418388871267 0.0792065667146445
200509 -3.74721346298599 0.060456097517542 -2.72159251854465 0.251705417714893 -2.64472694238869 0.259348770957409 -3.34836814000459 0.0965497531013879 -4.11426754006352 0.0815895462626777
200510 -3.78146739257759 0.0599983272235125 -2.74660407328902 0.250173694627699 -2.67749656111422 0.25584052289655 -3.40011219528076 0.093465970231253 -4.1625849121556 0.0792542358007517
200511 -3.80940461097983 0.0599591739661128 -2.80021882234065 0.241574652986658 -2.76437581359215 0.239147940620699 -3.45228403782487 0.0903840969910252 -4.25791641604645 0.0725619886141111
200512 -3.80597910618163 0.062305045895493 -2.79297362985702 0.24708474120621 -2.76264160522484 0.243309759789874 -3.45227058590574 0.0930148287266014 -4.25169741342311 0.0754786025289917
200601 -3.96612470542701 0.0530400797544737 -2.86049343790336 0.237865671529138 -2.79273994482359 0.241888357309417 -3.52214411614094 0.0882133878616513 -4.28053379117697 0.0750795184720685
200602 -3.95342573106592 0.0558086345499662 -2.87591358007735 0.238100751786731 -2.82286587329721 0.23800594186365 -3.52383342231817 0.090695354783381 -4.29122343495278 0.0764363422123154
200603 -3.94005423365011 0.0589328207814777 -2.86871951030758 0.2441969741626 -2.81173697819668 0.244787574530063 -3.51294715607711 0.0945533266135018 -4.28211730556738 0.0795638269038962
200604 -3.92680497236451 0.061970898925776 -2.86869823647107 0.248173885835754 -2.81361055195559 0.248320472956165 -3.51270607423397 0.0973267294096395 -4.2845373126138 0.0818566207890681
200605 -3.99899733142 0.0593482657457419 -2.94669565040739 0.236394970159797 -2.91129334968721 0.231870700309761 -3.565280979129 0.0948179924810092 -4.36461681550535 0.0774067322689676
200606 -4.01714136899061 0.060197381687309 -2.93794136133776 0.24213975230996 -2.88747076019384 0.240473328530719 -3.57358832110839 0.0968066883413323 -4.3648657198107 0.0799449407284185
200607 -4.08430661014045 0.0577953348669074 -2.92768576456275 0.24949649054154 -2.84814188237865 0.254151520200947 -3.62835169694686 0.0941488756607072 -4.36564870851099 0.0824730400652825
200608 -4.02775193955425 0.0633416949508657 -2.89366490440881 0.260854388840817 -2.82548250608181 0.263097960183863 -3.58682165734134 0.100618942137623 -4.27295247489796 0.0927763722984414
200609 -4.0265505566746 0.0657630147988656 -2.89428323387901 0.264854191424131 -2.82520236545625 0.267263782485243 -3.58946186448799 0.10332376138472 -4.29468593995264 0.0935437446764641
200610 -4.00142421087879 0.0703066815527452 -2.9134127735329 0.265641455128282 -2.85048762338851 0.266374973583912 -3.5607071770859 0.109695802986624 -4.27089037422841 0.0991433056394208
200611 -4.00707800528182 0.0723689778715997 -2.91984759466943 0.268547974570801 -2.86452610279186 0.267892922441913 -3.57453654361206 0.111431018951414 -4.27730544036642 0.101511024302756
200612 -4.00781993350177 0.0748995540809977 -2.9212527462229 0.272597924573361 -2.86645619155146 0.271785745712207 -3.57931965205562 0.114097038579141 -4.27050613723741 0.105290331513162
200701 -4.0067880166182 0.077589795660156 -2.91465767560748 0.278347138437039 -2.84697835692738 0.280534463457084 -3.55866787813464 0.119840967042339 -4.25166423444177 0.110216601270996
200702 -3.98845115766904 0.0818295596636673 -2.90797776821599 0.284307867236321 -2.84544040902521 0.285273858068742 -3.54877059449503 0.124388007695126 -4.22848631050128 0.116632961015158
200703 -3.98054212306551 0.0851486857289795 -2.90522653900798 0.289326104653204 -2.85007456197843 0.288715577906829 -3.54811467116138 0.127789414426774 -4.23181546706142 0.119497315496987
200704 -3.98010260978354 0.0881223018328163 -2.90165961018933 0.29467296290602 -2.84314907922825 0.295155990678256 -3.53890171624656 0.132713306436127 -4.20539548958354 0.126781251669278
200705 -3.96502611255036 0.0924779923282473 -2.89033061253388 0.302139082780726 -2.83238967358899 0.303159934237499 -3.52143057761782 0.138775468270859 -4.16653730427639 0.135411664920737
200706 -3.97154937984878 0.0949871323141729 -2.89403748967907 0.306250723157491 -2.83182156786523 0.308073520365359 -3.5467498787451 0.139424995337 -4.2023621622489 0.134996663892577
200707 -3.86451215116723 0.109460169186849 -2.81332022090721 0.332460526425631 -2.76500975909031 0.329981615362534 -3.40828895043592 0.162152997730895 -4.06956400988372 0.156140639456361
200708 -3.8269824693417 0.116157594399218 -2.83144492096432 0.330787246088722 -2.73254338865092 0.340288660601769 -3.36064606527366 0.171807527270866 -4.10049474742289 0.152622676124009
200709 -3.81961907193458 0.120241703965251 -2.83339902981357 0.334407481931499 -2.77807505120684 0.332364094625179 -3.33462977395267 0.17962747980646 -4.10954680875251 0.156136150357808
200710 -3.81935123487172 0.123962144413192 -2.85737229958938 0.332929291360242 -2.81471262761499 0.327472482424292 -3.33893402844827 0.183258872165313 -4.13542346634985 0.156403526081463
200711 -3.63288019804404 0.151492464571045 -2.61839213870811 0.398685157299205 -2.60235046729529 0.384762820758638 -3.18389168646485 0.212937792536971 -3.87372616081638 0.198476132385937
200712 -3.64038930805766 0.154687649616248 -2.57897403216876 0.410754250969316 -2.47335573345744 0.417523186284075 -3.16353655912192 0.221072248532912 -3.81439444626117 0.211471317699871
200801 -3.66484918113228 0.157259842519431 -2.51779153172693 0.435596958568138 -2.39921980043496 0.445101084088133 -3.15350110435202 0.228956448330162 -3.79145209970611 0.224730626291732
200802 -3.71551249337758 0.155467479123174 -2.51391630045368 0.442323921969834 -2.38938079046651 0.452992279437002 -3.19005984362259 0.227629266453348 -3.88641482869645 0.214618815821751
200803 -3.66124720807288 0.166300364853992 -2.51306498057116 0.447223900725778 -2.39277230680359 0.457010278773126 -3.13648333543728 0.241605605058294 -3.83634558067454 0.226842128651625
200804 -3.65278800904099 0.171804280043438 -2.51258234034644 0.452452055689407 -2.45580565966144 0.44754730995436 -3.09466231504214 0.254696306990915 -3.80068057862506 0.239007889194931
200805 -3.59192979260998 0.184246592099251 -2.48226020225208 0.466582295271039 -2.45064470240204 0.454843933364666 -2.99794572937524 0.277098988210214 -3.77452973933079 0.247137207696717
200806 -3.44387904502579 0.212750872947667 -2.38440156156712 0.502686262523943 -2.38103051460321 0.482796615285762 -2.85436791538816 0.313972964322361 -3.59196215538609 0.296024479000785
200807 -3.57762408081366 0.195096065603131 -2.49237264808841 0.475005835766562 -2.37349306335786 0.486724244180274 -2.66518755574017 0.356196852650313 -3.36846286958428 0.338126199769587
200808 -3.58332713977552 0.199329078509345 -2.53240253974907 0.470313760159069 -2.41083343889983 0.481357521960296 -2.67053375067066 0.360346763166578 -3.37188135655069 0.342532322446198
200809 -3.77021144149778 0.180017074641286 -2.56980639856432 0.470102698125319 -2.34207643946645 0.513888049179839 -3.10034657739697 0.285479654374996 -3.75168163272812 0.283973127152148
200810 -4.19351588465431 0.145761768500658 -2.48783915840252 0.544620012927897 -2.13949663803845 0.623721711871209 -3.46151459955941 0.25823305880536 -3.76903486828928 0.339401475647887
200811 -4.21486476691271 0.153816661330707 -2.10136622623132 0.677365423083909 -1.58262743393374 0.812246061717538 -3.24776869963617 0.310085903199329 -3.09134066625487 0.513097104319963
200812 -4.2989499881843 0.148753231001935 -2.3117321735038 0.617170389035574 -1.73731624864311 0.762772734338847 -3.34404007756544 0.297574427552829 -3.10076118698552 0.511864796577563
200901 -4.43142315108787 0.143621857149797 -2.66096589186353 0.539779855147392 -2.14437967659979 0.65157349450529 -3.50186852908132 0.278949303826352 -3.49244356958913 0.440068750163202
200902 -2.79805953890759 0.406107559840813 -0.886652418601308 0.916967428693549 -0.716651541991076 0.901482389566997 -1.87701993016232 0.652969814133494 -0.559306074902666 0.690651548826206
200903 -3.85640414538657 0.205585624746872 -2.34238819239505 0.573440585636251 -1.99666738071287 0.656788478766022 -3.00012373744059 0.356555652714731 -2.47510838016083 0.655539122828129
200904 -3.87700546060366 0.216255560921237 -2.81078843162841 0.47901156170149 -2.60002344991259 0.518385545909739 -2.95353874192892 0.384111470328323 -2.26916285318914 0.740344258524609
200905 -3.81605122816524 0.231064629549797 -2.73657798888105 0.501656989197779 -2.54610662055541 0.535564175113262 -2.78688910326399 0.424950994089768 -1.82995434261033 0.879224644655603
200906 -3.91430192468527 0.222715741779785 -2.73625599363416 0.507158563325218 -2.54525148739475 0.540610999819487 -2.76416134205459 0.433584646846033 -1.81003784032148 0.885656781701951
200907 -4.61805329665432 0.143875693597859 -3.11445007585709 0.432493373603073 -2.77906746456786 0.497482723755657 -3.44154251331099 0.305434131402153 -2.66194417354793 0.643262788068222
200908 -4.06473925750024 0.203674582492756 -2.68383186255301 0.517987765747952 -2.40687365188561 0.577619502468015 -2.81427934487815 0.417346792435917 -1.96002389045389 0.804833833633058
200909 -3.901943644759 0.231481322290734 -2.29337352887107 0.617975332093653 -1.96741754156966 0.69395995491298 -2.56433211280231 0.478887182521432 -1.61074823414873 0.902017720957488
200910 -4.05180768389672 0.221027058489048 -2.64088978802517 0.542705241804302 -2.30254282001761 0.612366358477434 -2.64912952271554 0.468630863357874 -1.67676342264975 0.884673360467651
200911 -4.07618328822636 0.221913897705386 -2.76685980068867 0.512551146987472 -2.5485461007174 0.550616097277074 -2.9129740045069 0.415649435535663 -2.33346003954218 0.701036120376922
200912 -3.9854047456336 0.241951496102125 -3.09370343192032 0.452399599885341 -2.91595815703947 0.473952817905369 -2.82887159941709 0.441064741562732 -2.31897597496615 0.708779953581832
201001 -4.12742756695363 0.229167251247476 -3.31519227626158 0.411285877134432 -3.19148691976054 0.421485778501626 -3.12495462608691 0.387793497252013 -2.64885276243265 0.63022001501989
201002 -4.40017544115838 0.200367918925888 -3.37796016568528 0.406297940061407 -3.23692576081251 0.420903208771493 -3.43994208292895 0.336743240159247 -2.841176314393 0.585137694847347
201003 -4.48199697886604 0.199077123815612 -3.48657232471496 0.397685067082104 -3.35126913958477 0.41037689943413 -3.44903090348703 0.345470272819448 -2.8423874977862 0.597314862636118
201004 -3.96678794757468 0.269374192519136 -3.06035138596106 0.481126017937558 -3.00798288314554 0.478670729928633 -3.07160831133293 0.413332752852912 -2.71600160460961 0.613419126644454
201005 -3.8453354100038 0.297958086449178 -3.79916389663646 0.353687858588238 -3.87967947719507 0.327832248949892 -3.06688641192394 0.427029149795452 -2.90392532603192 0.60141669168828
201006 -2.50855796330021 0.5363629957481 -2.13667701109967 0.680459127497258 -2.4728395327513 0.590208523391503 -1.95248471183258 0.662951260666447 -1.20752306151739 0.995970125199115
201007 -3.02601252926518 0.430204163856842 -2.85640870749402 0.513464169804183 -3.17693277701381 0.443822287762936 -2.80199797512226 0.475156713515303 -2.63875082788037 0.628114286753821
201008 -3.82212727541578 0.309162825866142 -3.23897743973982 0.451313891792913 -3.45656735383035 0.404941440712112 -3.31860770089707 0.38686883867844 -3.37080908454193 0.480092242431838
201009 -4.92947738965994 0.183844142902194 -4.87497385938365 0.21986154579674 -5.02657635206947 0.199878092000371 -4.56930979819394 0.220870149236692 -5.10850131840734 0.226480977898646
201010 -5.06747307135242 0.177986026943064 -4.90143124316436 0.224495353983792 -5.05733610605508 0.204372117581273 -4.62485174278344 0.222188983340712 -5.19484923638904 0.225837741532577
201011 -5.1417516977226 0.178112510320626 -5.01966857747351 0.218878919774071 -5.21023584629785 0.196133226691967 -4.67411388071732 0.224134138639978 -5.17714015117814 0.235141623309736
201012 -5.92946678663662 0.122595871037041 -5.44178050917572 0.186660902581316 -5.50305592604587 0.178020860898488 -5.23671695862753 0.176024296548344 -6.08032759640025 0.157935655845343
201101 -6.03034796887867 0.121741960416746 -5.41370265431693 0.193300041691896 -5.41196684393381 0.19011617621353 -5.16593356377668 0.188954061085506 -5.90099959763604 0.178467065827585
