"V1" "V2" "V3" "V4" "V5" "V6" "V7" "V8" "V9" "V10" "V11"
199606 -2.54410780212397 0.263808552559934 -2.51273152800786 0.451263760266594 -2.53109808900418 0.0738108232223402 -0.568445968899933 1.34028672825019e-12 -3.42795893634917 0.192114078983722
199607 -2.60000197758321 0.301290022015742 -2.62204870654055 0.383768641674588 -2.53865133027447 0.0779536673631595 -0.840736918816742 9.52476929847835e-12 -3.52469711758188 0.157494584992768
199608 -2.6062058417476 0.296475968406367 -2.73638128607685 0.332110481135285 -2.597776526889 0.0887532845343044 -1.01486720898332 2.09375702422829e-11 -3.59831142405231 0.141861733288797
199609 -2.59839586866657 0.29131354286735 -2.72439615908613 0.344369081514631 -2.58951883062162 0.087237602696562 -0.993820044918858 1.86613723379845e-11 -3.58674432171822 0.148384274674348
199610 -2.81130344277472 0.428643514862272 -2.8834469188068 0.267415495997151 -2.65524667890169 0.102495351377393 -1.23982068953481 1.24138408454527e-10 -3.78160768669324 0.0979437337644593
199611 -2.74215452358315 0.390731195925266 -2.87899872483437 0.272627794443692 -2.66029587784165 0.104454072371724 -1.20223693927601 1.00659054340456e-10 -3.75656798017732 0.105098615562941
199612 -2.83072732755807 0.447103721104702 -2.92033029661536 0.25434931746585 -2.67939842682372 0.111030114419661 -1.34044340212172 2.90542536466612e-10 -3.80608597203513 0.0950886486456827
199701 -2.71451751120406 0.379986107062872 -2.89583285956541 0.26664694647593 -2.6737881983613 0.111308495709415 -1.23079259803742 1.50559241827458e-10 -3.75111043336658 0.107982680060886
199702 -2.64467961214905 0.345225292680161 -2.88673104555952 0.271914069313726 -2.66632676739886 0.111418748989913 -1.12044817968713 8.59352741647778e-11 -3.71972456765042 0.116012769268003
199703 -2.61443422618923 0.325240567057919 -2.89785207600326 0.270396647814788 -2.68431670755305 0.115950519137232 -1.11184492328165 7.64675759051466e-11 -3.72226970761271 0.11797730010805
199704 -2.53850111698337 0.273286938934842 -2.92132702660757 0.265605988103289 -2.72780747747847 0.124571173333903 -1.15118638335658 5.89532701632573e-11 -3.73764385595321 0.118907365002019
199705 -3.0011858938958 0.567948385905095 -3.09910433929756 0.190433158173294 -2.86813688818304 0.167325861537448 -1.83132271937478 4.03332494279892e-09 -4.0115593263659 0.062558360345023
199706 -3.05155914974642 0.591752247253931 -3.10125323561592 0.19206929151533 -2.87052402804613 0.16953399279093 -1.8517854110027 4.36438311332282e-09 -4.03381712129769 0.0612592788561655
199707 -3.13051287366113 0.636879963360969 -3.09797234201026 0.194538212912889 -2.90255395966861 0.181018659626978 -1.94300170788702 7.51194135632166e-09 -4.07039482304299 0.0577539798426606
199708 -3.21087919802845 0.752485178657386 -2.86868709939088 0.268703047135829 -2.91117571495096 0.192219687674574 -2.14437099969844 4.40541142471719e-08 -4.01441673719374 0.0588983638675586
199709 -3.29221745738408 0.888903538279618 -3.17297551938047 0.158129950803275 -2.95910070014456 0.215940457289552 -1.8811888287303 2.67632578485604e-08 -4.2356757319336 0.0331240099226867
199710 -3.15302024441306 0.793642701456859 -3.04604351132398 0.199791253867476 -2.94769345792103 0.215133095743972 -1.97428339150274 5.32166780818447e-08 -4.09862489526698 0.0458164400532754
199711 -3.15044030746432 0.792348082525442 -3.04654535650217 0.202892794421909 -2.95288464053682 0.218947309200754 -1.95875481036432 5.18050519721582e-08 -4.10097692665308 0.0469760932008449
199712 -3.18798514526391 0.962313098424333 -2.73205091163564 0.295480566032658 -3.02250644683504 0.260613115058381 -2.35910110025828 1.18888368958582e-06 -3.77779778864551 0.073051217722652
199801 -3.31605872603173 0.900030702564439 -2.55041645289098 0.366287017183395 -3.19150139434055 0.340372400017079 -2.7232802185112 8.90339601621511e-06 -3.58398616347395 0.099270994003552
199802 -3.36951941900836 0.86307843628805 -2.53301020661121 0.378402298386862 -3.23570454926227 0.352460109719065 -2.75054147452203 1.03770859530921e-05 -3.56090374780866 0.10527622558833
199803 -3.37162928570061 0.862318651967417 -2.54299603354391 0.380457900672053 -3.247944429058 0.357800960935575 -2.75022708111452 1.12703184467422e-05 -3.56988747401294 0.106209430649753
199804 -3.3641279401623 0.871227381614605 -2.52262250892783 0.397476423935303 -3.27467842638833 0.370054034927979 -2.76243443517654 1.30389360633231e-05 -3.56582146738689 0.110099823358501
199805 -3.37617371211405 0.862764938632238 -2.55018206299678 0.386875271536051 -3.25500713829086 0.359122296722803 -2.78124805438114 1.56029095695154e-05 -3.60171243740177 0.105543286139553
199806 -3.34796288563883 0.885442179783602 -2.51916219073676 0.405223187815347 -3.30619862919503 0.380837728336531 -2.76229963793955 1.59880072116772e-05 -3.56887586081127 0.114423321489667
199807 -2.98830620792943 0.934304263530218 -2.36131668938313 0.470037068464734 -3.48457463773502 0.481732945622425 -2.42513697824691 8.06679560656516e-06 -3.25399084938249 0.177330554575549
199808 -2.67172168124281 0.764707967055453 -2.3208135119211 0.481530875784759 -3.62770472807254 0.572011102118835 -2.00286542984236 2.41227460837115e-06 -2.95198754195969 0.267092212535468
199809 -2.68179462947811 0.784719762674487 -2.39507028852133 0.440170755248245 -3.81499120282862 0.671706694889877 -2.07264697271832 3.899246810831e-06 -2.92024581852803 0.276323656046928
199810 -2.65552680215864 0.773519511341325 -2.40506272212595 0.436092324351571 -3.88548203113721 0.706062831100247 -1.98755802570387 2.91030788449363e-06 -2.87091727392192 0.296347299184752
199811 -2.47008247998681 0.674273586030659 -2.37733023210731 0.441167422938303 -4.07565448877214 0.835723196059028 -1.7863650140828 1.84146833450924e-06 -2.76724022819672 0.329148946784638
199812 -2.43566930085324 0.646263403510475 -2.3748862062833 0.445057051274819 -4.0913054857052 0.832290064822602 -1.77666746872562 1.88283007694702e-06 -2.75221867347644 0.339564938290323
199901 -2.17121829171862 0.494932237212864 -2.37458876108623 0.444533968981235 -4.22651493987545 0.914390839238216 -1.40152004409198 3.85799041605859e-07 -2.6231989924046 0.397064866261216
199902 -2.1720986367693 0.475443571081171 -2.37696837356731 0.445679866179821 -4.18865958527106 0.887328043049551 -1.46916475858367 5.33900585367879e-07 -2.63342505408672 0.398251942045232
199903 -2.14916888759136 0.438801453185396 -2.37509462072967 0.449351277406713 -4.22378681528013 0.890991854356193 -1.44688013399779 4.66817727286088e-07 -2.6332238358892 0.407084892810974
199904 -2.04986103189662 0.383544878012142 -2.37129948439763 0.453337817766508 -4.3425547889941 0.954960088206662 -1.31922682237595 2.51447399327216e-07 -2.58825919886407 0.433485211081227
199905 -2.57763369495478 0.710119992926852 -2.45757187869637 0.405408214344631 -4.21141010946591 0.870851818901151 -1.46244339281858 7.38497202183975e-07 -2.88025391300955 0.295261721086105
199906 -3.01677267354161 0.977893969300538 -2.50116739762782 0.383005744441279 -4.13261971060703 0.830247680177501 -1.44979896123294 1.10420713050476e-06 -3.04900298117972 0.232497255395533
199907 -3.56306007792564 0.625743268549091 -2.58741653935475 0.343089109976787 -4.01686366193492 0.774231183004199 -1.23042712387789 7.700862651234e-07 -3.25689681209735 0.172295145114075
199908 -3.95430700385189 0.418210199632102 -2.65560332981836 0.315720106568719 -3.95766993572411 0.74896225338805 -1.13204082178291 7.24138506244557e-07 -3.34815323547215 0.150283430653784
199909 -4.14562192115395 0.34276193822195 -2.66772296881894 0.312194044504342 -3.87934768531277 0.705940076996907 -1.07323158823645 7.28680302750418e-07 -3.35016700473387 0.151161812652716
199910 -4.29281862024771 0.288118993605418 -2.66619414625078 0.314010506196426 -3.8726948693089 0.711792072845834 -0.830028078106548 3.1567899053746e-07 -3.33317250346223 0.156478182282314
199911 -3.80091494780768 0.47999747259985 -2.62625075019407 0.32527440199551 -3.71568911372258 0.641915056061975 -0.88177587131717 6.52090394903698e-07 -3.22495896222628 0.179372563370517
199912 -3.96208406229273 0.41279523148785 -2.63719422616118 0.322823185420956 -4.09853071955604 0.870199416276528 -0.714430361374219 4.72424772852968e-07 -3.26046114203289 0.172717676273813
200001 -3.96764319591829 0.421057418303734 -2.63401150596208 0.326883709916597 -4.30451937449638 0.93191115636334 -0.611411125712435 3.27012357814082e-07 -3.25829115046214 0.175927520651467
200002 -3.90859524944829 0.369623882159956 -2.5901860935523 0.324732044240619 -5.22373482590615 0.445284862571561 -0.357186930197662 5.67644922357761e-07 -3.21270567738583 0.171185812660998
200003 -3.53545965043738 0.363716099109775 -2.43571240887148 0.355812786468997 -7.67280138284496 0.00583710351683499 0.466832747397161 4.84333763084361e-07 -3.00354255620208 0.181013585733032
200004 -2.43019590461551 0.794739625163693 -2.14522618871369 0.453771413136942 -4.48433984413572 0.678699735760206 1.73177043044979 3.32714867227714e-08 -2.4882988608264 0.29792764561431
200005 -1.97904020754447 0.992459199336848 -2.07609352230049 0.473082278997608 -2.79511722771104 0.345921501174611 2.46432453568293 4.42694509396981e-09 -2.30757631184026 0.341817950284422
200006 -1.95755827298947 0.993664147280543 -2.08024698524116 0.473304321030337 -2.70319679083475 0.261281668037772 2.58384389650221 3.09453994480808e-09 -2.30088740153047 0.347436656362263
200007 -2.02770023100698 0.869125848949675 -2.12469392717054 0.441086363947907 -4.10806510146773 0.933718703714323 1.88991864641879 1.28834976015684e-07 -2.29187803558892 0.333645516379155
200008 -1.99713192706517 0.884465776291425 -2.12387176578446 0.444571842854222 -4.0424384873111 0.762092680927393 2.11327894070789 5.74217964008082e-08 -2.26659872370354 0.346390980626696
200009 -1.95738330202537 0.907646942123219 -2.06490070132546 0.476502932976393 -3.80841960865297 0.431989604279429 2.23101494872818 3.40086796896788e-08 -2.19246895911809 0.381026112480115
200010 -1.93870851706854 0.92630303799449 -2.17242709411394 0.433577663815759 -4.45242530237682 0.512072876950222 2.24296977482594 2.89515754980942e-08 -2.24157938728884 0.368038998897845
200011 -1.25141110534963 0.720721282159553 -1.9806348152519 0.528091620025396 -3.43076691680828 0.0816040204196649 3.15423496346882 6.01315432575631e-10 -1.8617970130743 0.535858204431028
200012 -1.18298953965341 0.68485718306387 -2.16111920482076 0.438934185481073 -3.20038758524164 0.0414074208970201 2.8772529073211 2.28113562564594e-09 -1.89774991824538 0.521744553989362
200101 -1.02931711170595 0.609261584684734 -2.28762487550858 0.388472813855318 -2.49249236034672 0.00842508664535991 2.6334398773017 5.79676970648099e-09 -1.88148025327446 0.534973147654216
200102 -1.19841045590909 0.721982062374021 -2.37716097191754 0.356935185875506 -3.59954990241624 0.0542157329694329 2.44105616221851 1.33351394439802e-08 -2.01756039262495 0.471411096647487
200103 -1.24609672652556 0.755070342246775 -2.61179057653926 0.254576894618713 -2.97739307284512 0.0132576461550647 1.71331033796657 4.84445083494693e-07 -2.19593695755758 0.389055900105322
200104 -1.24578576112879 0.756404796340888 -2.63209504518476 0.245199031431284 -2.73269930013407 0.00720504749459461 1.55800454490181 1.0058536701448e-06 -2.24584526717928 0.370590692417265
200105 -1.23389752788878 0.751587540480178 -2.56349351205825 0.269211140170813 -2.78010837492451 0.00502739970307567 1.71558269193296 4.95305476581538e-07 -2.17044273764599 0.404816130181313
200106 -1.27918765620945 0.786811413076603 -2.75844830963028 0.210495336608615 -3.57307876866921 0.0188692198255325 1.0315941318211 6.09648518289326e-06 -2.37275323151591 0.325049608145791
200107 -1.35612308989654 0.835658510719781 -2.89579640074202 0.176177978680689 -4.52371291078917 0.0564745136015334 0.30329683929744 5.19294631954621e-05 -2.56400378180441 0.264513795029169
200108 -1.14806508137428 0.711443246900942 -2.90195719902129 0.17983606707866 -3.88352346250587 0.00693772566324704 0.609107447714208 1.04654423718007e-05 -2.5082906839152 0.289058891895745
200109 -1.30703485764878 0.802638933538677 -3.19060923798293 0.120918116881662 -5.45604066731911 0.0793989386966309 -0.654039248417537 0.000438119564448002 -2.77107617923325 0.211064611438682
200110 -0.980422969464878 0.633857132419352 -2.85887838365355 0.183740973712938 -2.37661632950326 7.79733446911034e-05 1.17088929184518 8.80911736495791e-07 -2.32953198275543 0.339263217356852
200111 -1.08849119389254 0.69293688685823 -2.64342755608677 0.23959132697699 -1.59288457686051 3.52585841334352e-06 1.66570516129264 6.88882122209657e-08 -2.14960984413939 0.408060869803928
200112 -1.01021770774441 0.645654832744005 -2.63122762239469 0.247876274079372 -1.57143688093087 1.50794534250353e-06 2.19231547479966 3.51771393039799e-09 -2.1279807150262 0.42280073357894
200201 -1.12144259051659 0.690309902631275 -2.83200128466976 0.198453336171143 -3.06097307457971 5.74249010807406e-05 1.39414725412247 3.59225095876346e-08 -2.3259454573483 0.351962682758651
200202 -1.65851672832176 0.971734711079495 -3.08561644222709 0.147207478947313 -4.73280697397434 0.00167552353644871 -0.0179903217353061 3.48024065008916e-06 -2.56817741063431 0.275117132690078
200203 -2.09028963611946 0.823377836207536 -3.52803463098874 0.0815945957435265 -6.70389614859666 0.05784507476612 -1.8499038648303 0.000490573941717225 -2.91568870286301 0.184822683361875
200204 -2.47887782504257 0.664971435694202 -3.85716169227688 0.0529733016763526 -8.4117714719097 0.299758885062409 -2.82743430572996 0.00271725473039624 -3.15553156925117 0.141536756618743
200205 -3.65446143533383 0.210746338833427 -4.55730251076625 0.0156714926803466 -10.3247571810415 0.532413816453827 -4.77111649484305 0.186106750731524 -3.56236762829327 0.0756312723824416
200206 -4.15202611315808 0.120461410860476 -4.80368934042732 0.0104798123501066 -10.9034793058774 0.320323103658804 -5.48216888289002 0.406927967851634 -3.72549614791102 0.0603133725662282
200207 -4.50476128909036 0.0765875657818304 -4.9462939719773 0.00852861854542136 -10.9848526456615 0.286432635981677 -5.57177500413137 0.479513593006624 -3.80143931996515 0.0550726300995341
200208 -4.39712834122552 0.0895558449001911 -4.82348004581148 0.0105633979196446 -11.1092922137679 0.18263077496973 -5.33428838116272 0.456470696380179 -3.73558050942058 0.0596404009747463
200209 -4.36751343421382 0.095277534766633 -4.82499539472365 0.0110917049627251 -11.1488163218668 0.185220955018955 -5.32074921092534 0.453013532538629 -3.73725989210862 0.0613354468233921
200210 -4.33840331008295 0.100660004242769 -4.84130772783633 0.0113450602471389 -11.4255555353837 0.163783090373755 -5.30192468095048 0.449528571592084 -3.75066367854879 0.062051268016059
200211 -4.43494433078579 0.0790703019835112 -4.95359868581977 0.00914246118058741 -12.146924483777 0.0402223922476453 -4.69481824536171 0.385887194725041 -3.82815732980168 0.0536858525222689
200212 -4.4528824563677 0.0795537596253538 -4.96588430755565 0.00945208883775652 -12.176085804178 0.0402780885717782 -4.65873320042309 0.37713006910687 -3.83706042503251 0.0547285653565182
200301 -4.1680403213056 0.113002570932392 -4.74754366165586 0.0138697660785056 -11.0053334789546 0.142482287672888 -4.0678709040433 0.264364121696235 -3.66199357611039 0.0696418332465921
200302 -4.00465146605384 0.141997200354694 -4.76801119509493 0.014238451379862 -11.1816510664846 0.140641241544562 -3.97776628087529 0.239617924256745 -3.6618369911027 0.0720948293579831
200303 -3.78716358706832 0.190742367545985 -4.70813920144921 0.0166599704799473 -10.9238665998354 0.211296479644638 -3.69470449939242 0.175543617862855 -3.59647372242362 0.0812457065230373
200304 -3.91107839229756 0.175814162376756 -4.83844378962111 0.0143269414067887 -11.3597601881602 0.154075684575329 -3.74131040356729 0.188035338704364 -3.68767007150603 0.0745014662342037
200305 -3.90633928274096 0.182983820632097 -4.75106042057927 0.0173114898314002 -11.1403590302874 0.196128276887265 -3.64537694126574 0.173785589019472 -3.6549984892585 0.0798123834485831
200306 -3.55013441294905 0.251252493505922 -4.58660411545702 0.0227067182004475 -10.7742404062395 0.251604373237667 -3.48618546339921 0.16850974790635 -3.58281674219219 0.0879805556288573
200307 -3.31717538899727 0.306489873374722 -4.4650973909353 0.0282940601700601 -10.6164588789652 0.289787090570696 -3.53396590397665 0.191194025929962 -3.54067849038071 0.0945569052341101
200308 -3.2309332768492 0.32204095182737 -4.3301015277357 0.0354170256060414 -10.594876401486 0.281776288117074 -3.80002704424458 0.267442078096573 -3.52364882201897 0.0979811084150486
200309 -3.2527997107946 0.287904398071309 -4.08676490726549 0.0486044240818113 -10.8111674593492 0.182083792179686 -3.92525504265497 0.379238828493913 -3.45918796101463 0.104173468605978
200310 -3.22059381181972 0.291808048585422 -4.07154299535524 0.0517252042043327 -10.8289904813006 0.183033016867311 -4.03299525878007 0.420310310746195 -3.45371838160509 0.107551682747378
200311 -3.29691211034242 0.267236935907318 -3.88092411613412 0.0663455605785907 -10.9857149703031 0.133473611376625 -4.37961512130172 0.584903376659861 -3.44976149519312 0.108108276159863
200312 -3.30561204886224 0.268822587703672 -3.84047844239179 0.0723509618776719 -11.0277660805155 0.128469019852284 -4.52022291447449 0.637431157132924 -3.44477146798172 0.1114581165013
200401 -3.30554727217358 0.272734948186799 -3.78285117147499 0.079781826236808 -11.0731303936196 0.122466774700535 -4.6977521631234 0.708885325862041 -3.43459364620204 0.115228788205362
200402 -3.28401296908933 0.267828674831549 -3.65175241918827 0.0940817607750047 -11.4083835673596 0.0835624357223278 -5.43231767306649 0.946973525685772 -3.4485845435658 0.11440963355574
200403 -3.31170147607271 0.26503029786397 -3.60981609140985 0.10179329871135 -11.5780194317451 0.071868512962266 -5.70560334987731 0.850877700520604 -3.46152712041274 0.115585930090699
200404 -3.44749633157448 0.225874471798968 -3.47115630576293 0.120607699951004 -11.8403336582802 0.0508908585894946 -6.24861860173269 0.596045860587781 -3.5019029655774 0.112283342516396
200405 -3.07654209526331 0.30324259585442 -3.61327077914659 0.099417007802554 -10.7865459978767 0.109551157369373 -5.23068257808412 0.947719533709128 -3.38701696718546 0.124485478156649
200406 -3.03748121105676 0.316748824573193 -3.62997942644034 0.100567772557159 -10.8055317246931 0.111822951767181 -5.18898391937732 0.978860703295225 -3.38402927336265 0.128085116230354
200407 -3.11453078549311 0.29241490198357 -3.5347169880068 0.112954505690133 -11.0997354026137 0.0763220543385974 -5.6280726499244 0.755717636341289 -3.4028266532744 0.12713599225395
200408 -3.13432796394562 0.291550614994279 -3.5334615628581 0.116553022994014 -11.0980176345636 0.0789405116165011 -5.62339265896357 0.759953969645613 -3.40215864432387 0.13049083416185
200409 -3.13479016680041 0.295667375515133 -3.51419701049172 0.122483621707057 -11.0686476105907 0.0834749175718854 -5.65052051791104 0.751510934292568 -3.40584640237696 0.133294967383827
200410 -3.13422216569459 0.298953463888163 -3.48203465013694 0.130212577867567 -11.0429080955661 0.0864360885642093 -5.71261535275229 0.724981499733795 -3.41177031320365 0.135729886554313
200411 -3.13753686712686 0.302509567514526 -3.49549614425431 0.131903985417049 -11.0297473948753 0.090913056073094 -5.70333516192796 0.733273501245599 -3.40967096892488 0.139481992602728
200412 -3.21109888874342 0.278198715811786 -3.42572525638891 0.142101895112592 -11.065910315411 0.0714121406373734 -5.77504259813684 0.642273894375772 -3.41755845799219 0.139008315405265
200501 -3.27128725661066 0.269058148808251 -3.40735275281894 0.148009053126111 -11.2190599262954 0.0630424718587108 -5.89545541752727 0.600162195773901 -3.43709909307521 0.139684568855314
200502 -3.35865252372716 0.250733219836943 -3.37850626942422 0.155974103684749 -11.2157558869199 0.0640441110500014 -5.88521498830177 0.593022728743469 -3.44541641705738 0.141757136910707
200503 -3.42159068470644 0.240132641109052 -3.37275285315728 0.159651277716112 -11.1829823457864 0.0639532329025832 -5.90625464882752 0.571562064563127 -3.45067708804565 0.143784700335779
200504 -3.42184880194398 0.244502848515997 -3.36785764763456 0.164258580983084 -11.1782618096813 0.0668256388904881 -5.91818705223093 0.571378482278005 -3.44923171633382 0.147693921608819
200505 -3.42158735191618 0.245017955466185 -3.47434878391115 0.151467929128023 -11.2897849752749 0.0556379351656373 -5.57773862106334 0.67583744264363 -3.48013070724604 0.145810040241963
200506 -3.39361531550164 0.254751930752135 -3.46955655067978 0.156086210178713 -11.3186283955431 0.0562863323097139 -5.58277526592277 0.687820957262284 -3.47997128988886 0.149642878253639
200507 -3.45848911478197 0.242427244109145 -3.42122131027316 0.166027500059148 -11.334393313326 0.0517435926283845 -5.97440567331629 0.538967833827718 -3.48519331598092 0.151591096875527
200508 -3.53743414078178 0.232146500185368 -3.4180757295154 0.170406322305694 -11.4931878108073 0.0460579142676307 -6.16770755751397 0.486923871696078 -3.49789321333129 0.153655098015292
200509 -3.56573447928548 0.23115507935846 -3.41931849339014 0.174314195261387 -11.5353625362308 0.0458914092492706 -6.28204182157361 0.459858621129249 -3.50138486857186 0.157100114131923
200510 -3.56619174054433 0.235612495558661 -3.43350628975725 0.176353736019075 -11.5410060514945 0.0471650703187666 -6.32211821718607 0.453469487180857 -3.50139097156168 0.161104011215688
200511 -3.59821558354072 0.232327667421891 -3.47106617567805 0.17414861399311 -11.5949944691907 0.0431126225822731 -6.28593443352112 0.457487050714315 -3.5013629765235 0.164241663973558
200512 -3.59898415136857 0.236833326056985 -3.4783613931771 0.177514781319179 -11.5956201922476 0.0452084652548227 -6.27778305504658 0.463968427880417 -3.50010952564535 0.16863860718495
200601 -3.56422433165076 0.246543301106767 -3.47703439993476 0.182181711184363 -11.5639796172026 0.0486828017559612 -6.32441051062851 0.452712147459042 -3.49786591995298 0.173202569663133
200602 -3.40882711270649 0.27058217453812 -3.46026339654617 0.186992259155296 -11.2311717884951 0.0562867685855712 -6.27638179334991 0.420801164002527 -3.47177815285806 0.178534201618485
200603 -3.4097034660151 0.275369380159546 -3.45455903318064 0.19237375646781 -11.2197448357786 0.0589931694883249 -6.3118055765675 0.41831016341376 -3.47455760717676 0.182586919231698
200604 -3.3840232831535 0.282186800649356 -3.43166529434074 0.200148289338234 -11.1885283243369 0.0601354979769707 -6.43366323294268 0.38209190321434 -3.49138625543948 0.184080736953676
200605 -3.36046982392981 0.291700601893565 -3.41644379563772 0.207156839504087 -11.132733872214 0.0651546441270301 -6.38606364017116 0.396552185756166 -3.49969522507754 0.187291179065997
200606 -3.48966845105809 0.266795887784227 -3.50632940339588 0.197623787677413 -11.459490683559 0.0483751361285166 -6.55261697185219 0.34982960757953 -3.50884443482764 0.189493993817292
200607 -3.57217509478884 0.253992795649599 -3.55383546548753 0.195343388120946 -11.6847804574008 0.0416114301352281 -6.59986347870258 0.33862857905103 -3.50715814120763 0.193991036088983
200608 -3.59149583324876 0.253140573318192 -3.55695679103076 0.199919121352801 -11.8312813771023 0.0393656945170687 -6.50458974115615 0.361793452729316 -3.50302094566648 0.199437633717254
200609 -3.59490334041883 0.257625722062248 -3.58351953026106 0.201062022766573 -11.9292586234121 0.0384322185056775 -6.47653826830872 0.373746767718285 -3.4953785849964 0.205459310658663
200610 -3.57857197907052 0.264439506921297 -3.6363608867588 0.198830951021253 -12.0532604912859 0.036538901535464 -6.4197404555979 0.38914905106594 -3.48369236347006 0.212137370289292
200611 -3.57711078535505 0.270125128922692 -3.65411432113965 0.201732033106022 -12.0670316409777 0.0387904673949342 -6.42388101764466 0.394030396832529 -3.48347258063257 0.217388065138929
200612 -3.60830918136632 0.269749516027586 -3.63466068918097 0.20958436609963 -12.0319601432092 0.0413024424199022 -6.46710637135346 0.386557756316287 -3.53384916422463 0.21503220937958
200701 -3.63016457946947 0.271873669964584 -3.61892422760961 0.217279858930352 -12.0197921136227 0.0439369770114763 -6.53332096890529 0.379525467397487 -3.59203698490729 0.212114594705743
200702 -3.74214498337249 0.259078399132652 -3.61885074974011 0.222655714301642 -12.1094962109928 0.0440033607461302 -6.73824749910992 0.351802691840302 -3.64054015512152 0.211029359781828
200703 -3.98084974055537 0.226498229338778 -3.61220655653594 0.229000476354085 -12.3596613041713 0.0379298846437954 -7.06933650652111 0.297113830483149 -3.77907602788095 0.197733777031275
200704 -4.11581008319692 0.213480368472706 -3.61879898219957 0.233364868890682 -12.6012907780142 0.0333457075898346 -7.35965734018087 0.260216968322655 -3.90824889861181 0.186918171897976
200705 -4.07431830134193 0.226306602857148 -3.61892053436994 0.238998690861477 -12.5910662735439 0.0365789067785901 -7.36528092158835 0.28031859287206 -3.93027831920656 0.190426331198186
200706 -4.02772041826289 0.240381864820011 -3.61818946743584 0.244850406201646 -12.5678389499158 0.0403714451629533 -7.30679499506039 0.311656776214014 -3.95324628684939 0.19430507037638
200707 -4.1411702852425 0.233283141500959 -3.59934414488101 0.253151626212987 -12.3529067618471 0.0531103590773365 -7.21188638026273 0.35106753437561 -3.90688569668536 0.208384452140919
200708 -3.98557204495533 0.263685691854231 -3.47108138111103 0.277296652394652 -11.5258724403618 0.0970851866936707 -6.79230875352272 0.429716375184661 -3.60276417963208 0.257807912700854
200709 -3.3254799510684 0.372514946411201 -3.35665239444551 0.30073318520719 -10.6097602576529 0.171380944281847 -6.0037007126519 0.577091981394714 -3.22289555245363 0.326543676382543
200710 -2.69188260496036 0.508807756460819 -3.01124191539921 0.368641037475685 -8.9647976781881 0.431758014960752 -4.7617358087553 0.893688607239036 -2.74775763090722 0.426202853532525
200711 -2.19785373728345 0.650539272857229 -2.58285114467627 0.469302745775478 -7.66764463270533 0.909496914661778 -3.6959714860459 0.746624302580969 -2.27360561501619 0.548129843315098
200712 0.0988278702143019 0.696594348965782 -1.50516807239283 0.744089179163544 -2.13150013194439 0.0456475995230774 0.679620957553606 0.0505574666122017 -0.871021214947154 0.938055171656873
200801 0.71397353057987 0.519661627119212 -1.21075657390477 0.844535013389157 -0.741026548964574 0.00432631943754165 1.62945971462476 0.0175916222807935 -0.470276698368322 0.926178246779571
200802 0.640290703322777 0.514143803993442 -1.46005023554445 0.79464472348939 -1.50378813596455 0.00377322461091851 1.40539941306138 0.019449422474654 -0.877343951394982 0.992515678577938
200803 -0.377301971869093 0.742049182652786 -1.73560882667463 0.75988503983428 -2.23186547699432 0.00202882537229435 0.902491053715737 0.0226681510038515 -1.2920569368768 0.937520472693748
200804 -0.0345352635549245 0.614348248356268 -2.17438240649823 0.691139144301278 -2.7567146867334 0.00100006470414206 1.02905190677961 0.0161351976863869 -1.68292284998046 0.900706433131746
200805 1.3675742863171 0.301421218992082 -2.31332597367604 0.713822275708806 -1.98832785418728 8.6666722173065e-05 2.25657750426301 0.00322313312910064 -1.40824249251352 0.945706292087011
200806 0.83676364398253 0.376191625529519 -2.72124928916511 0.686759545138149 -2.82202751733336 3.50722467209182e-05 1.9933525469703 0.003593838105318 -1.62657486906377 0.921776683962174
200807 1.14280485822239 0.310395651085803 -0.472760342077638 0.638974561782126 1.18375447780736 1.85131260321208e-08 3.33358869560543 0.000727513527363708 0.138795316902873 0.446439053441784
200808 1.74267175456034 0.221101704462706 0.254822113866393 0.416242462161077 2.52102583973272 7.8390531888003e-10 4.04840436599845 0.000260446945872757 0.969412500590583 0.263000952259907
200809 1.7460341586676 0.217874717475091 -0.575198340192018 0.510807461125929 1.63176272950964 2.94424480524256e-09 3.61111375725687 0.000456813872954606 0.471766551058517 0.315449383099036
200810 2.38698229672514 0.154692665407979 0.704973926222208 0.270550692106788 2.75247457827714 1.2334521333506e-09 4.71249888478061 0.000142505561663807 1.64054264199709 0.158649583522334
200811 2.14531854608783 0.200209071101767 1.18434065299019 0.235457326692486 1.38566252228474 1.81489425252759e-07 5.68328048610845 9.65710476530138e-05 2.60644870545088 0.0965565604491908
200812 2.00095312307704 0.217547658766611 1.01525375612654 0.267808755354858 -0.389990248684158 1.56676274676171e-06 5.11086119315511 0.000265220828526111 2.47339794679008 0.111728412834105
200901 3.52268273225576 0.0890547675850687 1.37837033196618 0.227270581550826 4.28798555244483 8.21517979782274e-11 6.30586832943629 8.05154098373435e-05 2.77450124766161 0.0973900873927885
200902 3.35623026726113 0.0984215737433649 0.449441685709251 0.408231374476563 -0.888936473505408 2.13726000930687e-06 5.35324404987206 0.000528152159012422 0.983819631128668 0.303582494925585
