"V1" "V2" "V3" "V4" "V5" "V6" "V7" "V8" "V9" "V10" "V11"
199606 -2.84147125151537 0.540840394685526 -1.99182475688156 0.826055869950429 -2.81996722203222 0.650936459159619 -1.47089769271385 0.000341908426990732 -2.06031245492184 0.00249986976752363
199607 -2.87804271525844 0.510785536285194 -2.04462959043046 0.87788077690478 -2.93687840091748 0.751021266445437 -1.65370663905045 0.000746626586170223 -1.92142072076358 0.00173386453574593
199608 -2.95094451555686 0.470699069908316 -2.110093430905 0.924337663519808 -3.0666665559689 0.83303026129504 -1.73449890646402 0.000862384145445515 -1.92164772801426 0.00184706942484543
199609 -2.94361131312473 0.480698864127495 -2.09679383745804 0.908903160828368 -3.0545272822261 0.811705707758101 -1.72209757324646 0.000781572378521649 -1.92345338231028 0.00195629508759279
199610 -3.07471006541176 0.40069380988127 -2.22957572946882 0.975150210390543 -3.25235979867562 0.978101186451004 -2.00830836532675 0.00243018557523049 -1.91460159266079 0.0021930873705665
199611 -3.0745700674383 0.404745810163322 -2.21976010176874 0.985948221151389 -3.24203310159723 0.963795311809819 -1.95432324331561 0.00203971984804064 -1.91290233191268 0.00228551086980929
199612 -3.11638437295179 0.381359821195014 -2.25281101883632 0.954916831620071 -3.31504018483655 0.973227003438119 -2.04794628352127 0.00298160527102038 -1.89723949278731 0.00235818238452887
199701 -3.09343463205105 0.397952826868553 -2.22618497331135 0.976961117768589 -3.26794239011206 0.982880854792432 -1.96621977935427 0.0023219593154917 -1.89415715795631 0.0024660047364973
199702 -3.0754946319935 0.410153292523681 -2.21379367527912 0.985795257206951 -3.22851118128331 0.950559341856068 -1.91581354029866 0.00205527612996496 -1.89445696808153 0.00261420596554187
199703 -3.0936807740451 0.405105618807396 -2.221527163771 0.982098589207489 -3.25012740865918 0.958878810347255 -1.9003390063107 0.00193792128432021 -1.89921390981684 0.00277038801953982
199704 -3.13583997569313 0.391139765287665 -2.23653979479663 0.975221500787091 -3.29658553608292 0.973501739987819 -1.87613611238793 0.00156544838136024 -1.92866352405507 0.00309957057542045
199705 -3.38152542600918 0.2662346260104 -2.41455571043805 0.813266819987912 -3.64093969832313 0.739960930535201 -2.22954272630029 0.0060244248981593 -2.17015073167079 0.00822609065095153
199706 -3.39033927665739 0.266492158728838 -2.41673642372522 0.813331760585734 -3.6619163229517 0.733037560740524 -2.25768966572812 0.00670844112964762 -2.1678112842674 0.00839939736233682
199707 -3.42533090532824 0.254574350097828 -2.42781846725182 0.804267941325331 -3.71951518875377 0.695455899894993 -2.30179885721074 0.00780816518777219 -2.20550438875498 0.00979840791361476
199708 -3.37852037206139 0.263489293845169 -2.30597142832956 0.872806736345014 -3.69553649888994 0.678273692287195 -2.27024225201506 0.00918560886878421 -2.17555790245343 0.0109303980854131
199709 -3.51214832742708 0.207031104491173 -2.55358451365784 0.671343015942592 -3.84639887717524 0.549248688652028 -2.40035595447716 0.0167794492918568 -2.34731690684999 0.0207643363913696
199710 -3.44215203644247 0.234075923068722 -2.44236673283991 0.756664713983163 -3.75032906433934 0.61290115523805 -2.31218069885861 0.0142145840913686 -2.26816024711978 0.0174116170949836
199711 -3.43976276139493 0.237882538289839 -2.44302150307736 0.759382707482856 -3.74969305879809 0.61511958543864 -2.30941258747597 0.014554300015135 -2.26416194197021 0.0176966850649863
199712 -3.27345462850881 0.279973931447704 -2.26613184377515 0.837447993423791 -3.63016063255515 0.624356493958726 -2.32077623033402 0.0238602319795379 -2.17754548550964 0.0187553413779381
199801 -3.17289328732258 0.312274353604775 -2.18771786053991 0.872519690677891 -3.6419682375175 0.586603128402488 -2.47498071316514 0.0401670239459443 -2.23562966247501 0.0250707499715611
199802 -3.16570494374531 0.317995472639703 -2.18359692379417 0.875904060538677 -3.65805467566289 0.579014037543139 -2.52790895314201 0.0453435019521718 -2.2705475477852 0.0277091933793444
199803 -3.16811167478599 0.321742076452057 -2.18626775651369 0.877172509306539 -3.65795896078167 0.58154119564939 -2.52751586997766 0.0463989416293966 -2.27345137417203 0.0285722865697762
199804 -3.14704978010738 0.336643335254668 -2.17232628675739 0.89016263468058 -3.64615682212643 0.591131383931126 -2.52280491186327 0.04699693735486 -2.28139189497361 0.029646511635529
199805 -3.18324423218117 0.324235198143448 -2.18865892004589 0.878987873895478 -3.65389855717178 0.587393185473341 -2.52348179616733 0.0483335730659104 -2.25105677444353 0.0279167723989009
199806 -3.1631762989808 0.335537169702954 -2.16724272581978 0.895266996033639 -3.64060298835269 0.596388366791928 -2.51815463617329 0.0491140048319994 -2.28187489237712 0.0304582935858918
199807 -3.00658744421622 0.395070072800506 -2.07287512249525 0.936179448300657 -3.56552995061654 0.605754577943396 -2.42732082203794 0.0508625937681027 -2.40510594510541 0.046428421901207
199808 -2.91722474441147 0.42926520713646 -2.00982614159337 0.964327780095827 -3.48877183592662 0.626974142599287 -2.29376387294566 0.0451662656073811 -2.52920375978678 0.0664702893416328
199809 -2.95217851848664 0.408912431897218 -2.07040248913515 0.915934788387573 -3.59520848101968 0.558234133192293 -2.43307782547351 0.0621556966630407 -2.7542667160082 0.101355583648864
199810 -2.94104428907693 0.416050475423332 -2.07626340614102 0.910356579794506 -3.63902975453705 0.534075602581191 -2.44518166837142 0.0659617426735593 -2.86989184396875 0.123831131290365
199811 -2.87404375384002 0.44002095324504 -2.0779646311093 0.893363318266229 -3.73315361190925 0.464043780962015 -2.41535240418409 0.0686085617551336 -3.12930689485242 0.197076298822989
199812 -2.87309469964792 0.443224213576404 -2.07596782185757 0.895540770349042 -3.73755752547562 0.464732137038351 -2.40737232393455 0.0690008569350585 -3.16014805800531 0.20248864967584
199901 -2.86146833427827 0.448529541708022 -2.04639707049823 0.912427644695692 -3.79516839936007 0.431839179064006 -2.3212139901805 0.0618425316369556 -3.35159001997574 0.270437121306693
199902 -2.85866240270316 0.451658305039383 -2.05605343503146 0.90626126647172 -3.80297925950872 0.429741859415871 -2.32835957921829 0.0619917718102597 -3.32643553719301 0.259277901951218
199903 -2.8672625000836 0.450963781156922 -2.05518514173477 0.907385932819338 -3.80298278990496 0.432228055162909 -2.31434581792074 0.0603300872832541 -3.36310690035619 0.262906853375309
199904 -2.90028826599811 0.437065957210276 -2.06149595582559 0.902696094717356 -3.82935465912171 0.420844788804571 -2.28891384151371 0.0589817806040785 -3.43191967192806 0.289265706216229
199905 -2.85167370437058 0.456387493715995 -2.07905383764124 0.878037418402445 -3.78189937457472 0.43125713134521 -2.47219010645485 0.093645041253437 -3.35321133439441 0.275273306107345
199906 -2.85405423425864 0.450647911970433 -2.08726215913064 0.863391995500916 -3.74997565136423 0.4369777288853 -2.64378347629255 0.13625154019848 -3.32076219125741 0.276970956565349
199907 -2.86427224797081 0.439544819606296 -2.14468661264446 0.815355024870416 -3.77551327321208 0.411651656932185 -2.83166218809823 0.19673566320823 -3.18328304883795 0.242127027581058
199908 -2.87370015433135 0.433115115923032 -2.16249791024323 0.798260384589924 -3.78741757029397 0.400013578706875 -2.95809815656918 0.247556033371366 -3.12229172943126 0.232318506186571
199909 -2.83175333181258 0.453837746445002 -2.12848464298871 0.819226017206371 -3.73077557788912 0.425521115733218 -2.9993851581583 0.267624277066431 -3.03247805910976 0.207668461496594
199910 -2.77249738145435 0.484497320365037 -2.08768874149012 0.844133965496578 -3.74321414813636 0.416675149209135 -3.01136739809107 0.279275546512057 -2.97671861155171 0.196182968152517
199911 -2.76152525524436 0.484719820421345 -2.04743863648398 0.856934998711661 -3.53312101567 0.507425826545194 -2.80171337505692 0.233073470108208 -2.79662923682766 0.166317475082603
199912 -2.8579097038878 0.433776477965062 -2.10401324497096 0.817408582840706 -3.76538191239577 0.394688719686219 -2.91822137047018 0.273926286865291 -3.02101981558296 0.226076608177304
200001 -2.90399991656525 0.417023685483217 -2.11060591183212 0.815221773477765 -3.87804239857892 0.366508974802723 -2.9083380415089 0.265878566126974 -3.00266587172229 0.202859588586468
200002 -3.12441168449062 0.299290979950602 -2.12127608697295 0.762021036481096 -4.35586163437893 0.160344127230991 -3.11177366435316 0.433783782447654 -3.85025242521653 0.681794760060102
200003 -3.76689808457493 0.10192272831051 -2.3727864437171 0.535261962319663 -5.36538720186521 0.0164294952194405 -3.52175714555092 0.861890622135138 -5.84471479648057 0.179748754920712
200004 -2.82328033296342 0.340304106056957 -1.59225231301128 0.948193038239812 -3.23413099698548 0.374691268633046 -1.79749393461672 0.162260807264939 -3.13429070483524 0.484858511854812
200005 -2.41117416918737 0.517719626430835 -1.2551543060429 0.860285870294965 -2.09906630306387 0.977033281207614 -1.00845226279989 0.049879809736644 -1.67619894130651 0.0654572016105541
200006 -2.38712806833943 0.537811677131844 -1.24485626564363 0.851871086527859 -2.02540876834418 0.950050605073139 -0.986516393098236 0.0475151081922919 -1.73502206971747 0.0647529527801311
200007 -2.65733124501242 0.399956802231849 -1.40429489960747 0.975316652263986 -2.78457789201483 0.566446817981356 -1.60945580789424 0.161890258150989 -2.90619527423543 0.375407924612451
200008 -2.59995552594543 0.434514148471267 -1.36522559674008 0.946561653269954 -2.69073064003296 0.641538395728919 -1.50981829469281 0.134825540044756 -2.98149359516411 0.35055126710148
200009 -2.54168744955552 0.480267432957579 -1.27096728263592 0.872897607175379 -2.49104107797893 0.805027656945934 -1.32380894433681 0.091266758054907 -2.54227495676647 0.140147913813335
200010 -2.70611148724784 0.434839661539351 -1.39265070366166 0.927612274728797 -2.67802955864909 0.740427081447313 -1.4847194997651 0.104267968009546 -3.44974856581823 0.307406467110325
200011 -2.3989936951768 0.605541127957577 -1.06688476494843 0.714905905781624 -1.94978030650839 0.786484002465461 -0.610121353660475 0.0186802536491983 -2.81934433373414 0.0869199201774578
200012 -2.40468672397864 0.611455784388911 -1.14445113741419 0.758417154731095 -1.84839168108573 0.709481703390099 -0.769833712021062 0.0247132755337326 -3.17997820071156 0.13819860325127
200101 -2.33129278345601 0.661976262159572 -1.16408885902528 0.762847234426845 -1.55377050127259 0.546999989112522 -0.702770212090664 0.0196751288416647 -3.10442189740583 0.108981293465154
200102 -2.53448470343487 0.560789490530921 -1.33266013395827 0.858015368542339 -1.94825854682126 0.767961081990728 -1.07864139061027 0.0398149347572683 -3.86019003941134 0.269564259968538
200103 -2.49878021031928 0.591245335432479 -1.45227822173866 0.928286875012217 -1.8629544447752 0.712915111462074 -1.34859267609881 0.0640599119910684 -3.93936276809121 0.265620193361985
200104 -2.47385644124263 0.609880795175487 -1.49935892169106 0.955589726933613 -1.84206792164776 0.702961658041065 -1.39887608205447 0.0700012995137624 -3.90145982227224 0.245964362780138
200105 -2.47070432774175 0.623878260918038 -1.44383789411808 0.91239212736577 -1.80227100631978 0.672634088729409 -1.31456138320631 0.0577879692707438 -3.86308426899329 0.206616779196868
200106 -2.72097804009637 0.50599257564283 -1.75633908133088 0.898889464878772 -2.11581886080665 0.862967230995199 -1.77418197024524 0.122557780792425 -4.5373054097285 0.415569974552361
200107 -2.97381161333556 0.408158775592482 -2.09329366605777 0.710351392492081 -2.40445487164676 0.976358167467123 -2.24861585212621 0.225287332035318 -5.31399944215878 0.720913038440429
200108 -2.86475832956796 0.480118589689049 -2.12235108806977 0.716624496445838 -2.21096216998495 0.873168641662125 -2.01501381250524 0.144921250403843 -4.96914206241081 0.458593700065433
200109 -3.34658098828085 0.29674714222258 -2.57665581690982 0.48193664643782 -2.8268346266298 0.757926209686094 -2.73951177523379 0.356256172967799 -5.89140373201689 0.916056056446594
200110 -2.7474095927756 0.526769245323756 -2.13734366151555 0.700776230759467 -1.77581496678232 0.679567257833884 -1.4468862735344 0.0605099682239849 -4.40692646648844 0.295335096404114
200111 -2.47757125383858 0.670016939301337 -1.874311673397 0.846950099022284 -1.44065976092911 0.505731959767283 -1.06540813580309 0.0278758712217322 -4.05082950693578 0.179567398192425
200112 -2.4912408520132 0.678945632708627 -1.87480849422825 0.855921123596307 -1.43560271516656 0.4865096593552 -0.937124311357884 0.018556232355592 -3.99373377929035 0.15045199115858
200201 -2.8651615672505 0.508337601113453 -2.1968165301061 0.688325230892387 -1.98068235236115 0.745275978242037 -1.60011033852174 0.0531801612162331 -4.85350633160679 0.377859928124997
200202 -3.28860021068067 0.352271454272201 -2.5153821429218 0.542402386350346 -2.61590727124159 0.926347915240741 -2.61154465889617 0.204251045731539 -5.76299774724705 0.797011227529195
200203 -3.91424903894804 0.175820825926022 -3.06029095750533 0.322587323099499 -3.56529461040145 0.460680601418896 -3.99439087529385 0.726989841706923 -6.75951632602652 0.652356985223437
200204 -4.44676881886528 0.095765471042599 -3.45260151045097 0.218250465390593 -4.25806432092481 0.25139422298723 -4.96914010945488 0.845367270008008 -7.56553714901194 0.352176459578043
200205 -5.41104808216224 0.0187802810785785 -4.05420318282721 0.0915516739419034 -5.40186264986395 0.0467536543486008 -6.6846157221137 0.125471358165958 -8.27172949174608 0.0778890383377855
200206 -5.7175393009379 0.0114512261107992 -4.25023597076002 0.0700603674364801 -5.82117116587608 0.025255615992422 -7.36865676729159 0.0504137548014459 -8.38278904366814 0.0612778122529926
200207 -5.8481328197461 0.00947118853008475 -4.32989850038588 0.063880589601402 -5.99913542184891 0.0197091975759262 -7.66635093996606 0.032484955683074 -8.2528183337748 0.0701559101705746
200208 -5.8461245126082 0.00894803901427426 -4.31232213399086 0.0624769122933531 -5.86432013759406 0.0225531444631953 -7.1665162325449 0.0589312448701831 -8.75014152597273 0.0265944497224351
200209 -5.84238401060033 0.00950468351190609 -4.30352606069295 0.0651646181863965 -5.86516756095454 0.0234680324394774 -7.17784719517081 0.0607001499154837 -8.83499254132105 0.025880316808632
200210 -5.87719370918054 0.00949128513177475 -4.37294034984272 0.0613193389410997 -5.89212899073155 0.0235305858067646 -7.18056044591366 0.0623963748253406 -8.95756108300811 0.0250031758602108
200211 -6.1329669712751 0.00546642374969192 -4.56100114003526 0.0448433836886132 -6.00039056617827 0.0176332437140432 -6.96353817255395 0.0621215913891063 -10.1188456357542 0.00197240714340703
200212 -6.15427994428108 0.0056000486197012 -4.57079099566977 0.0457369472577785 -6.01314075970403 0.0181000906812627 -6.95494912580712 0.0646479992823684 -10.2566097374165 0.00174561536919269
200301 -5.7886934521773 0.0105931300226616 -4.26767463784734 0.0698253999509463 -5.67869930669294 0.0296790260150573 -6.5526203975554 0.0957769764839422 -9.07047168311594 0.0122225462745198
200302 -5.86819791759285 0.0101318101015563 -4.33178841375577 0.0670405607395448 -5.73990299124776 0.0290104338244177 -6.52749438784606 0.103155680208473 -9.10130931928141 0.015066819597464
200303 -5.77893035134744 0.0130352164849317 -4.24371594977588 0.0790904096351619 -5.633215125769 0.0367164321571777 -6.34971039893839 0.133116055768544 -8.86141615162503 0.0279959189130397
200304 -6.02526357822719 0.00958556486907602 -4.39320662600979 0.0677674972498465 -5.80507396316703 0.0305437992580321 -6.47844718105586 0.118546104564746 -9.42743973978211 0.0150138974902043
200305 -5.8991106023953 0.0126011376258795 -4.29273982892846 0.07941679425828 -5.70298033472445 0.0367482485725847 -6.40306611665939 0.131080301885714 -9.21238908234334 0.023112881243537
200306 -5.65074497928379 0.0189421092284397 -4.17224921160331 0.0931572922399761 -5.52202635918062 0.046969873363396 -6.28756097258749 0.138837193610858 -8.65733617296049 0.0459631814972839
200307 -5.52019594298785 0.0241973887559032 -4.10958378233712 0.103039490709943 -5.42611565773321 0.0549298445649011 -6.24327661680191 0.143899235834769 -8.42397919204667 0.0636033179961641
200308 -5.42380280506989 0.0284256228016154 -4.07623881447214 0.108614260777754 -5.35231603523387 0.0610394709702239 -6.24718450479462 0.139356496174878 -8.31283473173963 0.0700451754711898
200309 -5.22977080007989 0.0350372442642002 -4.04144935948985 0.109310273874156 -5.23853496354221 0.0649900616494289 -6.13502205566643 0.134831903881003 -8.27458909912171 0.0588829818546319
200310 -5.22537888853944 0.036832455129137 -4.04201277666933 0.111980473686958 -5.23393150986344 0.0675759774030019 -6.13658684080691 0.136803342109476 -8.26925391880562 0.0606748669012449
200311 -5.10795725387296 0.0419694173208533 -4.07599978852713 0.105619446324608 -5.14672851435549 0.0724768336781281 -6.22098573373602 0.116820159350794 -8.29125821483181 0.0516199701234048
200312 -5.07175973909217 0.0456493427424984 -4.07451982384965 0.108180998233562 -5.11241336113755 0.0776242144683866 -6.2418238533539 0.116226963128025 -8.2776055557759 0.0535869197623201
200401 -5.03172554650213 0.0495257712475018 -4.09933084715317 0.106733378916411 -5.05918977039346 0.0844974712898592 -6.27070229403346 0.114047525085412 -8.24782205558765 0.0567063375252044
200402 -5.03170649132096 0.0497189241226913 -4.15973883916025 0.10050031414121 -5.02053951151809 0.0884083146793547 -6.40643581105091 0.0942506265242793 -8.40518306716573 0.0437298433350097
200403 -5.03167342476776 0.0513231520150537 -4.18577325733889 0.0999560387382665 -5.00461950253277 0.0921472853477769 -6.47918844850042 0.0890659515151098 -8.47144385677767 0.0414601499625273
200404 -5.01102019227315 0.0529821116660626 -4.2431945867984 0.0949730976421635 -4.97867621642771 0.094543856450006 -6.62478446876509 0.0725839796510995 -8.61022856288431 0.0336068761826851
200405 -4.9303176302125 0.0532259701957518 -3.98414748017295 0.120028337539928 -4.87090198136653 0.0957425500188658 -6.02509413395731 0.122230148051636 -8.02281690184743 0.0543150892260649
200406 -4.92911035332477 0.0553116134791127 -3.99164084548056 0.122167206349344 -4.86947948367407 0.0986845401213583 -6.00936837654569 0.128035825625786 -8.00485245303557 0.0575710127811767
200407 -4.86536386983254 0.0599160102760607 -4.0500065581746 0.11533609716324 -4.83295737236638 0.10175060228869 -6.17595156506561 0.103211155752786 -8.06482582719359 0.0506919135397668
200408 -4.86550859148192 0.0623474349561204 -4.04629964610275 0.118831248640934 -4.82727530274882 0.105520247031758 -6.17650165693717 0.106080395948094 -8.05309349416268 0.0536210404161437
200409 -4.83795715072695 0.0668764021110635 -4.04119088089965 0.12245221515639 -4.80526587824377 0.111017268098621 -6.19652326514895 0.106750287299545 -8.009837457321 0.0587373689462669
200410 -4.79841372506993 0.0723461087015812 -4.03630969687729 0.126015921150923 -4.77273976328205 0.117595648219981 -6.23020509729715 0.105079503537223 -7.93228994637536 0.0658022622867689
200411 -4.81264106923032 0.0737123037027284 -4.0337710248038 0.129625439462906 -4.77198012232731 0.120815729523062 -6.22383112708729 0.109274827856764 -7.93517876885008 0.0679296013364937
200412 -4.6728118456578 0.0846009955207056 -4.02567016195303 0.129281101444165 -4.74422694279659 0.120212022205212 -6.37146471349292 0.0862377172621188 -7.88916983408174 0.0630089174628483
200501 -4.66282608244277 0.0878331353860202 -4.03566494037679 0.130823176880807 -4.78087259329876 0.118406078971702 -6.50007073887939 0.0778217186499324 -7.92938005805386 0.0619457406798992
200502 -4.6192249787274 0.0948331529737853 -4.0235825165243 0.135582693293378 -4.77298324365647 0.122051572750613 -6.59322092277197 0.0717004766920013 -7.85712549478235 0.0680320586745098
200503 -4.54084774179953 0.104662500174107 -4.00631339482163 0.139759844839747 -4.79538018513004 0.120427707557658 -6.73568132494442 0.0618498084079493 -7.75255983068266 0.075432881643885
200504 -4.53047532646043 0.109110271390808 -3.99862562257673 0.144455214408028 -4.79155299742218 0.124222299123845 -6.75459044080742 0.0631034408961752 -7.75921004505506 0.0781498415522142
200505 -4.63749593992984 0.0987856590193367 -4.08484865731904 0.134404975025819 -4.85031266609885 0.117535923591266 -6.66549640584528 0.0685668185662884 -8.03157807927344 0.057595687023014
200506 -4.630962693315 0.102473542870905 -4.08103471275287 0.138416818137232 -4.85558504795918 0.120165618525495 -6.67800893367085 0.0706517581726695 -8.03364017631192 0.0599357978750249
200507 -4.60603441227572 0.106324840810231 -4.07433172701452 0.140963258173206 -4.84777358616029 0.121659856415775 -6.83539811984866 0.0593615009899939 -7.88890201670784 0.0674733753147312
200508 -4.63664385192428 0.106225818307 -4.09304935071446 0.141968864040812 -4.87683076162944 0.121439416253109 -6.96410122026581 0.0541077333080961 -7.90615065903788 0.0681328225040908
200509 -4.64668062544875 0.108407108276227 -4.0941455172067 0.145478649896655 -4.8814672629196 0.124237224526173 -7.0249261561997 0.0529108919390933 -7.89911821528479 0.0708313944936116
200510 -4.65581911643616 0.110618452515551 -4.08476388651235 0.150366259425744 -4.88066774960996 0.127581227115597 -7.06278517158334 0.053032863737829 -7.8920565784238 0.0736800523440255
200511 -4.66686754869059 0.111308579749818 -4.13253505073028 0.146397798916532 -4.92282700302817 0.124143349416131 -7.05107309001554 0.0542145150038614 -7.98674032212288 0.0667806839164841
200512 -4.66667266948622 0.114852809759115 -4.1329212639146 0.15034820064333 -4.9229848458282 0.127862528462804 -7.0505202938951 0.0566079008662517 -8.00595979709893 0.0683975644383105
200601 -4.66083709449681 0.119041438133734 -4.12791902382188 0.155065390329663 -4.90921982247539 0.133286013707912 -7.04524008303427 0.0590884711228446 -7.96294624467722 0.074045772690792
200602 -4.62554677089977 0.122551532840407 -4.06340182803728 0.16388165978487 -4.79127737132972 0.145600847738008 -6.95340675017999 0.0604445390348436 -7.65387193655294 0.0896903310427744
200603 -4.62495478136535 0.1262579228627 -4.06100954663786 0.168321926334945 -4.78520996181744 0.150228100962119 -6.96363448788333 0.0623927163755472 -7.63122980283615 0.0945725884023161
200604 -4.6152163939936 0.130184442545773 -4.06128903642469 0.171699604367722 -4.77678523081311 0.153779166366994 -6.97894706568656 0.0624016050003729 -7.56981407340169 0.100310345039243
200605 -4.5977449867503 0.135937665601365 -4.05270060549892 0.176963699242783 -4.76410101392273 0.159317312293877 -6.95617203606764 0.0660955122816838 -7.51648168603487 0.107610508393054
200606 -4.69923902005931 0.127356419635772 -4.11684079718209 0.171249100054664 -4.86838391850466 0.148591267691855 -7.1347905574505 0.0564949548469227 -7.68037965837833 0.092827868957608
200607 -4.73804577965977 0.126995993791236 -4.15307845211317 0.17064593347023 -4.90424807215875 0.148145116879102 -7.23983192502329 0.0528754262277795 -7.80752822654007 0.0851996094582822
200608 -4.7496184948153 0.129881397715672 -4.15417126387494 0.175112630681913 -4.90864529473509 0.151888114746409 -7.27786231264582 0.0532814466696113 -7.86122822895539 0.0847657422743551
200609 -4.76117933383955 0.132735495755921 -4.1604885948554 0.178823797918593 -4.91223694495178 0.155747187860125 -7.29800451827862 0.0547654898261816 -7.90554039687077 0.0848475695292949
200610 -4.78394478278754 0.134477292485966 -4.16728274949685 0.182548711818641 -4.91860971652613 0.159302099613365 -7.35179813153959 0.0544945725624007 -7.98502475485008 0.0822245693685118
200611 -4.78458718372079 0.138786806844412 -4.1673120412218 0.187392635140268 -4.91832604558733 0.163938030622977 -7.35558278348052 0.057068429204844 -7.98689322685777 0.0856054183024473
200612 -4.79572590275401 0.141424727550597 -4.18968863912643 0.188743327650788 -4.95444493122312 0.163411684403132 -7.37236155795338 0.0584974603429286 -8.00346665675138 0.0870801950832212
200701 -4.81012643268908 0.144282611660986 -4.21180274233512 0.190615531127498 -4.99144896657946 0.163829143838732 -7.37927482158967 0.0608834565809561 -8.02574596732015 0.0888463150924895
200702 -4.84270031968144 0.145810874074575 -4.23754238622256 0.19273538179072 -5.04319100289805 0.163460087047819 -7.44868468239359 0.0605463297381197 -8.09244526411752 0.0885994527667273
200703 -4.95858183281648 0.138440958476977 -4.3356785169947 0.185255085926362 -5.18335047495333 0.152593072890005 -7.59112074712394 0.056021142404327 -8.27020662263784 0.0801216474747919
200704 -5.08849897927957 0.130454284174854 -4.45380817744601 0.175864887445528 -5.34176914846383 0.141039920358306 -7.73342072933003 0.0524305824040014 -8.42080845087598 0.0747598461285269
200705 -5.09061276988207 0.135762053086971 -4.46710319702619 0.180260899053197 -5.34225327338598 0.146813168431395 -7.72411367745154 0.0562780821025815 -8.41307181223754 0.0795538628611788
200706 -5.0882695617084 0.14174408099129 -4.48027477797108 0.185145347609402 -5.34214381390734 0.153093172672718 -7.70370427456786 0.0610904660441006 -8.3848815330585 0.0857174199828625
200707 -4.94417621783365 0.16342672504823 -4.34029462299683 0.211167247064735 -5.17549747536761 0.179391316342006 -7.61694714371335 0.0704284322147587 -8.28475030211187 0.0985968946362645
200708 -4.57731954058256 0.212330100098105 -3.9474230383344 0.274587008654073 -4.74718390102333 0.240127321786649 -7.17076317773304 0.101526952289747 -7.80315904963012 0.139081194478342
200709 -4.25009815031137 0.265024082750447 -3.63851181053245 0.334886471125086 -4.36842728890063 0.305434017536873 -6.50638371470278 0.158603233733764 -7.0835786716509 0.21246640752051
200710 -3.61233703191781 0.38645091852097 -3.04660204063685 0.465507631286189 -3.65192998406934 0.453911391702123 -5.44657607285974 0.307741466186628 -6.13741422672986 0.360028404286542
200711 -2.97003561940261 0.558605515622699 -2.39000804382203 0.653905579183768 -2.9606582411944 0.657105562752027 -4.49877594252617 0.558353093812597 -5.26088452512872 0.595661993473143
200712 -0.894094989197547 0.828776686478182 -0.61179919725487 0.809367475244529 -0.770510138435521 0.689139536030601 -0.940223179841748 0.440747363589853 -1.81734100564346 0.457776155352398
200801 -0.302230741764564 0.620136842481996 -0.0628957860782764 0.621031714925559 -0.16501243166045 0.491218757594276 0.0538967298928661 0.203338620584708 -1.01841302979324 0.246435532309514
200802 -0.720126701646406 0.684572057498851 -0.442704898366175 0.679648141827244 -0.680014200024459 0.563063888486298 -0.391722292712937 0.209753265902509 -1.45723074525947 0.25744566766605
200803 -1.06540738786229 0.684772083058819 -0.564103826471407 0.635568485029574 -0.972159603886036 0.529250306749715 -1.14878694480574 0.216042935638891 -2.10883715473558 0.266642781956673
200804 -1.54209119895299 0.709249149008718 -0.97782668942159 0.660858050253362 -1.46167366991059 0.546002638388535 -1.37618877611019 0.154018555564555 -2.25852979733621 0.212120428289497
200805 -1.39107836514503 0.56367369879361 -0.917499804946953 0.552866913124517 -1.25934743898208 0.391300663332293 -0.0400426113694508 0.0266647149656369 -1.43974536009202 0.0835386217774927
200806 -1.73754550758964 0.513080503538576 -0.990979642532852 0.473549645709351 -1.62935357185361 0.350083411424995 -0.647600123430392 0.0179961551103503 -1.89599310928346 0.0773913323681184
200807 1.19885109130441 0.0661959596630055 1.65013826801486 0.0814062528094835 1.23313433997504 0.0368415508560636 2.75896287806811 0.000112916052985448 0.468516303842914 0.0073459684853269
200808 2.40123387390144 0.0166790345732164 2.53403576840997 0.0331310481100297 2.28875275852187 0.0103704860964277 4.33787873380677 3.61732308100094e-06 1.3936668357527 0.00213251564800126
200809 1.53456467227518 0.0296653030306711 1.84960218476 0.0515521174994513 1.3492396549993 0.0205337188941652 3.64061213104966 4.22181398881771e-06 1.12482259387949 0.00270182686503081
200810 3.09855990434906 0.00683807242060495 2.93948037568541 0.0211702497741222 2.97068779105454 0.00418709818918122 5.67818862453848 1.45359805738238e-07 2.16639214194178 0.00107953615019878
200811 3.84567732913038 0.00473839066783338 3.45587689696351 0.0175869790519756 3.35634798351624 0.00458060412604978 5.44839204459671 1.22861991367218e-06 2.31815885472517 0.0022773450152809
200812 3.59394917346894 0.00695155907297337 3.16903146258775 0.0247924666456646 2.9716435957042 0.00734113422935056 4.42454049171643 6.18500484589961e-06 1.48493223982767 0.00613244814384098
200901 4.42639362524704 0.00327163018630639 3.91422663410823 0.013445990910882 4.29132176078001 0.0018828157508015 7.20509724752025 4.85758580043122e-08 3.28467175339974 0.000850685465748595
200902 2.73410270393328 0.025740653821004 1.86464077651963 0.0933366432349922 1.90948867005847 0.029060579999585 4.09202681109156 1.98311140773685e-05 0.605847011523775 0.020903024392668
200903 -2.14300445381133 0.561991635308376 -3.15024024049515 0.967712513391099 -4.42576071296681 0.871497019702087 -4.52599145785766 0.127983415726464 -5.31969288593603 0.733462287864415
200904 -2.43714688230439 0.516022724740141 -3.4165007068965 0.907305870927041 -5.18098101794884 0.862184263131736 -6.48139107107222 0.138857024030803 -6.32446537290812 0.819882165429428
