"V1" "V2" "V3" "V4" "V5" "V6" "V7" "V8" "V9" "V10" "V11"
199507 -1.69467852649683 0.020254422130149 -3.35915348953284 0.251104414419214 -5.04218967127037 0.00245587637883981 -9.81780373927979 2.07149386553527e-10 -3.80375936520627 0.00480209612683218
199508 -1.67062746863746 0.0194081067575598 -3.3516779948632 0.256007827907402 -5.04902259131983 0.00241280633541049 -9.81074592054663 2.52069475486152e-10 -3.80982084186299 0.00487407684220043
199509 -1.63180361048496 0.0172923825025052 -3.2787382821825 0.295672771067873 -5.0079310990687 0.00282800886460659 -9.9272170970474 1.25790668458664e-10 -3.85305483473579 0.00426627051784542
199510 -1.56705010883356 0.0152372067472122 -3.24733806510438 0.314749680028963 -5.00770857963331 0.00295961235500235 -9.90579918742029 1.7568289322174e-10 -3.86744047849588 0.00424140892903338
199511 -1.68233784497469 0.0232990573726712 -3.30240861670128 0.281875592187282 -5.11682352281986 0.00202660871284309 -9.99225521475997 1.35473261200422e-10 -3.85361828176793 0.00461657631253895
199512 -1.64740041065785 0.021846385511558 -3.32380474979557 0.271695585771213 -5.12839247823402 0.00202560609015957 -9.96607254991169 1.72377317779514e-10 -3.83130068612993 0.00510727471766001
199601 -1.63353481116302 0.0213810131518133 -3.32725884070675 0.273155125620099 -5.12529412150746 0.00213883036579101 -9.95759857189571 2.11690034561452e-10 -3.83220178612766 0.00527877469751724
199602 -1.62917465797521 0.0215617730378894 -3.32734682924454 0.275114077877247 -5.12917328018612 0.00220120431482523 -9.94208767963449 2.48213108755234e-10 -3.82315472145074 0.00561445563239158
199603 -1.63030723743227 0.0221835438320462 -3.33452927293965 0.272955469635557 -5.1217863392252 0.00233702864201412 -9.97109739871331 2.43528145302568e-10 -3.81949173437819 0.00586018424820281
199604 -1.63255003455836 0.0227167616831364 -3.33347128685779 0.276467828658032 -5.12129902076053 0.00243957616048431 -9.96824127653064 2.8449649585249e-10 -3.81728278186615 0.00612028374919824
199605 -1.54827898733043 0.0181574933095681 -3.26150109069168 0.308735849821919 -5.10435497275707 0.00243716720342199 -9.98861597121059 2.79105081252998e-10 -3.82094071830648 0.00606216798998283
199606 -1.56519482786772 0.0195363968281198 -3.2807302636888 0.296466778741568 -5.1497284934821 0.00208532508365726 -9.82378248226614 6.34124168961895e-10 -3.77603755188187 0.00693002431893173
199607 -1.42525349823344 0.0115114419770077 -3.05965010852458 0.431404304169785 -4.93556878785282 0.00438000256508475 -9.67375177484919 1.65588695159358e-09 -3.90953772438047 0.00474706053775849
199608 -1.25269260429073 0.00801508952744724 -3.07948606611113 0.419248941260924 -5.07188568960626 0.00251976338871597 -9.52997294875428 3.45011411443854e-09 -3.86638438618674 0.00559630413366677
199609 -1.33569477573738 0.0102781832435684 -3.04196932093621 0.450292098609134 -5.02842116160558 0.00306591299720998 -9.55889273531516 3.38846577949674e-09 -3.86859111498032 0.00574839157520534
199610 -1.26847578568692 0.00891240995317223 -3.05379021434349 0.437914640247585 -5.06676265730015 0.00281618707258877 -9.45651194875232 6.15298041792699e-09 -3.83702112797966 0.00651973876984783
199611 -1.02814845044776 0.00404217853061135 -3.0935423021428 0.423034919504984 -5.21606537477641 0.00187483471776263 -9.22102602710724 2.19548154892455e-08 -3.83752176667158 0.00680964148943627
199612 -1.04944274354246 0.00446260202721349 -2.99404242336228 0.483196966007938 -5.09967047416626 0.00274885913148254 -9.25524741858201 2.05132163778489e-08 -3.85675241402146 0.00658064128028017
199701 -1.00315168943632 0.00367038257704416 -3.03106867483278 0.464797279185253 -5.13303132228524 0.00259661658265694 -9.34224900315779 1.48870623829081e-08 -3.86512448679086 0.00663119453966035
199702 -0.956880447160979 0.00329027896749293 -3.06108901287248 0.439195586841541 -5.14648944237515 0.00258668327025765 -9.31541438084362 1.8398065317022e-08 -3.86901987614563 0.00678073064061672
199703 -1.33852724805934 0.0125663169825204 -2.94200127921005 0.528405298875669 -5.02581922984766 0.00384486970420273 -9.24299274699914 3.26494227762112e-08 -3.87720123228765 0.00696761176335532
199704 -0.988469171253903 0.00450949157590223 -2.92752373551104 0.543343888815607 -5.13279800741508 0.00269908213317594 -9.19429490975281 4.6197479013462e-08 -3.87708831536144 0.00719849802497394
199705 -0.766440690285308 0.002049117294601 -3.02909962879792 0.48586594274021 -5.27903636756417 0.00169484062847745 -8.6736866517775 3.98630875863961e-07 -3.74965008535797 0.0106620774610411
199706 -0.785632580399143 0.00226333859981836 -3.01121668419408 0.503738954426298 -5.22179380602035 0.00214309099366946 -8.64650548100918 5.1531106093087e-07 -3.76148034966255 0.0106390660882104
199707 -0.697363105797155 0.0015763299684613 -3.10848967789408 0.45633822337172 -5.35736400713556 0.00151286254546119 -8.67755384390345 5.48563581954877e-07 -3.73442878033077 0.0120292552459374
199708 -0.250456479691508 0.00028822912943728 -2.94296672651617 0.565966107290901 -5.17505272211398 0.00278578578062787 -8.55391377342705 1.07019763501369e-06 -3.77430341237861 0.0109283304126798
199709 -0.372329653321013 0.000517355688334909 -2.84763374195316 0.641783527381911 -5.06022401258059 0.00418243841853394 -9.06631978959205 5.30746151441352e-08 -3.89593174311966 0.00768931394793162
199710 -0.342727183859304 0.000460976447965434 -3.08692028725757 0.477674592670073 -5.15015543218036 0.00335694731166462 -9.14295810509493 4.23018952973914e-08 -3.94413042457848 0.00693358931724181
199711 -0.314668835641951 0.000429194488102371 -3.20120739799516 0.405210423110432 -5.14630516704422 0.00347373192122514 -9.15973554909593 4.44418959721124e-08 -3.94920232886646 0.00707837536761764
199712 -0.316939632144875 0.000523883549294656 -3.04449963662412 0.448764859306157 -5.09724496107486 0.00403683249687308 -9.01377043557794 8.24016907816322e-08 -3.81119718439726 0.0103291476956684
199801 -0.127692619403263 0.000323163092477945 -3.08568221890151 0.42107936965155 -5.02787931564923 0.00525636727645003 -9.08527105559829 6.10475405597556e-08 -3.84529227628854 0.00948947337077962
199802 -0.107394777428182 0.000284813258456056 -3.06639877101649 0.441527418701256 -4.87623646454183 0.00885444824775497 -9.13934425232392 6.05279726827479e-08 -3.87146073478197 0.00923850080615279
199803 -0.0805864040757998 0.000265860381853759 -3.08426623451243 0.437145822893506 -4.88641995033858 0.00906466322478284 -9.17715522212197 6.18495890762719e-08 -3.89701509560838 0.00904458658858998
199804 -0.0775982432176248 0.000297759458804602 -3.05968765000781 0.427899948857462 -4.85196496745872 0.0100468225561972 -9.18244099046035 6.72766251290558e-08 -3.90520897024695 0.0091318274972668
199805 -0.0281574944877017 0.000248515814524981 -3.15821730849026 0.375640485110065 -4.95533510330737 0.00790372965074473 -9.19014772091902 7.4650346523732e-08 -3.90279775990772 0.00953093637740001
199806 0.17666611536048 0.000111847552409195 -3.16638156405717 0.367516890202194 -4.95424433310836 0.00820951347322879 -9.18395143497968 8.65351788958089e-08 -3.89904023276462 0.00995781707124813
199807 0.147038968114621 0.000134968689732847 -3.28495653975878 0.293769168780438 -5.32930244265337 0.00258668558670737 -9.50371264555825 2.50739636398982e-08 -3.9956271403178 0.0078084711692519
199808 -0.29236890794182 0.000376794250714857 -5.16676974265846 0.00707306871409669 -7.0889299841544 1.0588996379711e-05 -10.6962310413811 2.5721137709901e-10 -4.44400339923452 0.00235804716349309
199809 -0.243448984142081 0.000287077829304801 -5.17408405514219 0.00730405825748121 -7.07594891046954 1.26190593367032e-05 -10.6979707479423 3.20244712504435e-10 -4.43044776178547 0.00261299230341983
199810 -0.363652681857407 0.000443811099641954 -5.3071610222031 0.00588542040400762 -7.0802862945708 1.45360351102588e-05 -10.7307696014983 3.40211289770812e-10 -4.43744046327896 0.00269154791944756
199811 -0.0722447414797101 0.000144835304536409 -5.14593556506393 0.00947906445129661 -6.95960056752407 2.54033351596252e-05 -10.6478179277581 5.79434097801428e-10 -4.36793647374429 0.00339381519644247
199812 0.0475961646232537 7.9652716834225e-05 -5.01609189477628 0.013496424450106 -6.91996352482573 3.01664729999862e-05 -10.6237892652222 7.72903081226105e-10 -4.36022524926651 0.00363406434834008
199901 -0.0433889507173824 0.000120354573607257 -5.00694010426914 0.0142788729567351 -6.92129596969824 3.0631906077104e-05 -10.7169735949417 6.08144978546137e-10 -4.36637679604117 0.00370305015015657
199902 0.112275709849052 5.88435502070883e-05 -5.16966251540973 0.00891438102615335 -7.05406082144564 1.67574496247967e-05 -10.8473145557517 4.0744920749042e-10 -4.41993522432909 0.00336165479163941
199903 0.300414780952851 3.09409490217136e-05 -5.12399745587553 0.00950256343295082 -6.89826247234593 3.16227754928844e-05 -10.8343050211372 5.03998709517351e-10 -4.43212805566808 0.00337107211794217
199904 0.324965299214708 3.09439570240848e-05 -5.27855800769468 0.00699620478966465 -7.00234901610588 2.66597904878247e-05 -10.9348482872252 4.53032597804066e-10 -4.47633085584174 0.00316884962605818
199905 0.380901290166191 2.48706033617533e-05 -5.10454489946603 0.0104659495264149 -6.69639591614553 6.58613684489472e-05 -10.9010828559275 4.79217737823751e-10 -4.41020898166482 0.00368353572607039
199906 0.0957010712110851 9.8630582396106e-05 -5.43070810875816 0.00359312882508725 -6.83128725841995 3.46355920109767e-05 -10.8073923952425 6.99118817165559e-10 -4.3267303567649 0.00451206983284312
199907 0.518118137497681 2.23123202255199e-05 -5.01811966954173 0.0102563838454741 -6.64713482360459 6.61202384909435e-05 -10.595389848039 2.02096366103027e-09 -4.14066326796632 0.0073544634867239
199908 0.589490374557067 1.9927831414098e-05 -4.65511107442209 0.0245499572475903 -6.40931985428241 0.000146569707134875 -10.4336448076288 4.50864030508398e-09 -4.02638445408232 0.0100118222969677
199909 0.61241058465632 1.92073501703401e-05 -4.89750470398007 0.0136149750724009 -6.7217002455124 5.49339470790851e-05 -10.7308455524417 1.77037529211796e-09 -4.10694206832996 0.00854511787440189
199910 0.36132287341718 6.18079079772443e-05 -4.99757619541681 0.0116895000987913 -6.69132455983104 6.59327556765341e-05 -10.7281545409937 2.1343716450819e-09 -4.11204390745525 0.00876832237221548
199911 0.70717634170453 1.99651377344961e-05 -4.8879170049269 0.00565213688549815 -6.64179889572851 1.79935982636371e-05 -11.2515948182147 4.8926900739637e-11 -4.08174891453872 0.0056171173958213
199912 -0.153979878033916 0.00116912290783371 -4.70626898960067 0.00784966831081075 -6.11737109627426 5.25417121805171e-05 -10.9917254142819 8.69778952914121e-11 -3.91578034967084 0.00735328053947249
200001 1.09518206028167 2.41017800321887e-05 -5.16772210217915 0.00190723262485972 -6.36733107121095 1.52239568473022e-05 -11.5102003582329 5.91180117946824e-12 -4.08451045554661 0.00411203599832619
200002 1.02968752647778 4.21952667195141e-05 -5.32509947614033 0.00124544499946636 -6.40731492447433 1.48849911736892e-05 -11.5229554245211 7.47547849008661e-12 -4.05504866889224 0.00467136887723984
200003 0.248091045095256 0.00779021870126205 -3.12241216598923 0.0780082105335377 -4.49752418895573 0.00195497775800178 -9.52502084324931 9.47010998517919e-09 -3.21123320173011 0.0228102083084169
200004 -0.65831010152404 0.145863782313834 -3.67467375023078 0.0149374882750627 -4.61698690804029 0.000970232445540202 -9.19631982114975 2.56354598693167e-08 -3.13137258368665 0.026115596160647
200005 -1.22831721753824 0.438652527712316 -3.65212228534335 0.0140570728376055 -4.68195288985132 0.000763579961811356 -9.21179843480824 2.83463607875287e-08 -3.10609578903402 0.0284948131757296
200006 -0.787390932860399 0.25322478134351 -3.82223076678594 0.00952926898933892 -4.78928285757221 0.000591425681407254 -9.17276202071477 4.02716232136692e-08 -3.11592862151042 0.0288532603091724
200007 -0.2668878188963 0.118742376137678 -3.70949793185398 0.0104202833432349 -4.85394098963068 0.000426881412062415 -9.41881956411321 1.31987460974159e-08 -3.18025232694499 0.0236831381101818
200008 0.139149194284582 0.0558791443536646 -3.23392183269087 0.0298019671216758 -4.59757543148251 0.000934772412449555 -9.27423376831562 2.74235487173855e-08 -3.02800781497159 0.0335250044907282
200009 0.113620941990134 0.0564900652857804 -3.21110834923273 0.0322943790418399 -4.59757982881976 0.000994145394852938 -9.30943759818657 2.87801993642592e-08 -3.02557998391555 0.034678698044078
200010 -0.0140310161990786 0.0759695103409348 -3.22790631192496 0.0319199874494252 -4.62222758207769 0.000986856296491155 -9.29844990162454 3.50185772240913e-08 -3.02501603477947 0.0356794668939219
200011 -1.30017400684421 0.564399739882393 -3.90042775909609 0.00617755440170423 -4.94181442817629 0.00036784506343999 -9.34747723120197 3.07891198538871e-08 -3.09677782716578 0.0308020044391215
200012 -1.46878333022826 0.764569910838692 -3.53008193795128 0.0152834332987008 -4.85092601047141 0.000529043694148995 -9.80951233884688 6.14717416012489e-09 -3.16043277197107 0.0276370466571937
200101 -1.20062165312027 0.628468489825684 -3.54499712700858 0.0153566568452296 -4.86980332568847 0.000533547139474613 -9.52810241437512 1.59390138110232e-08 -3.15310267197229 0.0285672328952634
200102 -0.25109547963309 0.165384277489245 -3.41297929490931 0.0212437281334406 -4.82796668117014 0.000638436584824025 -9.53087914328827 1.86438190943799e-08 -3.16153144555338 0.0288584438594661
200103 -0.808712561805303 0.365617301364398 -2.92589824463467 0.0492905549865339 -4.43318754638355 0.0015121139992271 -8.55612387515816 2.63316064472386e-07 -2.93358523091349 0.0405450434037537
200104 -0.198851768994102 0.151458797939019 -2.93734365748335 0.0498255325774589 -4.46862275255087 0.00145935886961746 -8.69702773373731 1.80174296963078e-07 -2.98125969223226 0.0378070285461449
200105 -0.19437957555164 0.152632240208816 -2.94209025639838 0.0506455499240973 -4.4691370434671 0.00154752524354755 -8.70000098110222 2.06499713683516e-07 -2.97826308404288 0.0391747568360805
200106 -0.176673909497893 0.149482541460385 -2.74916014486868 0.0717568576550422 -4.39067916668068 0.00190827607802121 -8.54828919014361 3.66757796251925e-07 -2.91103524539527 0.0447627109223643
200107 -0.173025535812776 0.14947192584067 -2.6034044688483 0.0910101771636895 -4.23416647174026 0.0028892429214549 -8.35758430177784 7.36305676771096e-07 -2.91339098385819 0.0446592064130904
200108 -0.661216449740909 0.308312945838758 -2.83198879745241 0.0610704449620349 -4.3945284119427 0.00201306514602312 -8.45826350197247 6.12600418916085e-07 -3.02074317767107 0.0374664332896674
200109 -0.80808298828865 0.352447300170215 -2.31475421141578 0.152219090406454 -4.02875467832196 0.00533673145792579 -7.97361588324219 4.03473409904589e-06 -2.74235830757921 0.0652809261732982
200110 -0.778142159949802 0.340012813104221 -2.31591193721568 0.150613285479179 -4.01498613889459 0.00557905077418567 -7.93237049212856 4.82552703364611e-06 -2.87459421894207 0.0520942292708637
200111 -1.43196913082622 0.733134315790446 -2.7517257540969 0.0708781764287857 -4.23221259382507 0.0033452484605949 -8.21138469884555 2.21842835141257e-06 -3.15629363025256 0.031220336823281
200112 -1.42886765052979 0.732740496929876 -2.7435324407254 0.0736413505023178 -4.21371538780422 0.00369697819247505 -8.18604350283545 2.74206465219647e-06 -3.14446372236461 0.032970052968444
200201 -1.48617536164961 0.774139413078931 -2.76084276618602 0.073290018616859 -4.23953034636837 0.00367618359029224 -8.18576254438523 3.1153748274511e-06 -3.15283654216514 0.0335068361505774
200202 -1.56521996576613 0.821414937496221 -2.74512085405942 0.0767009653392585 -4.22743363856535 0.00395232000357539 -8.07650373951587 5.0177663319436e-06 -3.10282576021466 0.0380634078940586
200203 -1.36789016028505 0.719217795584093 -2.71317994677975 0.083264591411197 -4.23575501156976 0.00411657598823608 -8.20632101736878 3.96013516318674e-06 -3.09634860721566 0.0398427892496091
200204 -1.59149642160039 0.834974024198742 -2.6871511112289 0.0890342849694352 -4.22788891197867 0.00441915097388057 -8.17116715874169 4.96689743169874e-06 -3.08002091777559 0.0426304837668304
200205 -1.7272274694544 0.940007114228876 -2.62249784876518 0.0994993121623362 -4.15989952327021 0.00528922717365539 -7.98120810671188 8.80994668372179e-06 -3.01664580629393 0.0487729930345904
200206 -2.07714735347895 0.860980775275984 -2.66974916779015 0.095414093669537 -4.17588457131817 0.00549987602272793 -7.97179604093776 1.08226873499089e-05 -3.05660807348698 0.0478694661346275
200207 -2.06260102204598 0.89053372863668 -2.42179893922703 0.145955330748021 -4.00765257803974 0.00871672683872232 -7.85279356995663 2.25881530230336e-05 -2.94512318967552 0.0623657848631215
200208 -1.97379291615893 0.923130448635394 -2.41465284079156 0.149796956008762 -4.00730069448874 0.0091338597135691 -7.83851552153836 2.62620477027004e-05 -2.97819820534744 0.0605145664487185
200209 -2.34125744015736 0.754612346620002 -2.87149465966465 0.079505463792263 -4.35470663313602 0.00467180919255613 -8.27197319643083 9.74301172473645e-06 -3.13153031541229 0.0488858228461987
200210 -2.97087498503286 0.438238906244062 -3.35232770035789 0.034018090228857 -4.54028000305167 0.00312553563720416 -8.39350255927414 6.73982484737727e-06 -3.22915037736902 0.0415936549832367
200211 -3.00500475165808 0.433213976638545 -3.05711494899581 0.0567343806407074 -4.27039557205016 0.00583294433932059 -8.10776427376205 1.64440247059419e-05 -3.11205959454524 0.0527456440843549
200212 -2.95481768349015 0.482218764496601 -3.06507355130652 0.0581064850643667 -4.31091657548006 0.00569926255974845 -8.15718355894943 1.64580211161536e-05 -3.1211529118873 0.0538651351589872
200301 -3.11035970708964 0.412822983453454 -3.03263914399776 0.0631887092188231 -4.2825824558441 0.00638953484139347 -8.07530070082061 2.33882723812651e-05 -3.16373837163442 0.052104243952882
200302 -3.05243645598712 0.43893444379244 -2.96108902775785 0.0727109142863834 -4.22809543663414 0.00756837071152459 -8.03984871498533 2.95747122968459e-05 -3.12943009132463 0.0570345885646417
200303 -3.04259784379595 0.446926535760716 -2.9473605328761 0.0762018902609239 -4.22741639486703 0.00795750210388958 -8.03995112753186 3.27757510828516e-05 -3.13303695876044 0.0583832225048391
200304 -3.39481675955167 0.320398224513253 -3.2134724135767 0.051134448797304 -4.45838628637008 0.00528017931795031 -8.37177285307529 1.57725381341814e-05 -3.33822681473448 0.0433546683414617
200305 -3.19795317985847 0.396664567589404 -3.0172062259062 0.072476050344261 -4.32027416775695 0.00746294536323398 -8.22387390423864 2.79469412388622e-05 -3.23569118619338 0.05331048364331
200306 -3.19304333651536 0.401466343409277 -3.03390276845417 0.0723069744997235 -4.31989913302262 0.00783951170204419 -8.21294430398507 3.21161868344354e-05 -3.23046070069548 0.0553581467703893
200307 -3.20649988383728 0.399666635367976 -3.07234737089794 0.0699759440849164 -4.32346952883151 0.00817425242365849 -8.21478872061421 3.58245050081887e-05 -3.22965736709704 0.057044397091608
200308 -3.20582020598736 0.403640355931635 -3.08786679845325 0.070058101200763 -4.33098330416797 0.00846680361823068 -8.22291372510304 3.96820069196565e-05 -3.22436101963235 0.0593489051578668
200309 -3.24026377391273 0.392883817898524 -3.02785453435801 0.0783224080559025 -4.2759708008101 0.00986216506204272 -8.12078704682238 5.70462204236142e-05 -3.22685340578002 0.0608679279310743
200310 -3.4624434718175 0.312504459461387 -3.34290965374135 0.04899151578003 -4.55349933772153 0.00600530184071244 -8.37209739702354 3.43909734040192e-05 -3.33003931183435 0.0533508599354878
200311 -3.44261107450223 0.315858975490086 -3.32190346962147 0.0519483465050662 -4.5415647783368 0.006472582237609 -8.35103477971084 4.03055900477403e-05 -3.2922623294058 0.0581159528192338
200312 -3.40109260034613 0.334283862284977 -3.3226948087886 0.0538657092496691 -4.54685027217003 0.00679789962502638 -8.38951968828927 4.21605879554576e-05 -3.29596522647346 0.0598929829074138
200401 -3.30205911899202 0.361731792710017 -3.27744719280871 0.0583682239198032 -4.50373883371713 0.00771373192019097 -8.34938023325991 5.1821461945749e-05 -3.25610575728792 0.0652462399551295
200402 -3.30108116663372 0.365112803652437 -3.29019518380278 0.0589335587488197 -4.51543612823466 0.00795718208830726 -8.34937626549843 5.80710266400036e-05 -3.25381111183562 0.0673541459100257
200403 -3.35494206517108 0.350654920947603 -3.3080176238568 0.0591704492348139 -4.52781208654975 0.00821123933632403 -8.35148821655538 6.47648922746506e-05 -3.26344850888327 0.0683457635123292
200404 -3.32306538841209 0.364450703773406 -3.12694322769256 0.0779003024256641 -4.40997921796058 0.0106910069502869 -8.14779148842655 0.000115846797111991 -3.2250570921182 0.0742834070292361
200405 -3.35201184914928 0.340031826170714 -3.12307235058393 0.0797494175760077 -4.39690501731413 0.0114600594851351 -8.12770807827934 0.000133747495407638 -3.22571709255111 0.0755612475667654
200406 -3.34431854352066 0.34552083410906 -3.11081092439554 0.0832723252995427 -4.38699258066022 0.0122427112930946 -8.12636808363867 0.00014949332099341 -3.22008578572703 0.0783768247506067
200407 -3.5054449916218 0.306421547260826 -3.04075085775712 0.0942629017138798 -4.35994512144429 0.0135442691139504 -8.04625073694352 0.000198816744590787 -3.21904692533799 0.0807467484839201
200408 -3.55590388293749 0.292459325938502 -3.02631790166059 0.0975011252302096 -4.36397467704046 0.0140446551282427 -8.05863207788542 0.000209757840845262 -3.2254342120728 0.0820612867899946
200409 -3.55453303404627 0.295406785050692 -3.01959525380839 0.100764807216614 -4.3541878256631 0.0150173255482852 -8.05617011280455 0.000233812851142564 -3.22024418799851 0.0849176561684905
200410 -3.55797915946883 0.298087015195424 -3.02468891484253 0.102397827905077 -4.36214835007951 0.0155467662989793 -8.04722458450486 0.000263412106548164 -3.22457325957737 0.0867192904059512
200411 -3.6025281600075 0.289366597483359 -3.08399317211352 0.0977771278851227 -4.39785526317276 0.0154811502032493 -8.08178664015342 0.00027952408484264 -3.25894708789671 0.0855177580125
200412 -3.46934659371991 0.331858494190858 -3.0939031560002 0.099175102196359 -4.39845228130493 0.0162386075447432 -8.100486815964 0.00029991590181649 -3.23813074876746 0.0902783848442356
200501 -3.59773000522623 0.300143667402995 -3.13595913817937 0.0965793181013056 -4.42395953519779 0.0163724137350272 -8.13929715686879 0.000311194567327416 -3.2534571920118 0.0909327183691832
200502 -3.59530279606115 0.30426902640127 -3.19414462290109 0.0918742154772286 -4.46062644614089 0.0161883323755918 -8.14932738346852 0.000336377086728453 -3.26868907631661 0.0916722181343656
200503 -3.68436781356298 0.28010433884015 -3.29109107706953 0.0835523712043638 -4.49673098037473 0.01606436259867 -8.18637980712602 0.000347014086854604 -3.27987759336426 0.0926697389923292
200504 -3.72490775556598 0.273800603206709 -3.33654749673715 0.0813354771000982 -4.57192796032975 0.0151105427451684 -8.22479692771949 0.000359721217262879 -3.3052104133964 0.0924596137365999
200505 -3.85319397554098 0.245413317680978 -3.35580072426744 0.0817610544561047 -4.59812209682877 0.0152888170614563 -8.24433265696036 0.000383540759141933 -3.33538995770415 0.0914553198648873
200506 -3.87816323423393 0.243505052537324 -3.35710525521857 0.0839903421630222 -4.59824568506271 0.0160913933516977 -8.27254520685674 0.000400496762368022 -3.34303684711528 0.0931341797098397
200507 -3.81177757037423 0.266559429087365 -3.38215170897753 0.0837612770091284 -4.62143665572818 0.0163654604736791 -8.3212959598423 0.000405322114130817 -3.35249681420402 0.0948513475813707
200508 -3.83615116355094 0.265599427992523 -3.36228141926544 0.0883288925625883 -4.61371133093711 0.0174196239494332 -8.28265613636598 0.000482779631711094 -3.3506330076327 0.0976551816147411
200509 -3.84003867236697 0.268659408167466 -3.36422729903068 0.090613640212717 -4.61360710564171 0.0183146329173656 -8.28726780161451 0.000527539409104399 -3.35535868235832 0.0997720704791981
200510 -3.87410846891281 0.263735077184265 -3.42782026366195 0.0865206819403628 -4.64261362578513 0.018458059555026 -8.31458739259876 0.000557238195651814 -3.41322524578649 0.0961521430234694
200511 -4.02104643109131 0.232948137288354 -3.48457118046164 0.0832871332756199 -4.67124878348826 0.0186525472049004 -8.35711369542384 0.000575065796980126 -3.41272921934599 0.0987623656795932
200512 -4.00962465101087 0.239737164637853 -3.48007632779426 0.0862304154123 -4.67090350397463 0.0196277795420233 -8.34939581274983 0.000643935926877299 -3.41008311873381 0.101816706867967
200601 -4.04612077935365 0.235113918513983 -3.5189248146418 0.0846489050887749 -4.71279773684727 0.0194427247011295 -8.40843871671628 0.000645032457562603 -3.46502745928732 0.0986323562808157
200602 -4.06521547480387 0.233998491187502 -3.51082028549397 0.0879682095422022 -4.70849836650418 0.0205739300506885 -8.40633453840041 0.000714805470133852 -3.47855882878054 0.100034802737987
200603 -4.0478763200148 0.241287251974159 -3.49663620922147 0.0920466416739317 -4.69985682421343 0.0218940560547617 -8.40090716823578 0.000796002987228297 -3.47524281308718 0.103231797843689
200604 -4.04937736874829 0.245345799750455 -3.51102202717639 0.0929799279975356 -4.71431686127146 0.0225280060092619 -8.42704688786566 0.000834977070084772 -3.48610549577175 0.104893600018546
200605 -4.17593991810217 0.225072053162642 -3.58626237429149 0.0883059634356585 -4.77318816524779 0.0219444998326035 -8.49524855424306 0.000828297515028901 -3.50960072237834 0.10515620318877
200606 -4.17111542882977 0.230056162145751 -3.61048907150066 0.0886068847827689 -4.78176658326748 0.0228112389167176 -8.49921655633985 0.000908486115977336 -3.5116773029809 0.107910330891847
200607 -4.19016889462069 0.231786278402755 -3.61260749052763 0.0910923155433591 -4.78633385581013 0.0238327982383335 -8.49927201240881 0.00100299741761087 -3.51161180850754 0.110981796714517
200608 -4.01720267835097 0.271870007485158 -3.53684679639712 0.10025588960578 -4.72471183355314 0.0268963171877643 -8.50984561309738 0.00105990866240345 -3.50764442351674 0.114187113430077
200609 -4.04776609921247 0.269674621850727 -3.54356553915343 0.10249821175281 -4.73393649708127 0.0279304274404769 -8.50890964941933 0.00117073425173973 -3.51783542230839 0.116158536529948
200610 -4.02479266761209 0.280376694492806 -3.5091731191484 0.109493063037564 -4.7168978985624 0.0299534683113914 -8.49939556962931 0.00131908963101965 -3.51950234182561 0.119485893879147
200611 -4.02777781030255 0.283990417271569 -3.53188271786542 0.110082207457035 -4.72130080152542 0.0312637235601225 -8.5274706887813 0.00139243765172586 -3.52054410094422 0.122643731554688
200612 -4.04448010087806 0.28440281058946 -3.53230933015671 0.11326451153533 -4.72086818059081 0.0328206782523292 -8.53191750393079 0.00152543852050974 -3.51996428835069 0.126155717247968
200701 -4.00115201186975 0.29854171728025 -3.5224525153233 0.117459435771702 -4.72117904778961 0.0343471882426766 -8.51985330723268 0.00170074935370147 -3.50664779713847 0.131258776128989
200702 -3.97466410062697 0.310729413245534 -3.49848043007517 0.12370519051267 -4.70908869620281 0.0366656241248729 -8.50715099183224 0.0019106092310005 -3.49944016426698 0.135867394951731
200703 -3.97073123528142 0.315954368128055 -3.50534018363915 0.125939516553463 -4.70443071975697 0.0385362146222734 -8.52143356420076 0.00204029382185826 -3.50434146636605 0.138775573451812
200704 -3.92189059479222 0.335845433381672 -3.51089753389546 0.129037736211931 -4.70917414111214 0.0402139653048125 -8.54184064631269 0.00218639497281548 -3.50105867106281 0.142971940627179
200705 -3.88768355705398 0.349524925065851 -3.45854169884319 0.139304324875586 -4.68590670230167 0.0432558377435111 -8.51264435432881 0.00251271370378292 -3.48281872184948 0.149399587493661
200706 -3.91531740629616 0.348214471647819 -3.4791536985822 0.140328790572446 -4.74644662224897 0.0424712228078422 -8.55086657597834 0.00263609631814374 -3.49831276611987 0.151369312919242
200707 -3.79475101554947 0.381796777012806 -3.38352151034929 0.156920465203809 -4.67401300722567 0.0484274551249021 -8.52983536508838 0.00314778023165325 -3.44135178801164 0.163831712928073
200708 -3.80512321715918 0.373575049034773 -3.42239161563214 0.154592511555235 -4.707626756034 0.0486434168872508 -8.51632683599135 0.00348674451014889 -3.39947710937085 0.173672717577203
200709 -3.83882664740312 0.372994200897142 -3.40375538149835 0.161371369923166 -4.69603487872903 0.0514739526918801 -8.54276773122409 0.00366557680409909 -3.42143991906652 0.174558109718255
200710 -3.96351070809047 0.347134677528492 -3.40055194241278 0.166023579239784 -4.70342449254904 0.0534062227341268 -8.53864591061053 0.00403446745017577 -3.41471348122551 0.179750098233144
200711 -3.61726065141803 0.439265909957664 -3.24313230687288 0.193630340032273 -4.64390306435918 0.0600067799262771 -8.40606906931765 0.00529555057786284 -3.26914875885427 0.207602481118623
200712 -3.50581463083841 0.469933427748612 -3.23556910262455 0.199397981220353 -4.64453448739623 0.0626339764363265 -8.36968567448628 0.00601652586206926 -3.24613361315105 0.215366424593357
200801 -3.42528672799234 0.519977189223715 -3.26693040635118 0.200915407266206 -4.68611399915009 0.063176458171996 -8.4027228494538 0.00638967366911941 -3.24321456855867 0.221867270344721
200802 -3.51337398040643 0.500453743885863 -3.31280174159512 0.198925798770798 -4.71956385693482 0.0641418609894571 -8.43501273110174 0.00688027760742334 -3.25076568767138 0.225783910553527
200803 -3.48949439376496 0.509596414524055 -3.2958032378547 0.205344419803167 -4.65681669564675 0.0711770459210422 -8.37864899051231 0.00808425984091053 -3.24377304616137 0.231720386874112
200804 -3.42346927852895 0.53684799092852 -3.3029174186733 0.209169141233605 -4.68561208689269 0.0726017252541717 -8.56463582963505 0.00710403572736839 -3.27377505934929 0.232036853940731
200805 -3.3175207235894 0.572178542498202 -3.30721573203649 0.211344829341198 -4.73012148924186 0.0719067526878394 -8.5135852799672 0.0080573947421548 -3.23193222029361 0.2440666230542
200806 -3.09437866392976 0.664076062687756 -3.03543537477207 0.265699272840269 -4.61336021980967 0.0857944308309935 -8.17144929318747 0.0141092329159809 -3.17420052344901 0.262164572514062
200807 -2.90784168852893 0.703937249593891 -2.87551425847765 0.297656418149322 -4.45879692102291 0.101078844322271 -8.1284156503604 0.0156097095416976 -3.21623330297063 0.258412487246353
200808 -2.91975775658864 0.703107248714627 -2.8841832239088 0.301105118619631 -4.4607221236701 0.104664489497517 -8.10766905308742 0.0168719216888623 -3.26685096378616 0.254652305056554
200809 -3.5536971777365 0.562955698274058 -2.88619507230308 0.310871271072448 -4.46660817035391 0.109772012515747 -7.29107982964026 0.0397125013050834 -3.24646764655583 0.267709351682211
200810 -3.20714200103636 0.83949482707942 -3.24998205512514 0.267539709115635 -5.14651539288937 0.0717338447175015 -9.14221220680766 0.012075044183761 -3.40038699411966 0.266378114134271
200811 -1.94485841872309 0.704319150799708 -3.09664289582621 0.302133357439658 -5.21166176726469 0.0729436637276322 -9.74543766697527 0.00875519574940197 -3.28591220277334 0.299076176161027
200812 -2.10344947809704 0.763491469659918 -3.1250564081194 0.301364614841677 -5.21515557173915 0.0760521320544384 -9.77630245066767 0.00925714338377261 -3.35648606186083 0.29182872228344
200901 -2.34192673891993 0.832238904857471 -3.05177720958634 0.329123627893849 -5.22637633110954 0.0825163701463797 -9.73417822737044 0.015860047002945 -3.69802984087559 0.250541888456335
200902 0.53901591110187 0.185983711433954 -1.08804765545076 0.84824843448533 -3.91204157247769 0.233103826104773 -8.00828522999844 0.105219242458496 -2.35624425591303 0.554422908037723
200903 -2.15301920197946 0.927795165108277 -1.98537598708517 0.558127561651783 -3.58702237549262 0.301960264691114 -6.65507976739901 0.276794019211864 -3.55550994606559 0.267162022309632
200904 -1.85369696737558 0.796109735424631 -1.79599629007003 0.619810757330568 -3.75559374667513 0.293379429623951 -10.2994484433192 0.01730094564357 -4.39240249151491 0.167190080039185
200905 -1.28130207663304 0.633005751738415 -1.7049846713832 0.651068841740479 -3.98706894083101 0.263393174462559 -12.1057892008289 0.0016075955914233 -4.40799708965101 0.170302570156191
200906 -1.34707986631633 0.657241669430696 -1.69942465779178 0.656891278051206 -3.95181956803854 0.274924164504699 -12.2303567157222 0.00158712360548007 -4.40905568000489 0.175634896992178
200907 -2.17807879510092 0.910049944072355 -2.50444169995436 0.457240033745192 -4.58209148489876 0.194143525018285 -11.5238053739595 0.00438746136966008 -4.67186875413312 0.15511588920541
200908 -1.71801750690597 0.844862903832202 -2.02607013466733 0.564425241663452 -4.1564107278375 0.244948005655113 -11.5592976730694 0.00500517362063823 -3.57837635535427 0.3110243683038
200909 -1.15685473965714 0.697261612860806 -1.87372982004312 0.60716386415195 -4.17701230483962 0.249527955858707 -12.2528022089933 0.00278914068856642 -3.38964754564008 0.350545301804213
200910 -1.20087934343922 0.713547822526168 -1.89370618411442 0.607560582667359 -4.28137277381748 0.242643765910308 -12.9886238367996 0.00166641109990161 -4.42328301747581 0.199570831396307
200911 -2.09396951386642 0.976313782238813 -2.16108227179328 0.546206817454953 -4.44745587094988 0.226669835176248 -12.8225989913663 0.0023244502523282 -4.72761197961302 0.168584730631268
200912 -2.08379526988376 0.972970711777696 -2.09579488062583 0.567214970757277 -4.31447172057602 0.25064756454021 -13.1190142151449 0.00206415228216752 -4.85215314570493 0.160358188370673
201001 -2.5326742268255 0.904168860006577 -2.25632139479799 0.537218460961817 -4.55456072093972 0.221444237331439 -13.5716889154999 0.00168956757962802 -5.08722571064633 0.140859400224028
201002 -2.74123013649143 0.842336702409416 -2.48039416639816 0.490681586099693 -4.70958887259108 0.206053776915899 -12.8188250355869 0.00361892344777242 -5.03884443354818 0.151748771914931
201003 -2.71834108086444 0.863355010921937 -2.52760725821541 0.48949766618569 -4.75403739708926 0.209983352756333 -13.1223872302597 0.00355742399526817 -5.13546371856413 0.151032603191995
201004 -2.51255297853501 0.8843531648711 -2.36714689433917 0.525646318884781 -4.55304731839741 0.237417864965677 -13.2860445266014 0.00340018839029235 -4.80373142248194 0.18612904272889
201005 -2.67691321299068 0.881032521955251 -2.20849618239591 0.575381912865732 -4.98220148255528 0.202820136018146 -17.3769166052678 8.40227882909602e-05 -6.68321749770029 0.0596663811820157
201006 -0.911404519825898 0.705163161169365 -0.601235572834669 0.970595882524662 -3.47975596183179 0.396228523539173 -17.3775692106487 0.000133031064846784 -5.15438582709431 0.161416095165476
201007 -2.63615468002558 0.817541026639162 -1.32299769222173 0.772754825054244 -5.111246316028 0.171421306326882 -17.6663868642946 0.000150785278270718 -5.54794569788499 0.134270214347676
201008 -3.41165685015594 0.634443522155841 -1.87190668614354 0.646005787920563 -5.56188801508188 0.140350405332664 -16.6820871361549 0.000442393784762065 -5.44173900972356 0.152383011023487
201009 -6.06069664958906 0.21746768334201 -2.79555906980855 0.463737688479191 -6.6776245362379 0.0775861704597934 -17.3078207999347 0.000403113909025711 -6.16547629171487 0.10565766206749
201010 -6.19881308626564 0.214264021397586 -2.96384293492358 0.440993796289847 -6.83259783791674 0.0752706816330675 -17.4565196054666 0.000412400343487225 -6.16231849342515 0.111297345991095
201011 -6.18059605153485 0.223204498831698 -3.00696223791805 0.440684409348443 -6.81858248995133 0.080494271546656 -17.3376235616346 0.000533899585854447 -6.10948067141439 0.120315742155077
201012 -6.87432097693255 0.164743289432292 -3.67287237982044 0.340652841202622 -7.62269059469816 0.0540301466398741 -18.3924813898759 0.000359684051657811 -6.37616828151641 0.113402233473882
201101 -6.76236844106837 0.177704209049386 -3.62925494612043 0.355177547314168 -7.5647662313657 0.0599303988771669 -18.3434184284826 0.000465284096035824 -6.26432823592973 0.125128893232344
