"V1" "V2" "V3" "V4" "V5" "V6" "V7" "V8" "V9" "V10" "V11" "V12" "V13"
199606 -2.56113767460404 0.172405231129801 -5.51553894047934 9.84833095590564e-05 -4.15027411575439 0.918937563256398 -2.68599640032905 0.241810961946216 -2.3974195982722 0.915171382638767 -3.5579560645874 0.157842450240152
199607 -2.55804818805532 0.173507316864265 -5.56218289357875 8.36397769543664e-05 -4.05808338770748 0.854047429741566 -2.70005688229986 0.235677947510177 -2.49904006497614 0.824548635461177 -3.62661071618275 0.136644372984672
199608 -2.56802633534012 0.172402255839607 -5.603613507565 7.85223591357206e-05 -4.06811585713505 0.861128041158232 -2.72069346001866 0.230277810140418 -2.55750446529164 0.792753752730858 -3.66722123751659 0.131376891657683
199609 -2.55214979478924 0.17977656363144 -5.56786176839938 9.85469571108391e-05 -4.04549001847405 0.844925933263319 -2.69646541168884 0.242414484966058 -2.49938992599379 0.849241300424753 -3.62422469574133 0.146354331590408
199610 -2.622612821924 0.156650767560891 -5.78557189604767 4.30147980087791e-05 -4.11763893680768 0.926026720262162 -2.74212219994736 0.223608854640329 -2.65611085207864 0.719877806764837 -3.74839598467849 0.112762493650921
199611 -2.56621764885823 0.175522111008747 -5.64217879097193 7.93930385211635e-05 -4.02951214648177 0.868647404734034 -2.68954089290705 0.245932095326142 -2.55304344509566 0.799944952874026 -3.66910499583371 0.13104704118301
199612 -2.57995131511681 0.172699113012282 -5.69524380494402 7.00430502154925e-05 -4.04261782617292 0.881368993191536 -2.70328044714168 0.242301993304354 -2.57901194839054 0.781214214195683 -3.67934086519301 0.129992551468069
199701 -2.58001541905015 0.17468262081234 -5.69852383668585 7.53653140356223e-05 -4.04078685890861 0.879990833647494 -2.70447940912717 0.244413214379668 -2.5751130902695 0.789915826683402 -3.67314662544223 0.133908841466815
199702 -2.56462095911751 0.177488644593323 -5.56255498280418 0.000120226607876939 -4.00122067800039 0.884735379811961 -2.65296910607562 0.263559841795781 -2.44117448214978 0.882263143983954 -3.60487725897307 0.145701634055203
199703 -2.56410780897922 0.179916742074592 -5.56630170239214 0.000129583443996746 -3.99331867663764 0.87559187795977 -2.64564325833447 0.269859379037718 -2.42818254300838 0.899181134760154 -3.60082763157563 0.149645871808614
199704 -2.60170442177086 0.170219362968802 -5.6770701811433 9.56409277285024e-05 -4.07395572937319 0.932279163434693 -2.68887726117526 0.254854308730432 -2.50416821648545 0.851757145787499 -3.66864414654813 0.135860954273911
199705 -2.71803174852399 0.136735978812412 -5.95598575959615 3.46501323117027e-05 -4.30484704006828 0.870718402247295 -2.79096460415926 0.214598568768904 -2.68551704212361 0.707959134816067 -3.80709125020808 0.102583167582769
199706 -2.72430694807044 0.136754600030833 -5.99739594064128 3.21795051861316e-05 -4.3265660951757 0.853694589040038 -2.79937137023003 0.213628643910409 -2.71988175343376 0.685689224911735 -3.83416587679752 0.0987638249533426
199707 -2.69361343897891 0.143973601975536 -6.03032592820187 2.81134941799871e-05 -4.32323866215816 0.828572882057057 -2.81128240347674 0.207883748268587 -2.82390589614432 0.602871704692528 -3.92009909643527 0.0811744787773376
199708 -2.52357889901498 0.189753558896219 -5.82930819420704 5.11603301135508e-05 -4.05300178350725 0.968708753949071 -2.7619322122304 0.219722701109999 -2.8171434245325 0.58063006372541 -3.89676497449272 0.078016805058779
199709 -2.82147599732414 0.109246099730168 -6.26811543041945 9.46473890381526e-06 -4.54973302699593 0.582954975294028 -2.86010190233501 0.183555520340609 -2.93238595453413 0.494011182297673 -3.95684262731817 0.0658976685228345
199710 -2.39685363589324 0.235094462957555 -5.61565402997743 0.000101217952687144 -3.79981206268907 0.882644639093225 -2.74729936057112 0.218419056417502 -2.72365074002221 0.610129045830227 -3.79449444657924 0.0849677427959848
199711 -2.3973523000518 0.241356135673661 -5.63491473576576 0.000107660761754464 -3.76629553633794 0.832642756531788 -2.74790762993642 0.220325852897392 -2.7249564791582 0.610609706763887 -3.80056041591033 0.0851920525788283
199712 -2.04234770457639 0.393725065911254 -5.03939497487573 0.000625902042403283 -3.12485328292889 0.469153272084367 -2.74102733850743 0.212180162738573 -2.69483860556605 0.587141613120068 -3.84892406457726 0.0666931489377463
199801 -1.82113328705698 0.515837143498601 -4.66373445982862 0.00184354229105076 -2.75844549167823 0.309286674804918 -2.72022025573124 0.2147628681953 -2.68279548705026 0.574417960505157 -3.98422362136455 0.0465638594535126
199802 -1.77993469866393 0.545995917927813 -4.61130291299292 0.00229850985777635 -2.68726288120367 0.279642951504378 -2.71618909739404 0.217958395178139 -2.6864735717993 0.572347969173809 -4.06402833105299 0.0398873537279006
199803 -1.8557228128963 0.504838345246021 -4.80940179094334 0.001396493397678 -2.80294842550535 0.325834920438667 -2.73420030015714 0.21393970953972 -2.70937686540651 0.559216167276865 -4.04789778238581 0.0422515737023686
199804 -1.83811076975393 0.525850288989899 -4.84410346300059 0.00147425464523125 -2.77293810843848 0.295708935071068 -2.72469110019669 0.219838357961424 -2.69282342474477 0.574020312859266 -4.05248966904264 0.0428106746496668
199805 -1.88702533675498 0.501182099401026 -5.02672135409987 0.000959559844839287 -2.87790977215234 0.336513025594533 -2.72050557157586 0.223352907942757 -2.6956045513971 0.573461800611316 -4.04469948241366 0.0445094001091014
199806 -1.89755242486456 0.498544214664002 -5.1027843495062 0.000847950271140263 -2.90135703650056 0.343498135251985 -2.71874860007146 0.226652038334395 -2.69551935753296 0.575377870613025 -4.04414775473028 0.0456234436083471
199807 -1.80135129245351 0.548546198552641 -4.68513352071604 0.00279253116683402 -2.62976134733133 0.249685187359643 -2.78628917990107 0.199662794148267 -2.62423825143974 0.603688391575636 -4.03244513285375 0.0442963701001406
199808 -1.77174650180318 0.558091489968807 -4.37144610594984 0.00620539820317572 -2.43697744055942 0.203467416182058 -2.84231834963902 0.178935334584865 -2.51617697896136 0.653843807624425 -3.98146425665846 0.0460918928965334
199809 -1.84414825038977 0.512099882223279 -4.35785784231608 0.00647551711606695 -2.53671091513477 0.247825548998613 -2.93106791773925 0.155738772130394 -2.5904023394878 0.601367861863028 -4.08800913891805 0.0367320478939103
199810 -1.83996793988328 0.517406684976967 -4.36882154065945 0.00655200055045017 -2.52396359503204 0.244929627941015 -2.92040885236997 0.16050565975908 -2.59024799243215 0.602623384045953 -4.07880758146497 0.0385490643834263
199811 -1.84251859232158 0.513649788198047 -4.25530735906785 0.00878734251392433 -2.55922975802636 0.270235716085515 -2.8902922531352 0.168667358659744 -2.54767266421234 0.621069727083809 -4.13748665027964 0.0337992228908042
199812 -1.84588865227251 0.513397499147728 -4.2384295200204 0.0096019735331934 -2.57808591700404 0.278734896494594 -2.88485916838157 0.172564106469295 -2.53929804705046 0.630059299486519 -4.14703555725782 0.0340538167891318
199901 -1.86142710886412 0.505194270895581 -4.17028452475336 0.0117884737989391 -2.69757676038462 0.331923784975351 -2.86414937958048 0.180472926857744 -2.45393592574181 0.691343659085061 -4.20906055638328 0.0299872721153307
199902 -1.8560540796406 0.510271379962004 -4.2055273719203 0.0113115492148876 -2.67866816606424 0.318636694808364 -2.88766085110905 0.175768774532934 -2.50690992976208 0.663159833712494 -4.20899560799486 0.0308192145318165
199903 -1.80433066487251 0.543289112241322 -4.20285518003127 0.0115484876981853 -2.43046984818807 0.190377762454773 -2.94884997137432 0.16042448832613 -2.70950786109916 0.5410551053772 -4.14844362609685 0.0357630237434406
199904 -1.73157014018877 0.589769300453853 -4.16185680408969 0.0128330982896335 -2.15882852467653 0.100996798650104 -2.97899998265883 0.153921291760696 -2.82382560504448 0.476228822818656 -4.07969394739336 0.0420405109724976
199905 -1.68279184428619 0.610658346299554 -4.17257624065455 0.0115402203888155 -1.62195509630385 0.0356762270102807 -3.12017399460918 0.119412520131671 -3.30505996154278 0.248175292365561 -3.96237911593056 0.0485387377743981
199906 -1.69205473876939 0.596817398440735 -4.26008702094971 0.00892115024351977 -1.34135316382873 0.0200847408022017 -3.23938506914285 0.0960942909580678 -3.66215919751325 0.142120620801004 -3.94155194876895 0.0485739331569895
199907 -1.70732379798306 0.571837010447689 -4.40765072624536 0.00557920875603728 -0.805675912241965 0.00549236776834025 -3.47903268862833 0.0595015610470727 -4.1735866916305 0.0544460939791135 -3.8741011562579 0.0506180097255173
199908 -1.71220149854574 0.570626533681634 -4.43252815477435 0.00548012587475984 -0.750288744921068 0.00462052646995298 -3.54955281674996 0.0536502441428757 -4.28691837171224 0.0463956043277836 -3.86806328176801 0.0523157509049429
199909 -1.68310886346115 0.585805833400508 -4.43016689302569 0.00558068098789276 -0.501527342075891 0.00205162592392916 -3.65321567002497 0.0443387909450825 -4.46375202342026 0.033366993739523 -3.79731868681219 0.0607847821474989
199910 -1.68408801676772 0.586865153402171 -4.43136788849057 0.0058030238312904 -0.460692916556327 0.00169879163587306 -3.69164194843219 0.0422974329168161 -4.51671989986493 0.0310982504533509 -3.79149772140075 0.0628484649510644
199911 -1.66300451916626 0.599242582511232 -4.40284874780397 0.00629977621089656 -0.604471572972054 0.00271123325014936 -3.64467249771927 0.0477056839605785 -4.43149548348003 0.0388198770109386 -3.74140961844696 0.0698507397883036
199912 -1.67653144402877 0.59544273017098 -4.40972212930637 0.00650387442626438 -0.607154412646382 0.00287144337979869 -3.73258428884577 0.0413974250371896 -4.55487907972281 0.0318367424050014 -3.83732022011372 0.0611991516962139
200001 -1.60374233307374 0.645196063761983 -4.34319453032306 0.0077776098454761 -0.511740255491455 0.00230359584543766 -3.70302900509369 0.0456625961134276 -4.51083574076363 0.036433824281933 -3.70496904406674 0.0831716744939751
200002 -1.58879598018382 0.599442978967874 -4.0319865310448 0.0099552714693633 -0.673712245434821 0.00623253485395035 -3.70176270472291 0.0387164321555963 -4.74582219070117 0.0162847877518822 -4.6060545430523 0.00972740521883864
200003 -1.68012775094015 0.546573388361842 -4.07053866685037 0.00845662667371062 -0.863270998960375 0.00919253090463119 -3.81811171764082 0.0289568630586063 -4.9532418219481 0.00852734877496532 -5.32772885836033 0.00164167117463943
200004 -1.37291954757621 0.730592329540312 -3.82961452015751 0.0128557980530313 -0.435190279618558 0.00265883252357658 -3.38678628577451 0.0656851362284092 -4.20289608569602 0.0389243668347204 -4.55142420681021 0.0119811165596615
200005 -1.05240193007869 0.911712507889632 -3.67490320513455 0.0144542883753435 -0.0079730676083134 0.000926624376170782 -2.90781189525688 0.136199907834945 -3.44082587900547 0.118813222671774 -3.44375457749555 0.0975539552539912
200006 -1.06928630943195 0.900889998410886 -3.68207611086233 0.0147744072361794 -0.0384236241639968 0.00114205109535286 -2.88419343008874 0.1460374249995 -3.39112717079542 0.132619477665256 -3.49736543919539 0.0947778329712417
200007 -1.09171330760893 0.88552746708555 -3.64532912032431 0.0165500863693422 -0.249980126543026 0.00242647700009641 -2.96114544387813 0.132656792798078 -3.48257044326807 0.117826416547141 -3.74670848437395 0.0668837491714479
200008 -1.12950448587217 0.861157640921122 -3.6561162107922 0.0167722548862127 -0.453079504269227 0.00510710949538759 -2.90564713897699 0.14838963096718 -3.38302800770141 0.141452665374037 -3.7617329364658 0.0717113982615285
200009 -0.97327541860035 0.966476211113209 -3.65609890995249 0.0173968378169988 0.939187714917966 0.000161168435666665 -2.95725100541191 0.142525830588435 -3.46772715368815 0.129851985747461 -3.72500217385368 0.0884905294800533
200010 -1.03599058012045 0.933057462712965 -3.6350840211242 0.0188901745905869 -0.0374028642664781 0.005818227350937 -2.81535888098576 0.18495325421311 -3.22859642292284 0.194985512585548 -3.76688041701936 0.095404697406159
200011 -0.882442049516441 0.968194889658356 -3.48437370314738 0.023521509600928 -0.689090020464955 0.0845666343459852 -1.9563626281426 0.508405611064404 -1.82687512911752 0.78772263371371 -3.14103669706098 0.260427071811014
200012 -0.848608312404608 0.993771761030734 -3.55452918945418 0.0200601195534503 -0.365398451333099 0.122064832186121 -1.60825005004055 0.696571636814672 -1.26435697457579 0.87134189160395 -2.8618562323669 0.376357318827319
200101 -0.88321728227907 0.980810194395243 -3.5623761918848 0.0204764736199681 -0.282652387116045 0.173426185680664 -1.44165803291447 0.802184161558354 -1.03416357046904 0.724118305441641 -2.63411169168124 0.495788001761073
200102 -0.879061489330901 0.984909401960425 -3.56358913081822 0.0211441906834627 -0.186374677433787 0.155498570055635 -1.62845860766816 0.697266844650094 -1.24749141667599 0.857749756703353 -2.8029218184096 0.422895722516854
200103 -0.705105635364967 0.927963520806051 -3.56016253170481 0.02194757027619 -0.204190996777909 0.162963382304563 -1.5351673569536 0.762410375620898 -1.22359785998489 0.838163191150313 -2.39495250901205 0.624075346743473
200104 -0.743973112756935 0.973575593043427 -3.63073322055059 0.0194924133441265 -0.21451602329936 0.168582231360776 -1.4568870420312 0.812373913319172 -1.15229720158181 0.799299083324077 -2.17430534341649 0.744783207787967
200105 -0.623589378592571 0.91745174015545 -3.65958927893526 0.019001527584835 0.0267266637892782 0.156589350001812 -1.40999427965836 0.853418815022431 -1.09179971413607 0.758263500554329 -2.05042710870822 0.825018926426798
200106 -0.487010964517975 0.836228250984191 -3.66006714752147 0.0195018145112495 -0.0748803920656904 0.198858797905323 -1.60307406647435 0.740819123446563 -1.26820143803612 0.870928657757618 -2.18273578771209 0.749624794471149
200107 -0.406628005057752 0.78326999570035 -3.63109215427664 0.0213947248456757 -0.378120895481682 0.500208031661379 -1.7406968778928 0.672985439922413 -1.27813180428473 0.866710073941881 -2.31114983198497 0.683566876638227
200108 -0.390558031372401 0.767881675031905 -3.46570942049065 0.03009440450874 -0.893397654517769 0.859066048110733 -1.66257772069485 0.737287982946432 -0.977852414993641 0.6726602991261 -2.06419268107061 0.846084609331929
200109 0.197294778903978 0.468362755335949 -3.45414600795277 0.031992766147882 -1.40445442481181 0.724993514545914 -1.90386960442517 0.607506861582352 -1.12230460663294 0.752637171497341 -2.33027476991112 0.692600008575624
200110 0.304678223904664 0.419356905337907 -3.22797917409452 0.046014722503479 -1.40288134690227 0.729875111450821 -1.62463853553123 0.774493840630643 -0.562877599433831 0.452082154554216 -1.85819364800874 0.969795566480874
200111 0.479933642267882 0.345265154747064 -3.33231751514567 0.0389365333708537 -0.95879812857238 0.958962514412971 -1.32766472705119 0.955019645181871 -0.536644378616291 0.433632792135695 -1.18756068534753 0.674459935461346
200112 0.454132106409311 0.357254345453057 -3.42286675658601 0.0339751958975438 -0.831386125135625 0.962351721915319 -1.1110688692219 0.907145638396644 -0.322916695281505 0.336796670697598 -0.772332897533068 0.459917682741169
200201 0.233648070551196 0.457394796699769 -3.35023887754737 0.040220784035588 -1.00121460978408 0.93253767356106 -1.13085235125008 0.905647944575636 -0.0274826850798604 0.225503336132679 -0.849257921837898 0.486918335991478
200202 0.404710655064111 0.378758356177995 -3.48055741507136 0.0332850912620158 -1.18604565678606 0.822350676170151 -1.43891878558224 0.911420408921254 -0.69972925882047 0.500054579532737 -1.31601385099644 0.748166164691369
200203 0.418635479062579 0.371798221657635 -3.29033274208541 0.0478813457349568 -1.49744064732813 0.638445990687364 -1.89082401227751 0.640513423422036 -1.23858106770514 0.784439662281807 -1.95298491095424 0.847185389183378
200204 0.364819086111434 0.391921829140632 -3.27070198299511 0.0522499555830355 -1.61464732796852 0.585648610623204 -1.97557783661728 0.610681231045313 -1.22089888388763 0.741362708092986 -2.07104108581304 0.799962200408341
200205 0.366509474242638 0.391724166146784 -3.13710248545087 0.0674444201827597 -2.02155922911986 0.385962265925574 -2.28410704587683 0.428635443750251 -1.91141829402073 0.812009127460326 -2.89117656099314 0.347560057005099
200206 0.352414934533907 0.401265430110727 -3.14403876504818 0.0689281323669811 -2.25389887431648 0.293030424225923 -2.33991044410709 0.373322755154783 -2.47446971991767 0.472060013913931 -3.52860119574074 0.143556072576745
200207 0.354247432557997 0.403431798865635 -3.12450322698334 0.0730904138400974 -2.31602877128385 0.275798633664248 -2.29455273459689 0.386279788970935 -2.63194564750695 0.399981025618053 -3.73638345070564 0.107922671776112
200208 0.329340041697623 0.414729288700419 -3.11234530069593 0.0763334061632321 -2.3245543612781 0.276173777632645 -2.21983694571153 0.418228884035216 -2.65706302364008 0.387573638882966 -3.76933495298082 0.105093280472776
200209 0.423968335518166 0.37466742394754 -3.15065540952504 0.0735828431381335 -2.27629340286546 0.293950277132445 -2.1462560280942 0.452103323139417 -2.66229826080995 0.388619363377081 -3.81038950665848 0.100583006018879
200210 0.486738393339892 0.346446454480121 -3.15788086743916 0.074908579913349 -2.27300256813017 0.29896609438984 -1.77627657945445 0.62128205271869 -2.50285150562404 0.441579213938988 -3.8174990714362 0.098809599376985
200211 0.530023678908642 0.326781210865426 -3.36124776101387 0.0550033189934134 -2.31691747755185 0.28898497767655 -2.04302745068403 0.484680637198561 -2.55013815065066 0.393251201266454 -3.82800239718251 0.0959040613439776
200212 0.626606935545249 0.293343782940412 -3.38354720737997 0.0549911204210144 -2.26743781205463 0.30933523644845 -2.12022156266143 0.453073818026109 -2.56755626395007 0.383989854224151 -3.85825304787704 0.093933507070318
200301 0.602607807556588 0.298524416839769 -3.4423671234147 0.0522228661183792 -2.19391160872675 0.338915906979901 -1.64302474884377 0.66694274723653 -2.19796162854695 0.516194925926105 -3.66414945151137 0.118886300834267
200302 0.592348052418179 0.297100993442924 -3.231101582361 0.0740656997411868 -2.21165514944712 0.339566308716519 -1.49028682727084 0.755193430950223 -1.95058802313299 0.633303041155605 -3.6158788058225 0.1298255367443
200303 0.764323213078788 0.236877613038962 -3.15896662355355 0.0859439341524509 -2.04046153107393 0.408596052159685 -0.952711382791604 0.9549818408242 -1.4007708087699 0.910118546257581 -3.33603943667498 0.181127648348205
200304 0.886124468744498 0.198049727848071 -3.15551460985715 0.0905270545618289 -2.00765237237863 0.42885265690974 -0.78258599294927 0.852959469015453 -1.27292994931159 0.986877245537854 -3.28250076059844 0.196829305778875
200305 0.908396239981168 0.190543881722213 -3.25841047293611 0.081108821478893 -2.01632811153822 0.429966646844893 -0.848819091268482 0.886687338257014 -1.33615462653869 0.951170367033676 -3.2925658760852 0.197299425623479
200306 0.876781005845373 0.199333327172301 -3.16831018121759 0.0941386793487977 -2.02464843433523 0.430517603911362 -0.81841877521831 0.869602695212358 -1.26981543752278 0.984220611928976 -3.287428432418 0.201472603641054
200307 0.885411372439637 0.19822439289922 -3.00680345054876 0.118506995645426 -1.9894658928457 0.448099992287705 -0.718411897927385 0.81921963035637 -1.11523725860034 0.947248986426636 -3.23827801687318 0.213567320951063
200308 0.901131436355118 0.196987275002243 -2.96723691029268 0.126915118411101 -1.9943920218743 0.448248788017296 -0.67507304895571 0.798613498441125 -1.08968480746903 0.938569067878986 -3.27138979879373 0.207821371271351
200309 0.909751497997757 0.197893277263371 -2.91334566131527 0.135112927426561 -2.02526655887159 0.43895580401303 -0.60734325301568 0.770074778599476 -1.05077823656643 0.939727428750612 -3.34782066379127 0.190833765616693
200310 0.835566916760921 0.222039705662731 -2.84663502743587 0.14830804988625 -2.00643767131183 0.447375268465181 -0.617469105603363 0.776844975037134 -1.02787887319646 0.93080446394443 -3.34415609436327 0.194649475630671
200311 0.866176017205511 0.217720296304537 -2.83523883059651 0.153023663789402 -2.03343385431138 0.440318294830216 -0.625660645698956 0.782791033780429 -1.02428500334832 0.929679234303378 -3.3333907741351 0.200655794401642
200312 0.839031026922366 0.228041844573409 -2.87781886043506 0.147031903271143 -2.0226986444112 0.447745343782833 -0.642491909430398 0.793622878943115 -1.03654792852204 0.939899841871349 -3.31838464702296 0.207169976973413
200401 0.897553471742363 0.216834435366304 -2.88622214465371 0.148569495732809 -2.0405466272873 0.441708434498596 -0.600597496353816 0.779424893609521 -1.01639175375294 0.933242393185098 -3.34523359703909 0.200994231978985
200402 0.892335373648245 0.221708160908623 -2.88280090759432 0.149344223068861 -2.07795824048254 0.431251733934663 -0.592088484964259 0.782537726704098 -1.03010258194181 0.960240019963277 -3.41272853267864 0.187525105207705
200403 0.892655231196704 0.225088706917655 -2.88777428621465 0.151342896375215 -2.09612462858779 0.428197182832686 -0.593456071131215 0.786654999964009 -1.04427562603635 0.971278316752265 -3.43721831511192 0.184962714316876
200404 0.928280952028648 0.224575540070046 -2.92835156284443 0.145232700026521 -2.08806949123257 0.435340570248593 -0.597021236093487 0.791103090309303 -1.06298401782225 0.992066683783108 -3.47908215259987 0.178212248755544
200405 0.979741154466951 0.21720131680136 -2.89406879002971 0.153962441087337 -1.96154082783717 0.481985785386009 -0.540819574129459 0.774075943035322 -1.01656167286341 0.979005123171841 -3.38231776981019 0.194998454285042
200406 0.980059848518899 0.222661936546597 -2.87837719405897 0.159565602710344 -1.98901808216416 0.474081437374247 -0.541348605723502 0.776046206204523 -1.01167502902701 0.97778227320901 -3.38481400028265 0.19791445599596
200407 0.980979082192612 0.226055422156121 -2.90411246476399 0.155582778239121 -2.02704625177659 0.461861163040378 -0.550153427249445 0.783809717195785 -1.02636339730966 0.991173317836477 -3.40296482806377 0.195127929277164
200408 0.987303692199126 0.227751961016517 -2.92023795776142 0.156067069836327 -2.01737840195482 0.468888338248716 -0.540724445157181 0.781712095476177 -1.00214494846376 0.979825641537262 -3.37078525748926 0.205372921499588
200409 0.998087908061107 0.228490664293562 -2.92880787896725 0.157894443554222 -2.00404179714395 0.477377205616748 -0.537842753899076 0.782717759270408 -0.990847370764958 0.97467553142911 -3.33484902671344 0.216961482115896
200410 1.01159026954021 0.2289133129421 -2.92564672067899 0.161724299854584 -1.99862215829052 0.482590437602431 -0.537863761568858 0.784407315798917 -0.993914706894916 0.976298674800458 -3.32876674662062 0.22232451250197
200411 1.01054114078134 0.232981756902681 -2.92205049788092 0.16569280273631 -1.99423114855892 0.487428638133256 -0.534156084563309 0.78460680387757 -0.994122835454836 0.976841238373475 -3.34199520398841 0.222768949417509
200412 1.00988730699417 0.236919956583681 -2.95903040973604 0.161899676354071 -2.02011514278353 0.479837849827243 -0.533377214182584 0.787569161927919 -0.98867053849323 0.977930063154911 -3.32524670093413 0.228238902319101
200501 0.991236476774071 0.245887220921367 -3.00410048100292 0.157325047344708 -2.07517201259477 0.460504884026613 -0.559637855899164 0.807991398755736 -1.0278459992739 0.996223130091869 -3.29758821993189 0.23359316765482
200502 0.96053641058681 0.259503662764 -2.98615015896719 0.160209291570104 -2.06845841352659 0.466425364484806 -0.555054901030338 0.808579667021453 -1.02533519210013 0.987154697175095 -3.22439982660001 0.252515847669897
200503 0.953298507935629 0.265358534185015 -2.98631568127057 0.163617442408989 -2.06919833356809 0.469152808139328 -0.548348615606797 0.808893533329517 -1.04234891211239 0.975344124984926 -3.19843867669749 0.260328462488689
200504 0.960046946922533 0.26723104231407 -2.97665943825902 0.168781590882346 -2.05103644609304 0.47909745502475 -0.534353451198522 0.804579095467098 -1.04469024482352 0.973626333557153 -3.17126373257919 0.270537286259141
200505 0.899419780184252 0.287418708225972 -3.02575097410103 0.163821075434262 -2.10428262208717 0.464172332355381 -0.544618431517363 0.810848872741585 -1.04803465321066 0.972205784787083 -3.21096281075419 0.265519899993668
200506 0.965093439775699 0.275984648554768 -3.02682556652925 0.167152920610959 -2.10036460289371 0.468477753352805 -0.538511525845475 0.810072571274398 -1.03554652726336 0.977986734461889 -3.20755085072124 0.270328092058551
200507 0.962309335493516 0.28082143158678 -3.03206029895033 0.169855035304049 -2.10883591712989 0.469115371558797 -0.533998062976204 0.809921585967973 -1.047672003662 0.971876146082808 -3.20657131482622 0.273947094517523
200508 0.95856974705093 0.285924382210843 -3.03803851729416 0.172786283965734 -2.14317652503353 0.462002216261798 -0.535064893484183 0.812192765964397 -1.0566320706066 0.968334302147174 -3.2255295933169 0.273784227281093
200509 0.958521117499367 0.290134155504629 -3.04270296277431 0.175823839498209 -2.17700669245999 0.454979411112959 -0.524789776022661 0.809667914296225 -1.06230370867908 0.965318260127867 -3.27055057727326 0.267159685401361
200510 0.977807468698444 0.29067590268709 -3.05947658816303 0.176690996643323 -2.25589455662778 0.432341687470504 -0.49018735574391 0.797610732236905 -1.06147377638564 0.965188951530698 -3.3433933900461 0.254001279352039
200511 0.943996831473015 0.304310289322597 -3.06226646978016 0.179928108305102 -2.23083478394599 0.443617557663812 -0.508500835178638 0.806953912176179 -1.07046824501655 0.961633842282133 -3.32988010182254 0.260828749868916
200512 0.968271997598902 0.302131055625083 -3.06090451422456 0.183758909774984 -2.23104521601476 0.44788293335998 -0.525600303989626 0.81568487045591 -1.07712086824299 0.958544985171839 -3.3169888878094 0.267869214186308
200601 0.909724470707551 0.32458548168383 -3.05981747386102 0.187887651519618 -2.18534517390043 0.465085045934376 -0.556765585101693 0.830884032199279 -1.07790590393806 0.958782615799047 -3.29629506434335 0.276485702059611
200602 0.907794478287116 0.329461969891421 -3.07429510350201 0.189075342375111 -2.26994946993457 0.441749335656596 -0.492315590779913 0.807569234169011 -1.01178028845621 0.981864581575949 -3.36711884299667 0.262368836528358
200603 0.937042361646978 0.326979728256722 -3.07049452561028 0.193830458142134 -2.36741056261394 0.415101169739898 -0.438991006341571 0.789277676999403 -0.997832476977956 0.986763257599873 -3.4333870830288 0.250928758260854
200604 0.93474944924562 0.33212285946958 -3.09470217847676 0.193718515101857 -2.39839279352341 0.411466745126605 -0.429106766070086 0.787115730097008 -0.988964837134421 0.990065506051822 -3.46010488632273 0.249907814394227
200605 0.93478074861314 0.336584928586405 -3.10777723883688 0.195641243942254 -2.45788974171588 0.399183653393031 -0.420572076397252 0.785180061629827 -0.975362213922248 0.995771181062784 -3.48144079542303 0.24978072631822
200606 0.959532260058293 0.334320912839703 -3.11899311282664 0.196503646601405 -2.43612407955227 0.409417325148433 -0.45397224712167 0.800213835458196 -1.06702741554794 0.956409000415406 -3.50128813273343 0.249276191563081
200607 1.0127428578749 0.325342428253967 -3.12312987068475 0.198734628541045 -2.42286053071574 0.417609581942799 -0.492965702616632 0.817641964911704 -1.15734148027422 0.916171108884586 -3.50751512363625 0.25141242471612
200608 1.1040366080218 0.31049127562437 -3.11613311123131 0.203867209501509 -2.46304349737425 0.408388267772834 -0.447331574998677 0.802498603263881 -1.15735871827665 0.917166780143547 -3.48519747541376 0.259589719322185
200609 1.11013784574406 0.313636792996151 -3.1189259614316 0.207771722064047 -2.45056437781279 0.416409638687038 -0.466405728975516 0.812308968336699 -1.16969160451821 0.91204077681595 -3.50886526271998 0.25889330349779
200610 1.14110244848302 0.31247978761679 -3.12854219682677 0.210257507814858 -2.46321693119689 0.416671323855207 -0.453265682087944 0.809171051851022 -1.170037629462 0.912889985664 -3.48753815581808 0.268108926564816
200611 1.13863951513875 0.318004475180308 -3.12135877779502 0.216035419347407 -2.46459112628201 0.42099556115962 -0.454251506759262 0.811463123211237 -1.1797210304024 0.90968427693632 -3.50615442427256 0.269377674512515
200612 1.10613242022015 0.331051180915821 -3.20913310388329 0.205435392563219 -2.53804416459327 0.405611366129065 -0.469478904715803 0.819349579312217 -1.18569197362781 0.907849178393237 -3.49393640982856 0.276116393067263
200701 1.05565791888841 0.34904436392466 -3.26059966105228 0.201943518717681 -2.59273798224511 0.396241834976695 -0.491655179123596 0.828969417488368 -1.18882159825502 0.907852880035644 -3.48591457234648 0.282535699490476
200702 1.12910413483864 0.335010439035428 -3.42692199431864 0.181090093980386 -2.63547847865706 0.392521428106825 -0.515921223436244 0.838813818788184 -1.2627341437188 0.880417396956774 -3.52028085555178 0.28046834512559
200703 1.21808346826957 0.317323359315181 -3.5462032268293 0.169534682008136 -2.68180275420269 0.388468900195673 -0.57210207121392 0.859210544146806 -1.35439417720469 0.847642392105982 -3.54864366845689 0.279487743865916
200704 1.17970791989502 0.330005140667599 -3.666517565006 0.158754942344812 -2.91210954472789 0.340171508448299 -0.70951235262029 0.909270797190535 -1.45527259972722 0.812816160476022 -3.62548721621885 0.26789055739663
200705 1.17662468023786 0.334139290282395 -3.7056614182146 0.159051258617847 -3.06954793573129 0.312911420441079 -0.789649866018327 0.93703467852231 -1.53112556267199 0.789552062412537 -3.65747820930615 0.266498354470137
200706 1.21335572073842 0.328815488414347 -3.63331410683589 0.173855664948528 -3.02150645506067 0.330602694753495 -0.729280996741655 0.910910300392688 -1.46965286307219 0.815869682344275 -3.62718187394984 0.277244625613854
200707 1.56384618505238 0.2566251986088 -3.56444984719999 0.190071357227335 -2.80270126557709 0.387187349825738 -0.569627316751653 0.843377598517189 -1.46482070267944 0.826606067651984 -3.56568145692171 0.294058780862988
200708 1.75200885653174 0.225498155150587 -3.73771848298123 0.171722206931413 -2.74467493723483 0.408414408302177 -0.539341836583573 0.825371332476707 -1.57493195200586 0.794766062754328 -3.56720673440667 0.299841018124425
200709 1.59357770765527 0.261619629801695 -3.31837755899682 0.233879083548389 -2.71230890766849 0.423890181735358 -0.412548913485167 0.774301720807043 -1.17573072836543 0.928957857178336 -3.4425898662287 0.329920503783303
200710 1.63461112714237 0.256654022869414 -3.04394836135085 0.287499529744769 -2.3875831735672 0.517085340985367 0.13783211067776 0.585846368578206 -0.606449096436545 0.871769563189435 -2.93800472008159 0.451457401106106
200711 1.89204524704839 0.209202278158772 -3.15704026763182 0.279782476843435 -1.87527550402502 0.689047405792441 1.08030541311359 0.316186329057431 0.173661183522023 0.596256813884563 -2.21764585139081 0.673334421041715
200712 1.73247793691832 0.23260578029718 -2.13671596798233 0.524274763713544 -1.50194048529737 0.837391488190956 2.00321720094884 0.139658213681845 1.43763279873438 0.266511844950873 -1.50365834831321 0.932979474489277
200801 1.85388803387857 0.209649542696723 -1.7530157231809 0.653833968940453 -1.36696490032602 0.912813977290291 2.54651108848887 0.0756611002736031 1.97285412020031 0.168487438309674 -1.30996302473827 0.961708764584678
200802 1.69651247759797 0.232157819414949 -2.16822974906656 0.561900959769332 -1.83464674828038 0.796023663525147 2.48159469728286 0.0664749715927185 1.92232288150551 0.162186762977984 -1.83017832883146 0.908147780073215
200803 2.17871290495109 0.15288794817721 -3.75609686799605 0.248880908716016 -2.09484419249957 0.773360806260997 3.3835650520184 0.0171754667874537 1.91454249566413 0.139517302613842 -2.09083884387751 0.896886581734435
200804 1.65377750816655 0.229482784579388 -4.63221576187287 0.156534022231843 -3.58040789027181 0.417303966994322 2.54098764591617 0.0349754866381273 1.53567437229232 0.166994810131585 -3.48957990962298 0.549487271760472
200805 1.49774768152596 0.261890890944885 -4.24070689084786 0.221892139054324 -4.05159696833881 0.367302884875539 3.0614841307341 0.0166144172560923 2.57686365876562 0.0617779524165727 -3.40518043878162 0.676522330872888
200806 1.62952272826932 0.245515907939774 -4.6258943127403 0.191490695094253 -3.9279258953222 0.465393537330651 3.60416680488164 0.0081671864253211 2.94511781931265 0.0395200250058757 -3.39766029399928 0.83594532982554
200807 1.64449949417693 0.253491917414329 -4.94519043879464 0.166826503920602 -2.87293273870464 0.830089725891182 3.91238195342477 0.0057609803072421 3.05680229198682 0.0352268736031909 -2.810228051638 0.787407131154057
200808 1.68329670513283 0.252919546511521 -4.46536033001987 0.235771456143073 -3.21333177753529 0.827853629638478 4.04988117284616 0.00520893401507865 3.47376317992009 0.0238432959275694 -2.95257288596238 0.642843670065789
200809 1.72784739298469 0.25118524216228 -4.12901688579159 0.300005607791753 -3.91050528796559 0.759344904998261 4.08397435562869 0.00549349100311271 3.78263793071746 0.0179032860414523 -3.34275487536553 0.527031071792101
200810 1.71359799199793 0.25657018554841 -3.43679639612888 0.420427414937143 -2.82536555498611 0.848235702745057 3.92060568249533 0.0076589337820933 3.97181126331507 0.0165358770666316 -1.82055324965957 0.171187180751762
200811 1.61973624504455 0.270008455080103 -3.59769722884813 0.351852373437324 -1.96866261355098 0.584626101823689 3.72447619187251 0.00976856764159803 3.72324459610733 0.0234486998800435 -1.16821046608488 0.0996844925917009
200812 1.19817196080179 0.333778430989441 -3.80655114719246 0.326592093377325 -1.65943561097408 0.509862410436888 3.66426472428508 0.00835439921030178 3.83055043810241 0.0207235617304126 -1.10424774826041 0.0993913814348576
200901 1.18921489165337 0.315907165785954 -4.22914632350393 0.270972425987014 -1.83867506490911 0.563835535115769 5.02852249383534 0.00115016905963151 4.9250041219127 0.00599331118306829 -0.866331936644982 0.093676404019231
200902 -0.919245252317369 0.801587395670536 -5.43099765828414 0.140786384275433 -1.61602846070528 0.590921098419745 2.08085440695942 0.0320726285262428 4.07518833025425 0.015520162023311 -0.902922569095432 0.125422860829742
200903 -3.32778694087987 0.654616414409454 -2.56188063847609 0.632259440340809 -3.35841813284998 0.847000368783266 -4.20739758310527 0.923137125490769 0.927082603852847 0.197904200195179 -3.36376449778573 0.651782586891405
200904 -3.15333518591181 0.871054706985675 -2.80340383822877 0.636639616609989 -3.58937568984952 0.81421291631639 -6.45134141994843 0.830900655165687 -0.656657047906406 0.383458443280805 -4.42383965781117 0.870671177973357
200905 -1.92052660450226 0.692261149759488 -2.04893051131143 0.865965872247588 -2.51030716078182 0.888349767712897 -5.87393175357065 0.877656632980231 -0.548601373335611 0.308501910701227 -3.44809005164783 0.544198688740963
200906 -3.33984291188103 0.975590487897711 -3.43486334240017 0.522911647231035 -3.02135440105475 0.967821527340278 -6.50027122909582 0.963554618768867 -0.778692956033011 0.339459800624169 -4.11728075172977 0.6856695099304
200907 -4.58108310513639 0.694035964727131 -3.54771676177117 0.509023885038443 -2.95243488319548 0.975907503804486 -7.04108543165309 0.85282736226818 -0.684684107105804 0.326005368817744 -4.24496652015887 0.716491729215393
200908 -3.45664465354378 0.981827448163756 -3.19038366919318 0.581229652422959 -2.73595877845052 0.982426120027352 -5.70365277736151 0.860864148928903 -0.199499537841574 0.265332867380736 -3.1128861140979 0.50629115896356
200909 -3.5758357940334 0.951777276630998 -2.96446573887612 0.628889627413077 -2.76519839223173 0.977413384934816 -5.65665077656101 0.866628928298442 -0.242151618153263 0.293509009020844 -2.95732958080355 0.495010712281238
200910 -3.74345652194994 0.911916089425977 -2.98791909747487 0.625561657790989 -2.78380662195052 0.969352115307862 -5.67207088972339 0.875103864625721 -0.257611784194167 0.302773203431455 -3.20005071700187 0.542785157133154
200911 -4.38465968354893 0.770508309390025 -3.29470426625813 0.56663516441447 -3.5535485559822 0.77049180895899 -6.37373560381786 0.937980017641608 -0.641859584356519 0.376417506926407 -4.63716470302151 0.891687190441954
200912 -3.72412031902334 0.936263731336016 -2.54207969628282 0.720320109376615 -3.4202687315309 0.816319235464674 -6.47205232502199 0.915019350371551 -0.71085993253075 0.403283572890181 -5.11169233182687 0.989062523388407
201001 -3.55925591905597 0.999206031963071 -2.01729620627993 0.841628190619258 -2.8683652378968 0.947049731326808 -6.02511018956831 0.970674006847314 -0.588215308438711 0.389028089460839 -4.37049158580525 0.803434445415453
201002 -5.46222521178348 0.52365583067977 -3.02059032969195 0.613964776980666 -4.08955602555461 0.662783417858875 -7.15977923189142 0.767148266799045 -0.779146458337077 0.421491052099206 -6.04734357865209 0.869255598784308
