"V1" "V2" "V3" "V4" "V5" "V6" "V7" "V8" "V9" "V10" "V11"
199606 -3.914964403372 0.0576074405142067 -3.81450228403986 0.341643589939892 -2.95089381336084 0.928210479466895 -1.720859143389 0.439882191266146 -2.51353971745529 0.248108757366283
199607 -3.82111794220825 0.0694445341582634 -3.72578261153618 0.372660708599891 -2.88661518988989 0.956867659873807 -1.73091728592625 0.462462724583164 -2.6265976226034 0.304534922490192
199608 -3.82527523514016 0.0701662572413408 -3.77652052565058 0.347895767650923 -2.9406352934386 0.913373169708414 -1.79267955951286 0.50232591992402 -2.72071074467863 0.339494922657379
199609 -3.81894106970915 0.0724812932607478 -3.75971622096967 0.359674569424134 -2.92493149954249 0.927328527074572 -1.77390055374174 0.490035742502871 -2.71459844248487 0.33025378518599
199610 -3.92009102467115 0.0544211141843963 -3.89752551366347 0.276475364257046 -3.01756201436285 0.825106691091806 -1.88412469173123 0.583482493826967 -2.89233106556637 0.434516338809267
199611 -3.89921164574292 0.0582885644998564 -3.88726062533367 0.284422661531706 -3.00945995460991 0.833620161404174 -1.87490055753121 0.578005064372789 -2.87600209018108 0.422444261887896
199612 -3.93095449344001 0.0542180713310207 -3.91363993503733 0.267896756978365 -3.0180839972032 0.815994136449693 -1.88810659456045 0.596550168350071 -2.93793723551117 0.463885688667977
199701 -3.91130972116225 0.0572673514328159 -3.89558175800067 0.276254759570236 -2.99772534409655 0.830583406989855 -1.86646812587981 0.584418668197533 -2.89524029432726 0.435791983815519
199702 -3.91358847015755 0.0578685304831311 -3.89275142045622 0.277690395638422 -2.98977491411889 0.834877947030142 -1.85651271332938 0.581672013209201 -2.86309015814514 0.418270044320546
199703 -3.91147892959531 0.0594248298934524 -3.90843004478949 0.274742934051841 -3.00696900094388 0.825555762738726 -1.86312563202169 0.586685288664185 -2.87104000989351 0.418892935466984
199704 -3.90851177532181 0.0616316471636436 -3.96107072642911 0.260702180793633 -3.06039659056836 0.796037377985721 -1.89272668360461 0.603075772447607 -2.89186529306455 0.417166089149366
199705 -4.22336587878192 0.0259905207088197 -4.4069926021769 0.101425111168871 -3.41031513830627 0.494116614708608 -2.12310251463395 0.818082615959017 -3.15052319813602 0.595353497729562
199706 -4.23173528026328 0.026273906700555 -4.4077270094917 0.103171845148235 -3.41013785194817 0.496698328214036 -2.12507489364342 0.819843524963578 -3.17100846690075 0.606339402906274
199707 -4.24005835447756 0.0261185319938501 -4.40877226565946 0.10280260609863 -3.40728067785183 0.495489507791054 -2.1324621669488 0.829861054022765 -3.21480932071316 0.634560236012484
199708 -4.05859354828406 0.0354297739206481 -4.09366148297028 0.158736024472885 -3.07618520796979 0.667225472200185 -1.92750409795945 0.714608673100586 -3.23241692066045 0.6752219354221
199709 -4.59819981204839 0.00863535227297361 -4.86265990651644 0.0303017634363073 -3.82194876928252 0.237243905425362 -2.36594661762008 0.918383637405718 -3.27673461632259 0.735484684760687
199710 -4.38410316066298 0.0161622387189761 -4.60894459939785 0.0577794876946262 -3.57067331740044 0.363323313452712 -2.19650597722927 0.941124199558201 -3.23769012702864 0.713426595507595
199711 -4.42428811370819 0.0160324810539364 -4.62789009608082 0.0601197891859774 -3.5854735290423 0.371694190844154 -2.19427786377684 0.934046113136236 -3.23896545909146 0.714854800345466
199712 -3.7192865449561 0.061920243159248 -3.85550555159473 0.18904279299773 -2.84515445423892 0.750266121539094 -1.77514626386979 0.695045456263145 -3.29582644092927 0.819585418467312
199801 -3.35995192385916 0.11691399237469 -3.44576784982475 0.318404897593232 -2.45683251746758 0.995124186594463 -1.56809681471572 0.584578980184353 -3.41176229108686 0.929883915526099
199802 -3.30272811389161 0.132059233764321 -3.39428226261282 0.346298577287781 -2.40710488003681 0.963998312690608 -1.53879762129161 0.566276181167838 -3.44408549834203 0.948569636445527
199803 -3.3233678004071 0.132585129041905 -3.41851416622865 0.351710241625755 -2.42428510962855 0.953903055717308 -1.54160539614081 0.562183709986608 -3.44467512545032 0.948816174615672
199804 -3.35222659143151 0.133410407510479 -3.42076027754317 0.372073162271132 -2.40712885940353 0.91595166568121 -1.52748020990092 0.545664245118318 -3.44853179932361 0.952225478983243
199805 -3.44218165897778 0.118887897708752 -3.56193843104708 0.320538671946954 -2.50050743479207 0.973760091256334 -1.57332272403619 0.573392985350879 -3.43885389585881 0.945554628940206
199806 -3.4004494610876 0.132196915105326 -3.48841881861075 0.362768855707515 -2.43641159963492 0.920783317806458 -1.54105584316633 0.553733496266872 -3.44699668897255 0.952696813545916
199807 -3.01035578270792 0.223917091968197 -3.0153817999879 0.571086527292454 -2.04011895657243 0.696117737865497 -1.3734363022234 0.489058982209329 -3.45048168712032 0.992380105077614
199808 -2.81376987363917 0.280595648048933 -2.77076899123592 0.689308333774016 -1.84759750825041 0.602825938591841 -1.30480367496202 0.472349235506599 -3.42101180230607 0.999347440189844
199809 -2.89207307963921 0.246353496538712 -2.85578724131395 0.618750805992692 -1.94671142090599 0.683033979172919 -1.41362593476864 0.545294457996329 -3.52967544996585 0.922802930698249
199810 -2.92444461584842 0.234212426322329 -2.86407286911001 0.609305696010866 -1.97150479017714 0.706045217204654 -1.4461311501222 0.570219734096619 -3.55424841208858 0.904899603658117
199811 -2.93848592497126 0.218880402069864 -2.7778457665786 0.627308313766411 -1.96208980744801 0.736340087520569 -1.48563287949735 0.617904179272161 -3.59368070713202 0.859519433859771
199812 -2.95666426482315 0.214993488653754 -2.77783536395522 0.628831852173368 -1.96631429623479 0.740734698457385 -1.49345786700268 0.624295049545596 -3.59492713193852 0.859420259346775
199901 -3.10175015502852 0.169767335482645 -2.81529512941412 0.594922837609611 -1.99217988915863 0.76976205288327 -1.57866457286207 0.687418751956498 -3.59222483124397 0.85400401417476
199902 -3.1364438098137 0.164073472824989 -2.80852289502169 0.60087569657333 -1.99251182386571 0.77162799434688 -1.56633898796485 0.679423607570305 -3.6091777989598 0.844287464326884
199903 -3.26778043978904 0.142882019418788 -2.86701587726295 0.582571751372069 -2.01650920667533 0.781287594732992 -1.59068518965018 0.686000885316882 -3.60625050249479 0.848046606390457
199904 -3.44908055287096 0.111895448803253 -2.98062068271105 0.524938027396117 -2.0711868950605 0.817850993116193 -1.68906280797041 0.742228220363651 -3.60136949348386 0.85028058219567
199905 -3.17891137780051 0.164314912577922 -2.83358054519671 0.581450446430026 -2.04884038405209 0.831835166340652 -1.50442269727302 0.639670575915219 -3.66524938541641 0.790078959671051
199906 -3.09466483732461 0.182187829519303 -2.83565638397321 0.561363739353034 -2.0755286962421 0.870170699470682 -1.41313961821912 0.595887585356133 -3.72899562722762 0.73496301988159
199907 -2.94593350667431 0.225677859332257 -2.79044635421404 0.569650096368243 -2.07759289990421 0.889311443011621 -1.31486241518448 0.549891848272858 -3.82364608349506 0.659721485991389
199908 -2.82008624520769 0.266715288952585 -2.77343999211137 0.568627388735038 -2.09059450661948 0.911228466245502 -1.24048695589167 0.516434821194874 -3.8862153394196 0.614316902144826
199909 -2.73978192052053 0.301258496660545 -2.69562255083264 0.611245577937405 -2.02814759020271 0.874363829531209 -1.13719031877226 0.461363475180208 -3.88247167338118 0.61324991854454
199910 -2.68726720763488 0.326885848320795 -2.64587740053521 0.637947143913103 -1.99984806541882 0.861585439630284 -1.05423129007127 0.421438500773157 -3.89288243892045 0.602973413579914
199911 -2.83767362885885 0.254026208335697 -2.61281268431832 0.630033310622706 -1.89763213363447 0.820553436211059 -1.1103224736104 0.470157405769911 -3.69517418414034 0.701107697168255
199912 -2.81458375772412 0.264200826151285 -2.71077875945582 0.576548650264843 -2.01026395217712 0.890463970133709 -1.13381612646015 0.485874102621274 -3.91706795608049 0.575700792158204
200001 -2.67979810210504 0.315812475436845 -2.68713555948701 0.598885242244602 -1.98491867868129 0.865771980177512 -1.10743349793934 0.473461777798007 -3.99220035973522 0.555007824371994
200002 -2.82400598695884 0.231942808035539 -2.86818759824528 0.422815747127001 -2.19362034150701 0.907556330220288 -1.10034569195463 0.532505444645315 -4.44613257185016 0.289434275047047
200003 -3.27420931380724 0.120595962457753 -3.80192833053228 0.0926819884343935 -3.0319387276293 0.356529281497877 -1.5432749271324 0.863805605284169 -5.35870549397122 0.0486027559962161
200004 -2.56305497996856 0.299829884477119 -2.5616856278678 0.397211312295765 -1.74222031048863 0.990112906475051 -0.56502846809825 0.370371808842286 -3.52606776612809 0.509323112779429
200005 -2.35581604889357 0.368369464971402 -2.1372211368313 0.562037634917551 -1.18327605497475 0.677627025303847 -0.209107212630766 0.251061957161998 -2.60709952103313 0.973242242811831
200006 -2.27290298108589 0.399462146453188 -2.1453127405578 0.559477414325741 -1.23598629680703 0.708830933506293 -0.247519427650555 0.267823687815774 -2.55084309719709 0.914155738035297
200007 -2.3358152045875 0.364214589872279 -2.22046573248122 0.489925050393521 -1.5532903927342 0.939089850621435 -0.42805766397005 0.352862738026298 -3.29989247517148 0.604136346091498
200008 -2.41035499168301 0.326255523612489 -2.2349596342198 0.486323705914992 -1.59056083396805 0.956042224328528 -0.488996639837813 0.381460282255519 -3.18090330717915 0.700463626246464
200009 -2.23919923816402 0.394281457067806 -2.09653480524374 0.560583834264053 -1.39436804841377 0.817706592398358 -0.297015589815941 0.300149474022111 -3.042341908987 0.843522811700085
200010 -2.75058787567413 0.187016759796234 -2.37933252838178 0.429760022504708 -1.76822020840397 0.970406447044524 -0.772875696908049 0.51935305606579 -3.24000027120495 0.797188956735676
200011 -2.91011690330605 0.144115168694352 -2.19152288380871 0.522657284832015 -1.50981243773425 0.856137551157803 -0.880999545683347 0.568935346169722 -2.41629677753672 0.659469201273481
200012 -2.64628267805882 0.157687057990313 -2.21106896170673 0.50933320890437 -1.57270956166009 0.896007719469277 -1.12484037825011 0.765590730344875 -2.33710105938763 0.591359950325725
200101 -2.40585776333204 0.200642148489127 -2.21481713014058 0.510111716045194 -1.56613596528716 0.888652927472789 -1.32004796557286 0.901194841192727 -2.03266907929947 0.424396570798815
200102 -2.41333582653733 0.201170115662879 -2.31845442854313 0.459226324525667 -1.75513407230368 0.993835759692795 -1.38513230085846 0.937174935607105 -2.53961652847667 0.66846652904141
200103 -2.42326678585707 0.19900390849889 -2.36039673194985 0.443063923205931 -1.79047310296503 0.976330557888584 -1.55159997907066 0.946859986448277 -2.50812442667476 0.630784379380485
200104 -2.40195017224736 0.207207760217358 -2.36048265780644 0.445863620346491 -1.78931150641208 0.977256689710275 -1.57560502296692 0.918520140878738 -2.46878710120289 0.604412000949092
200105 -2.41847017124996 0.204513441611568 -2.34247699507575 0.456272202512033 -1.75290542674753 0.999694360354467 -1.50724871083423 0.960540510274376 -2.45322104403578 0.572203535715376
200106 -2.46006125721778 0.192906072537603 -2.44111797329607 0.413227991694304 -1.92809576192339 0.888116501402938 -1.70900255899755 0.828375814957243 -2.85334752041952 0.775431365480342
200107 -2.52666142435332 0.177431463032964 -2.61145013439936 0.349775237154862 -2.15394568954053 0.760815509415874 -2.05955988392645 0.621135003487335 -3.25899343959484 0.976814126248865
200108 -2.40654555808704 0.209683006718108 -2.39273652338827 0.44917943161491 -1.95632688725513 0.889474599505495 -2.14570996274872 0.590732145787738 -3.03482519634353 0.78730430527088
200109 -2.5668184257007 0.171155000600707 -2.62565899247462 0.360672370650003 -2.28345067868694 0.701856982289194 -2.58263211479655 0.381779256528384 -3.70062396761299 0.842518296384255
200110 -2.25602227458304 0.239235391521894 -2.26657845916003 0.499995937013928 -1.71905771034324 0.979519676614296 -2.21007743449197 0.537567943015598 -2.51251711557983 0.516936289124669
200111 -2.25676083262749 0.242896502356648 -2.35809184542237 0.465602844784265 -1.55043685433547 0.918353731773459 -1.90061565701551 0.689603934250658 -2.18194944686509 0.357990361661737
200112 -2.24814730214302 0.248936125195496 -2.33189819105986 0.484689883833954 -1.54108792272145 0.905293831481369 -1.90257461623733 0.696455818726775 -2.14627855019855 0.321595150141492
200201 -2.34423431338142 0.225983344842827 -2.54134970604518 0.408897279721156 -1.89444888735424 0.899461002696247 -2.20962224139827 0.547637622539616 -2.80919028791677 0.576089447830864
200202 -2.50429341462737 0.188766069535823 -2.89243063955347 0.292176606616969 -2.29342608003298 0.690288372887538 -2.48853927305239 0.432437448101594 -3.64166873370793 0.987271499763783
200203 -2.58089691065388 0.175417426357287 -3.1441066136396 0.228950506048359 -2.79219495003737 0.459797057818238 -2.95740923080108 0.267159066058483 -4.78330135994458 0.450767767071046
200204 -2.69535201286577 0.155925956030113 -3.46125059328843 0.166505052312745 -3.24410806985431 0.308913682036339 -3.31480045581378 0.183723780369161 -5.63434005192798 0.213680989037381
200205 -3.03108940638719 0.0973036398627177 -4.30938502823233 0.0477214699295766 -4.16341308049801 0.0882896684652934 -3.99815019232075 0.0681446149698117 -6.88767235791159 0.026223044641356
200206 -3.09066546922052 0.0912812697426509 -4.50003582542253 0.0363690863564116 -4.39741496034629 0.0638662423844753 -4.20018798470063 0.0514609695115067 -7.34866324904084 0.0123186312927442
200207 -3.11560839005174 0.0895741808373191 -4.63531427572645 0.0296768450675678 -4.48703878929633 0.056768389912639 -4.25932841880676 0.0484002094708081 -7.53110498603691 0.00912746343515187
200208 -3.23420068653288 0.0770031774094681 -4.76788003942934 0.0240938348226948 -4.56700580690723 0.0484946820478863 -4.27299121710354 0.0459788898846994 -7.32317944657275 0.0111655408418462
200209 -3.28335156419028 0.0742103868708243 -4.83733716524819 0.0225868639253118 -4.57150905009942 0.0500193556356304 -4.25883166599494 0.0485798559088083 -7.32377591736153 0.0117324581856668
200210 -3.20952658458 0.0852642827424527 -4.74743908316857 0.027518509058128 -4.57325548842173 0.0522170961077864 -4.32368131469858 0.0458876863932344 -7.34719125420027 0.01197268838695
200211 -3.84198407548682 0.0327677985953447 -5.42446939538652 0.00775044362189563 -5.10357045535508 0.0206778498071703 -4.62876616244206 0.0281131534000741 -7.40123926451901 0.00831355677763442
200212 -3.91752622703387 0.0306498077438236 -5.4925610759857 0.00738491364825531 -5.15402077628337 0.0201877903334307 -4.66330180748988 0.0278766676858765 -7.40569551283259 0.00870192133200641
200301 -3.61494838813183 0.049983507267237 -5.04571846686814 0.016261962213582 -4.69459110896593 0.0410410936102705 -4.36650526500628 0.044085304623016 -6.93432965978855 0.0172368953812005
200302 -3.50021563595562 0.0621072117526098 -4.88913937978785 0.0228537733177845 -4.67820751473724 0.0454071372265413 -4.42802583778608 0.042591395336191 -6.9606506208419 0.0179852768205539
200303 -3.49183035980749 0.066748588258527 -4.77395715779936 0.030161942694146 -4.57290251280609 0.0575007523277554 -4.36750585382941 0.0493713219109586 -6.8008776654281 0.0250126696221307
200304 -3.66444377686392 0.0559198672781266 -5.00049777337612 0.0237549828331046 -4.83601809496739 0.0434722938068622 -4.56000375262842 0.0397127281644024 -6.98236597170416 0.0204534496921467
200305 -3.68476075041932 0.0571321968473237 -4.99252754630115 0.025858918284168 -4.73988425166358 0.0526178873826446 -4.44199525661071 0.0487906539086561 -6.87887229496587 0.0248476261964969
200306 -3.42005835226897 0.081951186277095 -4.58321202050411 0.0455601002178164 -4.40028434526742 0.0815784986219374 -4.28563995050837 0.0611088097271873 -6.68171872425543 0.0317951476820156
200307 -3.26088719018534 0.102185648778945 -4.27645393832585 0.0699389719909608 -4.20420269462649 0.106491357802307 -4.20890326503143 0.0696989239881064 -6.58273521287247 0.0372131267304984
200308 -3.20998013433678 0.110039399603212 -4.13665064603586 0.0829362172279634 -4.07654067617687 0.123876488676905 -4.16013279665866 0.0756195893752536 -6.52760433444437 0.039882944911675
200309 -3.19237268669763 0.110507859551036 -4.01960215005834 0.0884678390065513 -3.95992215452785 0.132341151770403 -4.11694619646548 0.0776265576545271 -6.40069990850951 0.0412982186648687
200310 -3.17945221514606 0.11399776318415 -3.89569618814203 0.103482773985689 -3.91869720746914 0.14148839505195 -4.12001221747496 0.079686715109079 -6.39159210493805 0.0433415652226357
200311 -3.22877336720742 0.1078613057821 -3.81841890868546 0.111288794715352 -3.84858858476114 0.148193898834122 -4.09700813196137 0.0806970875583461 -6.37240138080597 0.041854066902258
200312 -3.23224081662878 0.110169982410821 -3.80110152740196 0.116497223096769 -3.82918724828234 0.154343047000122 -4.08273568895643 0.0842871325830101 -6.35912515160619 0.0438827668373905
200401 -3.23162692479244 0.113089284933565 -3.810041252388 0.118441493613212 -3.80644804108716 0.161274797158569 -4.04781685671547 0.0897405252015187 -6.35536712635345 0.045144306366422
200402 -3.3375206729946 0.100567859842004 -3.76841932549346 0.120882623393081 -3.79326797895236 0.161274722119509 -4.04387115690474 0.0909753221326248 -6.41516780384337 0.0411884545665254
200403 -3.36458999419329 0.100205928527331 -3.76159769030557 0.124649585056648 -3.79497589820683 0.163889845144773 -4.04445408089942 0.0932436645420633 -6.44721950126832 0.0407999782942109
200404 -3.48597582147399 0.0884311235683792 -3.75790239752323 0.122830042633771 -3.83190848484634 0.156561488884624 -4.04907828370658 0.0941150920117342 -6.50067881652161 0.037479468718805
200405 -3.25037616035502 0.115415518793227 -3.59974610519516 0.139063128322544 -3.60107533549754 0.185668360887423 -3.92297018846799 0.103289393040576 -6.15427747203012 0.0497319232562738
200406 -3.22086882067858 0.122282754846145 -3.60211103178674 0.141573640404042 -3.5977505232978 0.189919891490935 -3.9227650988092 0.106193509293885 -6.15394649886905 0.0517049761847107
200407 -3.29425306293074 0.11477424313298 -3.57837705587309 0.144438595262725 -3.60547316453281 0.187379538086599 -3.89720832339411 0.110023735955999 -6.21452335522976 0.0469204024257529
200408 -3.29797612018439 0.117393225725552 -3.62457968728389 0.141365639390257 -3.61088960924627 0.190525457119495 -3.88664286355733 0.114583041708818 -6.21217100219504 0.0489377491423301
200409 -3.29695626788049 0.120683463482669 -3.6272552793029 0.144885138690896 -3.5946851310489 0.197620913816143 -3.86060801819081 0.121111113436848 -6.20668894648251 0.0510711013733659
200410 -3.29377043404064 0.124164979533045 -3.58377072143881 0.154608592158521 -3.5624700322666 0.207062325199602 -3.82974051656357 0.128292124788458 -6.19582227184359 0.0532953737932682
200411 -3.29386192536918 0.127446566401179 -3.58353285086603 0.158264034204885 -3.56238692193855 0.211026084769802 -3.83518475429678 0.130884824364462 -6.19139770946104 0.0556498738653962
200412 -3.35829812560202 0.120383119639624 -3.56212165366336 0.159189907024371 -3.54556991956718 0.210184933649536 -3.77915975700314 0.137424616073909 -6.17569719700706 0.0533084542775748
200501 -3.38655846584981 0.120202647459307 -3.57967605333813 0.159912062893294 -3.56540694128502 0.209894357091191 -3.78330713406418 0.13985440396959 -6.22344214455297 0.0521086918078747
200502 -3.37937163845343 0.123864312941874 -3.50159875868015 0.174648816006238 -3.52178218499846 0.221421559810384 -3.75988130077693 0.146486144988325 -6.22652406055391 0.0533925934031399
200503 -3.37434881303162 0.127466519141248 -3.46145174079258 0.184130415163762 -3.48469161704605 0.230906115386465 -3.72274742662588 0.154010585063947 -6.25246530617496 0.0523951233707369
200504 -3.38399473188771 0.129765149280701 -3.47546622876791 0.18618686574243 -3.48031597225282 0.236433419870944 -3.71499026260078 0.158994445739532 -6.25257918823112 0.0545143583577481
200505 -3.49966452587085 0.118050785554258 -3.72364258365003 0.149553026809205 -3.66725946140705 0.202067880277285 -3.8301650608549 0.144309715078421 -6.2660812125791 0.0535771203471488
200506 -3.5069130221838 0.120574229023202 -3.74211307642653 0.150727748516379 -3.66441606663046 0.206818767230378 -3.82465734051536 0.148739702220956 -6.2740777749372 0.0553066822264017
200507 -3.5038882704111 0.123571564889838 -3.69419845447418 0.159069851497633 -3.63577086918763 0.212902324353475 -3.81506971317622 0.151941693249105 -6.28716722652289 0.0545274028937582
200508 -3.53079805371321 0.123928786360722 -3.7287508373107 0.157856473318346 -3.67835054286987 0.209390319733156 -3.85344666659913 0.150325662322054 -6.32740780539627 0.0541545574104053
200509 -3.54641263702995 0.12562656677669 -3.73907930340933 0.160146059004844 -3.69612715203196 0.210418075125865 -3.87246028058523 0.151529555824275 -6.33729445357456 0.0556926782616345
200510 -3.55966837961408 0.127688546280089 -3.74485124252564 0.163275938076129 -3.71224367255707 0.211769224617184 -3.89389713964396 0.152346912514499 -6.33614155801729 0.0579084083704959
200511 -3.56233871654226 0.130398688681967 -3.7911812540121 0.159349677449094 -3.73627689309763 0.209774912248292 -3.89013288068587 0.155367666088857 -6.37843239303648 0.0562081489025165
200512 -3.56190113857682 0.134223675795051 -3.7947357066449 0.162975474467824 -3.73640023139461 0.214251657918451 -3.89014816193567 0.159429684520048 -6.37998021041137 0.0585602955162279
200601 -3.5571096765856 0.138481417134395 -3.76956251824889 0.170202558885508 -3.72897108849932 0.219830397465848 -3.89060376427313 0.163475913727475 -6.36082426549218 0.0621513189974834
200602 -3.60854866522118 0.133785935601317 -3.78240739289302 0.166401361333996 -3.73192089686913 0.216940145912037 -3.89309878315578 0.163560407389144 -6.19780052545411 0.0703497238185728
200603 -3.61849683607396 0.136557789093987 -3.78615129679971 0.170163463519024 -3.73405924424388 0.221104732312322 -3.89799174697114 0.167012052363052 -6.191732503084 0.0734909632158754
200604 -3.68016784823229 0.132804197435691 -3.84524084089701 0.164763279061265 -3.75172245491586 0.221029404068826 -3.91578119243374 0.168073890851029 -6.15939250171604 0.0772853728398112
200605 -3.7115463395198 0.133107676519949 -3.87198593275078 0.165227994553681 -3.74805369856535 0.225940775079632 -3.91592846779081 0.17207818437483 -6.12970149810179 0.082259351910968
200606 -3.69071284967768 0.13822787678968 -3.89246106299304 0.163794457542334 -3.86319649416946 0.20923979454215 -3.96504067443531 0.168575646586053 -6.27680832891793 0.0731577893776659
200607 -3.68324810934806 0.142687240893931 -3.89377159146991 0.166700477093522 -3.93385483937514 0.202356185897092 -3.98850921279852 0.169628687240119 -6.35173041204875 0.0707751648368073
200608 -3.66952112126855 0.1483460178733 -3.87675503003879 0.172612871401297 -3.97132507123643 0.2014574199368 -3.98976333915655 0.174061702081324 -6.37338230499009 0.0722987841878516
200609 -3.66133998125526 0.153703740492531 -3.86990354529526 0.178087364247428 -3.9930361087376 0.20304147845862 -3.99456045481277 0.177975571054867 -6.39001942662787 0.0742149799428404
200610 -3.63839744222636 0.160710673347122 -3.84740047704297 0.18511523121915 -4.03490424810109 0.201578949374026 -4.00168916500527 0.181647854540928 -6.42152247464771 0.0751328396533268
200611 -3.63962306626058 0.165246069141608 -3.84864419995379 0.18985711293201 -4.03681558396218 0.20641810156143 -4.00153987101424 0.186488588696094 -6.4219926247703 0.0783862614632378
200612 -3.71062959270427 0.161276514799658 -3.93025538249263 0.183749939763094 -4.05334837287299 0.208508881925768 -4.03906706957176 0.185948902435775 -6.42895086031638 0.0806452099755108
200701 -3.76022208506095 0.160338505897154 -3.96601215563521 0.184387110284624 -4.06706077307364 0.211568911023875 -4.06949108782277 0.186810603094337 -6.44419696756915 0.0829375160530029
200702 -3.86313143885664 0.153657691082229 -4.08638311418312 0.174843601867098 -4.11071995313861 0.210954925450668 -4.10435920198788 0.187853777434753 -6.49416788143609 0.0834317233736828
200703 -4.08855611077816 0.134338687508049 -4.35962821660858 0.147951974286243 -4.24037862290967 0.19795121429641 -4.20953557157524 0.179725392808928 -6.62436913534867 0.0781797214009201
200704 -4.2381170170902 0.124963975338987 -4.52162200282629 0.136686528567487 -4.36596788689558 0.187235409583781 -4.34282871070104 0.168989421411424 -6.75978909396173 0.0734106215914539
200705 -4.25492121501945 0.128745869886935 -4.50408806428713 0.144374416398811 -4.35058524227796 0.195220602348157 -4.36319594631043 0.172556654086284 -6.75356068590651 0.077841162738251
200706 -4.23966558845597 0.135728712729985 -4.46814016663457 0.154109744383232 -4.33227522947128 0.203813587321056 -4.37139857687663 0.177684022668257 -6.7433807128142 0.082949870522399
200707 -4.32497619356809 0.133666568922892 -4.51594942775257 0.155862283021754 -4.25752095198857 0.221159772401978 -4.25851959897732 0.19853792517352 -6.61394490339406 0.0973393749673953
200708 -4.1753197367524 0.154128648957719 -4.35010558738611 0.17971898038165 -4.0238868570845 0.259871469466047 -3.93595270515048 0.248423465471701 -6.15968462462371 0.138216782946246
200709 -3.72225205951928 0.210716529702766 -3.92207516732785 0.234259070293296 -3.72444664788483 0.309732795301409 -3.67422456270921 0.295580357958377 -5.61886756664587 0.199965988113737
200710 -3.35049189350289 0.270738312795747 -3.47523164342114 0.307822262551488 -3.21129808326768 0.411449205406817 -3.17358242510986 0.396799430738774 -4.70625782894407 0.348594459094406
200711 -3.13670132530373 0.31800524333082 -3.10849954512156 0.391147315611739 -2.70140380138069 0.547063396953039 -2.60229256584548 0.547954301101757 -3.89658526015235 0.566078804667741
200712 -1.74171797865919 0.630792256433861 -1.22228754361875 0.868559420830356 -0.781299083508147 0.90698980076194 -0.855776980970702 0.942306401299785 -1.05227127758232 0.607681809246836
200801 -1.48042726814166 0.716690884966338 -0.81455440453142 0.993203857462885 -0.314304180981462 0.749084112483416 -0.372547839367843 0.769499225841898 -0.274214991705746 0.367622493192931
200802 -1.70115719374158 0.677411548116907 -0.90921765086116 0.997717159715922 -0.510519929996756 0.778532789640698 -0.67296616537138 0.819592746191618 -0.817581089886366 0.41364589923553
200803 -2.77166219563552 0.449348241444227 -1.92634994365957 0.74886820707572 -1.05075974612852 0.887827235659793 -0.918276256123485 0.82738223973458 -1.35034570544852 0.400809465223983
200804 -2.7367685169281 0.484383750587661 -1.77979555445231 0.827946186154711 -1.10671137385003 0.862056146436457 -1.21058841366708 0.848076221373809 -1.84919915521946 0.372757257813677
200805 -2.30909701823219 0.604441190811416 -1.07501009761088 0.949698908195121 -0.646178629289551 0.701708966059113 -1.16025393627193 0.771221013919271 -1.20081686921472 0.160264257570971
200806 -2.81154281116127 0.516007117430088 -1.58357649211627 0.943376235485277 -0.906946303538159 0.72529260105276 -1.2818361457555 0.724278959299091 -1.82055658016627 0.131697812798893
200807 -2.46300070253282 0.612461083410979 -1.03932984324366 0.884307050759705 0.356031606410734 0.406745800175948 0.960493269348439 0.227472828967076 1.6269287797214 0.00294246708981357
200808 -1.93244791363645 0.754727968147718 -0.394904829668352 0.701521888593364 0.943514899502262 0.290103765684869 1.72253958710269 0.126865287946755 3.09530704061853 0.000223715283770794
200809 -1.92182616816676 0.772838224455045 -0.396213164104342 0.683350283797544 0.704878813004695 0.31854895849221 1.2330145201662 0.163851950508793 2.12498718878302 0.00044533556744186
200810 -1.35389281159255 0.909346183370212 0.418914420727445 0.507348716033678 1.37554080928519 0.230523401253452 2.00167641195261 0.104283412702964 4.18562094192399 2.57310611199818e-05
200811 -1.20303091778224 0.926362241794329 0.620128660665675 0.500666944059614 1.4097226173557 0.258947020973717 1.78642531643144 0.144709860371846 4.83021367126789 2.94028576558724e-05
200812 -1.12741391744235 0.948819955705214 0.485767867520825 0.533250232910533 1.13275235599061 0.305397799812361 1.41454081844353 0.184226817566347 4.25794311718649 7.87211075983071e-05
200901 -0.465248712834754 0.89238060965595 1.2746852601226 0.389040631270738 1.95477007839853 0.200196483370991 2.26444912384451 0.107249151655093 6.01786449753124 6.61083425833907e-06
200902 -0.964634372401796 0.987355898349878 0.65647271958732 0.50962903587047 0.682199920747684 0.406753816337492 0.347708200700725 0.360891557321948 3.36857368412655 0.000590133949492967
200903 -1.60849140034032 0.86025731821354 -1.19254490165397 0.910434488351019 -2.43915206377912 0.879775035977006 -4.14055914743103 0.622585644889237 -3.80757481161382 0.288329786147104
200904 -3.09324186180659 0.566380908168324 -2.71429674145247 0.781178948016756 -3.28339273365434 0.746406852933183 -4.69752207539338 0.598027377492737 -4.7591388309294 0.269643847974612
