"V1" "V2" "V3" "V4" "V5" "V6" "V7" "V8" "V9" "V10" "V11" "V12"
-0.0683095449927471 -2.024232311754 -0.128931437321117 -4.03832542075129 -0.107615200622375 -3.47182953253398 -0.0468583719769318 -0.859127757466661 -0.0845642270453275 -1.80624160576218 -0.0156943302678523 0.787388889949937
-0.0682927046380148 -2.01465607843769 -0.129063857688736 -4.008839392408 -0.10742283257232 -3.43390741095584 -0.0466722134706812 -0.851227568217676 -0.0826036243326402 -1.67781307182643 -0.0150818125516823 0.816284386957391
-0.0640718004165119 -1.79073050373667 -0.123115956982069 -3.71548838642623 -0.104256949474292 -3.26011357161507 -0.0466281448897565 -0.84167737391803 -0.0822979385979603 -1.64294763511354 -0.0138310092736664 0.867087821602568
-0.0646792485511716 -1.80969986481895 -0.124843010935235 -3.78040744437507 -0.105685618355103 -3.31179839805394 -0.0482753971433783 -0.921904208501665 -0.0876827270192675 -1.91876776263238 -0.014995912247366 0.781977530480206
-0.0649387763136939 -1.80605638582289 -0.125242702967876 -3.76911934409473 -0.105471147085208 -3.28392557056122 -0.04973182254543 -0.991566974548187 -0.0879979347729631 -1.91634263688666 -0.0143696889539384 0.807838007471498
-0.0648809109894499 -1.78751119774857 -0.125286866720125 -3.73769027239606 -0.105557956935368 -3.25730340291837 -0.0499361026599263 -0.990704619117682 -0.088060413426635 -1.89716571235146 -0.014031735050192 0.819731816477869
-0.0650002687561935 -1.77852726674773 -0.125749647048333 -3.72089386498301 -0.105731635635394 -3.23137446845124 -0.050025056466227 -0.985243865379096 -0.0879662518855899 -1.87163200335796 -0.013908273138731 0.822769313542537
-0.0650167412943146 -1.76270807808015 -0.125705780278379 -3.68403594331151 -0.105630294088371 -3.19715191183704 -0.0503271432490091 -0.991304118076731 -0.0879536519134807 -1.85633303722754 -0.0139082905653378 0.81487266884236
-0.0646539950869645 -1.72353575253664 -0.125729410337988 -3.64516160620912 -0.10597015191991 -3.17175233664878 -0.050330605544944 -0.982131361850802 -0.0879947913285184 -1.84074015848786 -0.013990688391704 0.805204525898806
-0.0654250752538437 -1.74024900206547 -0.124880013645461 -3.57073723933158 -0.104794911356508 -3.09335566348131 -0.0484560462786023 -0.897571794130929 -0.0866487487046508 -1.78859617080502 -0.0129348606949202 0.843198905772299
-0.0610099857674506 -1.54093535746405 -0.122151143044431 -3.42566939112079 -0.106133499888166 -3.1131096924163 -0.050296847284887 -0.991355984417056 -0.086690299394458 -1.78877669233426 -0.0130671651810375 0.829556835371333
-0.0596084783705975 -1.43116750206598 -0.121626684435638 -3.31998406125357 -0.104224141196817 -2.96313471313077 -0.0435025725580713 -0.659164207441719 -0.0794058406787725 -1.43480776539234 -0.0109688468043618 0.941138364623456
-0.0551858640872054 -1.26068608475382 -0.116520565399433 -3.11688340440761 -0.10111991965624 -2.80591835964104 -0.0438252442980718 -0.675309091287542 -0.0785537160993437 -1.39400043518571 -0.00772521245705948 1.07301855268679
-0.0552545549554544 -1.25188144770223 -0.116560045777606 -3.08562163027199 -0.101130317768452 -2.77561529436139 -0.0436250383636461 -0.655972010974511 -0.0792142137869174 -1.38780401330212 -0.00803864043239777 1.06166493433715
-0.0553888549040722 -1.24354193664683 -0.116117615915662 -3.04370611010675 -0.100202152847418 -2.72535355696857 -0.0441432647810895 -0.678876933962929 -0.0765884892115223 -1.28451345972109 -0.00807951612354652 1.03777955561559
-0.0549728448033331 -1.21714504420416 -0.11486037386788 -2.96102573317858 -0.0997159621328647 -2.66936230968193 -0.0453032804572551 -0.709950663945632 -0.0737052101034854 -1.11344645004489 -0.00547168421465849 1.17531664700424
-0.0545359687880087 -1.19918574020063 -0.114587859505022 -2.91901488662691 -0.100060361922875 -2.65895807556226 -0.0434146862578504 -0.614134235374989 -0.0715899767160426 -1.01400480378662 -0.003182370605741 1.26545472679701
-0.0544345788936751 -1.18007448923298 -0.114423213394365 -2.88685553394013 -0.0996118530060113 -2.61116304910753 -0.0435104075454731 -0.609896775340988 -0.0784377643461194 -1.32442750273276 -0.00313765189349824 1.27099182852488
-0.0545470954024367 -1.17040260294701 -0.114136451842167 -2.84339612821073 -0.0997344019828104 -2.5872967396393 -0.0434850955522068 -0.607118100211749 -0.0781297059550647 -1.30121914851952 -0.000867010201869522 1.34466296737501
-0.0557211651568037 -1.20196114640299 -0.114731947108264 -2.82372133709888 -0.100125081475176 -2.56592336468475 -0.0426472567206568 -0.563728200879282 -0.0768507336465092 -1.19431886039197 -0.00530670229716512 1.11746664365071
-0.0570577344078811 -1.25607739018741 -0.116008804664607 -2.8621443353498 -0.100410301311284 -2.55123150166221 -0.0422094211830861 -0.540916838546076 -0.0755583763616892 -1.11572022905565 0.00011524852491962 1.35896965287868
-0.0530056668863472 -1.0673744996122 -0.119466553081822 -2.9115190777714 -0.111615938553658 -2.91809633562366 -0.0461932487064445 -0.706046199809817 -0.0589946972469493 -0.558185368771792 0.0032393524097607 1.50172466591289
-0.054037845841117 -1.09956619517972 -0.120028603967164 -2.88198009467986 -0.111690320892209 -2.88240872393232 -0.0460907482433346 -0.68869277713758 -0.0576930859140081 -0.490267831947658 0.00415028544401641 1.5297380928025
-0.0530927323535737 -1.04759265594261 -0.121706478802487 -2.89864385139296 -0.11333170739095 -2.90437108792643 -0.0486625287639861 -0.764992595707672 -0.0572267260379544 -0.439331967633568 0.00343660091541986 1.51521567325841
-0.0540202461203003 -1.07838088287361 -0.121988394231322 -2.90632144474516 -0.114351265183499 -2.93885189896088 -0.0462284516111393 -0.666623904688323 -0.0500585329707302 -0.116419762003596 0.012327843256654 1.91012220570545
-0.0530221211843875 -1.01797188112032 -0.117448023590757 -2.6971511423037 -0.109100367397914 -2.71254043143474 -0.0443852665240438 -0.581093884127875 -0.0616682924644616 -0.750315459481428 0.013150395921797 1.93217635302882
-0.0546213010833136 -1.06816384567084 -0.11679649977297 -2.63541724523269 -0.108201158276945 -2.64156411085989 -0.045250025086399 -0.588408950790919 -0.0641600763559833 -0.833025565954223 0.0136922482384728 1.95382224876024
-0.0533819502422548 -1.0106039823748 -0.116474753731362 -2.59469921290292 -0.108268437916168 -2.61136869228026 -0.0482577369649577 -0.703217464386327 -0.0655100213424191 -0.863201234508871 0.0142152725697591 1.95657631043839
-0.0549758089163377 -1.07854328542729 -0.118135280357549 -2.63961375641999 -0.107182469195749 -2.57551049691727 -0.0492463613721861 -0.738819895391522 -0.0610323667728412 -0.742366048731857 0.015213273493127 1.91675910379429
-0.055945659888452 -1.11877895266971 -0.117553732787627 -2.5825296392022 -0.106552557658492 -2.52892970723261 -0.0465794646228466 -0.645138173519084 -0.0617053125461589 -0.783100579497548 0.0162226846026511 1.89027231008476
-0.05697114153004 -1.13867116665904 -0.12096064483579 -2.65554623153507 -0.108236576322245 -2.54309824099019 -0.0480787369407036 -0.684556920192787 -0.0621460339537094 -0.767732065492697 0.0185667940664587 1.98924890277853
-0.0571371418898392 -1.12843104032076 -0.120133157795527 -2.59299552473099 -0.108131742010297 -2.50759747058188 -0.0495407939727364 -0.718648545917117 -0.0634698045099185 -0.783064438209623 0.0189364456904431 1.98431562326666
-0.0568536071283137 -1.11070393827449 -0.11943354594908 -2.5828534305448 -0.108183197633135 -2.48206984548177 -0.0509064776292272 -0.760203935985251 -0.0644023882489371 -0.809566804700433 0.0194375768019107 1.9720134712658
-0.0569451006870723 -1.0915091811799 -0.120747385405104 -2.57368006670779 -0.11001988778439 -2.49562652304539 -0.052367708395197 -0.811606949161714 -0.0651319756499382 -0.815551414049365 0.0199491598249876 1.97653078751358
-0.0577156766590061 -1.10687512808755 -0.122326420369738 -2.59398602595987 -0.110588687243443 -2.47851717017307 -0.0525967387066593 -0.808857017230172 -0.0653162222427877 -0.815218347637205 0.0229557088208154 2.07862469113002
-0.0614671178138437 -1.21146653819945 -0.112744368105633 -2.20780934011435 -0.105128433628846 -2.24976385329118 -0.0511122168928215 -0.746386539237443 -0.0720183109904042 -1.05108905181828 0.0214302396807671 1.96614721116276
-0.0792383368063134 -1.70640904185084 -0.157350072734824 -3.18825763621101 -0.106845555621372 -1.98351393332662 -0.0573712512157107 -0.838977631710805 -0.110086112622455 -2.08906254527972 0.00854007487657427 1.5951927775992
-0.0794701142899372 -1.68767115611673 -0.159017171767089 -3.17073001758682 -0.109361333337443 -2.01844828600135 -0.069537390308126 -1.24188441376581 -0.110113605563899 -2.04735982518303 0.00992424483368881 1.65034971321275
-0.079910848483417 -1.67942210444236 -0.160800743756667 -3.17499018055127 -0.115439223336369 -2.17318227522362 -0.0718430687710399 -1.33375376847711 -0.115837994443484 -2.12382895533242 0.00944563578622271 1.63606354740655
-0.0773107989522646 -1.57451956917344 -0.15834645747082 -3.05998546581634 -0.113470653207056 -2.08845457783061 -0.0732244339834573 -1.36458414074632 -0.111019330545148 -1.94002570959936 0.0145390367402148 1.82281167371086
-0.0770690797409574 -1.54624229736536 -0.158012583862837 -3.00958413434995 -0.111949898346406 -2.02095775868316 -0.0646603725543695 -1.11002843868924 -0.109208952858464 -1.85021000758522 0.017964238536723 1.9464739873917
-0.0768574536012787 -1.51754593011633 -0.159213483711016 -2.99258440694524 -0.110632174579647 -1.9622955203088 -0.0655908821170845 -1.13691950532978 -0.109392010688285 -1.83240101737382 0.0187826634061569 1.9591452037822
-0.0801332539863897 -1.58196560331139 -0.171680004394291 -3.20729158442864 -0.118929421040957 -2.16688122019376 -0.0776600292467786 -1.62963579070425 -0.11363355747532 -1.92943845558455 0.0163356274608484 1.85440739733944
-0.0812761120137688 -1.59807916393924 -0.174507038152103 -3.24284781406598 -0.121471231401792 -2.23557570321421 -0.0754617964382052 -1.56754321515476 -0.112956506362895 -1.89645392283854 0.0210588077598762 1.98754108574815
-0.0850958840484886 -1.66674660510247 -0.184138856759089 -3.36890473815447 -0.128983792471111 -2.38597363785484 -0.0895727263589299 -1.97286916983738 -0.118085529222672 -1.96068714433288 0.0210619769422724 1.95817302562121
-0.0881863567857288 -1.75120441209677 -0.189513760985472 -3.49963327086472 -0.129818233073844 -2.3764509099637 -0.0896650403863659 -1.94727232784351 -0.112206861015232 -1.80718183629845 0.0273169125320378 2.15154798442317
-0.0926434110198004 -1.88437015379546 -0.200835657067991 -3.76399115058127 -0.134759059590291 -2.51492387187856 -0.0912888885129106 -1.96227491411311 -0.120380517978108 -2.07015529116209 0.0219895219179217 1.87338730994653
-0.0905039609258298 -1.81626347016364 -0.195806058546511 -3.61551730330766 -0.13274728433544 -2.44199205817655 -0.0919970559968999 -1.95477718560055 -0.109080056291084 -1.75166245232171 0.0316743320893541 2.16119943585113
-0.0861668606429349 -1.68383410985949 -0.188305052272103 -3.38569368600407 -0.12824582400998 -2.30068976280021 -0.0918052564783467 -1.91245999004952 -0.0975613340924391 -1.3881238259472 0.0330953468978654 2.15214196670619
-0.0869349819950023 -1.67917087381341 -0.192209109362719 -3.43286446003585 -0.129595935746092 -2.33093550882368 -0.0996038375199189 -2.13324356938573 -0.10306977291298 -1.5004251101101 0.0314164176078576 2.06873669205746
-0.0853387190166668 -1.61226579038897 -0.192508322076527 -3.37862010500546 -0.129208336150882 -2.28557838297988 -0.098127311170396 -2.06295575257351 -0.104647428715043 -1.51765144801012 0.0300437577081624 2.00967586390402
-0.0581671857926647 -1.00753071932189 -0.164813763125755 -3.05558703482713 -0.111877597570054 -2.04791984287776 -0.0861109962013753 -1.78541237254828 -0.0793356155837783 -1.1741312333058 0.0361357295345517 2.01577555419586
-0.0467310804675245 -0.697068073267129 -0.134230336638393 -2.46521369244313 -0.0997547325306878 -1.8143060151116 -0.0548544811717588 -1.00557038727066 -0.0659457109458386 -0.842043955847427 0.0354103604144586 1.96747597093988
