"V1" "V2" "V3" "V4" "V5" "V6" "V7" "V8" "V9" "V10" "V11"
199507 -2.38734448714752 0.562740794094163 -1.51249813741108 0.522013991354436 -3.22104833949002 0.616514353769163 -3.83254629494685 0.816559273084605 -2.11438356803348 0.0352069704585431
199508 -2.38734727035279 0.564320586874649 -1.51155878092506 0.52242353881883 -3.2195318547886 0.619206922961923 -3.8339105060534 0.81540245838882 -2.12921207295418 0.0373787739621273
199509 -2.35076700236447 0.537025120982116 -1.50235667895684 0.518746722303362 -3.1678709395601 0.663363020478221 -3.75155953683393 0.901241427053651 -2.1063344228482 0.0356994488144807
199510 -2.33842419996253 0.528407836428643 -1.46864752652709 0.489952513678882 -3.1455702673425 0.685464319276423 -3.73545631552565 0.914245211913074 -2.07575722733422 0.032990437321128
199511 -2.35313873725658 0.537280661572981 -1.48754029849034 0.499452358194053 -3.16194215572123 0.67810321852032 -3.75342382871411 0.902500713119212 -2.08618909523439 0.0345795495865844
199512 -2.38377152708558 0.563665143665729 -1.49123138907497 0.505950393408265 -3.18346406622247 0.657224924800639 -3.70828070324734 0.935350437823535 -2.09815834494291 0.0374269818837416
199601 -2.38359646872712 0.565079327449738 -1.49132717650333 0.506574309245993 -3.18718045847646 0.656245555860238 -3.72026165084249 0.928308353538352 -2.10023114304254 0.0384014009065486
199602 -2.38372745228377 0.568679219863073 -1.46331971382616 0.487798497544052 -3.18179636188181 0.659000766911921 -3.69467504721652 0.946907774590449 -2.07721419100599 0.0370054458815514
199603 -2.37600792978638 0.564629540583887 -1.45840053255173 0.486451883778356 -3.16596570432068 0.673246449262597 -3.70919344694958 0.932840672772509 -2.09267793614258 0.0395108176200478
199604 -2.37636672785242 0.566525574820588 -1.45935018200143 0.488881157014926 -3.16950339478288 0.671939290626734 -3.71987523176156 0.924924221697458 -2.101159624238 0.0411582527441412
199605 -2.36360236225122 0.560770732723665 -1.44335692850135 0.480864769508323 -3.14731216754371 0.689506502413114 -3.66432336631104 0.975818158991671 -2.07998432708512 0.0399638432468261
199606 -2.37402620881422 0.573310183034428 -1.49089696130671 0.518521985528075 -3.18114569808785 0.658558744770847 -3.67941599809418 0.95412078174651 -2.17675429516702 0.0528640977232523
199607 -2.29490592022907 0.493048751971543 -1.40123989345744 0.444668884995936 -3.07635590156117 0.764628914963925 -3.56435393791654 0.925294752399541 -1.98274943714571 0.0272365585795734
199608 -2.31266209328282 0.505417104618164 -1.42425888498263 0.461345361603669 -3.09624613079857 0.750920692903437 -3.56894853891465 0.929505929611106 -1.99433810826117 0.0285670338358957
199609 -2.30101171016537 0.497238207533419 -1.39533783675101 0.44154599667042 -3.06599670517111 0.788276474017805 -3.55200845193566 0.895421343973299 -1.98621125768415 0.0284501479047731
199610 -2.36245012098018 0.548684931697966 -1.39184488603386 0.44609403043221 -3.07113909447905 0.778771531849665 -3.55652170663283 0.911213830209699 -1.8976775449101 0.022775618235885
199611 -2.33009019434884 0.523237881306265 -1.35330487044232 0.417879944847142 -3.00763511532076 0.849671768740291 -3.45882831377737 0.793644173341693 -1.87670045512205 0.0220854269814387
199612 -2.28871831835633 0.498407240464647 -1.29685493899663 0.391404865700688 -2.96158499554176 0.894119943998654 -3.40610653903248 0.746572362556006 -1.86469915709606 0.0219100055203268
199701 -2.33751551829222 0.533112147506752 -1.36939395921583 0.446876256325177 -2.99553585711831 0.872002895877986 -3.46524674245396 0.771923422140909 -1.87132524536147 0.0227945652496599
199702 -2.37044435004405 0.566903524815808 -1.41696840638377 0.494003840583137 -2.9979906085098 0.862723791795572 -3.48772323967486 0.802750999454927 -1.9132061655889 0.0269029223843304
199703 -2.34242848197215 0.537948693468059 -1.38953860565361 0.476567268919857 -2.99956862252002 0.877969090613453 -3.50163842667275 0.772601835303026 -1.91489500876707 0.0262823841152434
199704 -2.35096735626097 0.548022441935192 -1.39899495973115 0.488259197215186 -3.05515270409775 0.836392965665543 -3.63814965306852 0.861996272394548 -1.89279881371556 0.0250961536126728
199705 -2.48634323293151 0.644300730681431 -1.56808521987573 0.613485796258655 -3.19436041668395 0.726184984282847 -3.83609361786621 0.975595068072538 -2.03734149535095 0.0362497327410139
199706 -2.49132967372125 0.643858790102629 -1.57043347801225 0.615486951666413 -3.21943393980499 0.714643012997108 -3.8526611392351 0.966295761053017 -2.04628219923633 0.0378103711654448
199707 -2.64869860156751 0.762965891763617 -1.71991219778567 0.734008452676751 -3.47173908535849 0.539865949310019 -4.13112482003775 0.744682263958712 -2.12141761424929 0.0472299385490955
199708 -2.47542673155776 0.645519248791746 -1.54887367543233 0.615997601895169 -3.11047081827334 0.805214294943781 -3.5327565296903 0.762301485667148 -2.07026540313004 0.0459135038544799
199709 -2.33799286821683 0.542450576276972 -1.43404504295821 0.534008181917271 -2.96739269305226 0.924376604805399 -3.3382109917349 0.618349756787103 -1.9208259182725 0.0313139142951912
199710 -2.19001216645673 0.447224785035412 -1.26581467747793 0.424140830305368 -2.79560229942928 0.927364125869323 -3.06873265573206 0.442188024702432 -1.78704289179978 0.0229063675299224
199711 -2.18293073344347 0.445335998143502 -1.25810394361781 0.422864728366365 -2.8153701507446 0.939434857084471 -3.0395293127125 0.417440390945282 -1.77225037376507 0.0225433424028631
199712 -2.28550758719797 0.541871225840177 -1.26486755692219 0.429696556742701 -2.83459977188905 0.977309594408035 -2.95444277928847 0.402687408373758 -1.72962311487084 0.0219754425290258
199801 -2.22076969907861 0.50125010452478 -1.3799938894868 0.525226588601627 -2.81861506326475 0.964196790100239 -2.97143113782676 0.416332632924942 -1.730580846441 0.0231896960852022
199802 -2.16877693040611 0.457267761294314 -1.1826549472854 0.400330172152883 -2.90737079212824 0.977825265215415 -3.01948682447497 0.430675755099138 -1.75422303434434 0.0245576344958881
199803 -2.13862982639554 0.438262263006492 -1.18204015493197 0.400832730637181 -2.88240550752474 0.996637792578119 -2.98368531184501 0.404120885475136 -1.7207230827849 0.0225209308734522
199804 -2.1395871307933 0.441105048285921 -1.15711883234468 0.391585380958652 -2.87092418370196 0.988118194747677 -3.0071700957008 0.419212055548543 -1.72107655370679 0.023160769506718
199805 -2.20208556375676 0.477801389478084 -1.2194803266288 0.429930825270679 -2.9290839667798 0.964662556494294 -3.07113106664008 0.451928322786441 -1.73763069926651 0.0243673732862588
199806 -2.18870909551965 0.471451975160377 -1.22276838178592 0.440483210037926 -2.90321442034309 0.985303932811425 -3.01576897008262 0.414559605640649 -1.73509195829498 0.0247925026939557
199807 -2.0737269343243 0.396657284752578 -1.29954659890148 0.487087427799543 -2.82739052772765 0.950717042735673 -2.95948887794364 0.386700904403971 -1.65133243632645 0.0202142064703079
199808 -1.7952442793405 0.204167802414289 -1.82756733350571 0.79520853169583 -2.62905029634144 0.610747922139046 -2.58228846479942 0.111084253660825 -1.30373410123168 0.00402393571058918
199809 -1.85447112130297 0.225118212450999 -1.84404037987091 0.803986256978831 -2.69814661771004 0.662904067266806 -2.79459271779867 0.159261172511688 -1.7455924709264 0.0193428931913714
199810 -1.97775867097438 0.294152119189548 -2.06896538344006 0.982878706971935 -3.12314008442123 0.990098669965236 -3.40967412311939 0.476474948191236 -1.93131998189631 0.0357378432231577
199811 -1.93914147028154 0.277117108944268 -1.96520972839165 0.896236040742522 -3.00812223036455 0.895682104532996 -3.09818244077213 0.300386440231818 -1.92965808183196 0.0340186890056714
199812 -1.85851148309526 0.246177498927981 -1.91686950244641 0.857694439005144 -2.84388470751713 0.760339204308951 -2.79705870067528 0.183886348765157 -1.73763644599958 0.0199500671921808
199901 -1.89090115606048 0.264703527939676 -1.94699375437262 0.887276366182631 -2.78253036155858 0.719235579652345 -2.69674799652071 0.15274402672304 -1.85821647256392 0.0267665441289821
199902 -2.08782145718909 0.378363213690584 -2.09262361935922 0.990573634122591 -3.11796003890219 0.996487344242103 -3.49221039699021 0.620416754252049 -1.91071871981214 0.0320015419707839
199903 -2.11536062002076 0.400986577751296 -2.18019956861539 0.918770948462984 -3.21855080498814 0.914929470849862 -3.45859268663746 0.62298023324452 -1.97334526278217 0.0348024470378669
199904 -2.29008272470075 0.541402380143467 -2.44678550761754 0.696908905281523 -3.44739307889281 0.696421311604405 -3.40021664364634 0.689679388207221 -2.09229246509886 0.0468686238510192
199905 -2.45643777189972 0.713260961291759 -2.02329856759107 0.957820277332506 -3.07985465881109 0.901562496841589 -2.88224468250546 0.403310125805018 -2.26235800126859 0.0713659138736787
199906 -2.39385662299496 0.692288729698707 -2.18686122145459 0.806883936105495 -3.32533083303408 0.696399106738122 -2.97635376964784 0.444335260070799 -2.25299573778701 0.0720639873138761
199907 -2.29793693885181 0.63783875696496 -1.94043032921842 0.98171218618426 -3.13362211160011 0.838631287102969 -3.23538802206891 0.604318157133957 -2.37602657869538 0.10245439912059
199908 -2.24578327209128 0.601484494821208 -1.88366764814483 0.973565556740108 -3.03223827418675 0.920715713442111 -3.22305366863329 0.598514717554466 -2.38663051613925 0.106267606669347
199909 -2.50556257042087 0.796276864318935 -2.05795128803248 0.886005955288343 -3.04814130066053 0.859161284290226 -3.95335857601025 0.741821203410075 -2.39608013526722 0.113140864626135
199910 -2.35512388349179 0.718334222351544 -1.80189908610562 0.919933015368459 -2.75950065772612 0.911322501303849 -3.55470099776627 0.997167937697099 -2.38573487347185 0.107898560579862
199911 -1.93616455512478 0.546425713908723 -1.84734731588942 0.964390652041825 -2.55155324843481 0.858405892324724 -3.15204458289371 0.795748601617683 -2.42405795483487 0.116030290380511
199912 -0.279368095921284 0.0711100728874879 -1.3887712841935 0.798894568653795 -1.58464150876896 0.307678595880713 -2.33473491083911 0.438646180416338 -2.65451466360662 0.167568172769214
200001 -0.270554241270027 0.0722529617321322 -1.56472280092654 0.962489644192603 -1.28340470243766 0.177804244699101 -2.43349443784615 0.473776804276781 -2.42230773081638 0.137544890017284
200002 -0.849241361750219 0.270649479888519 -1.50305683256362 0.962372782265566 -0.879227060318666 0.107940902735014 -2.70252292153308 0.706994312016361 -2.30893640443743 0.100537240468413
200003 -0.898652331040717 0.347806715299325 -1.28949606819886 0.794585164031934 -0.618984196987049 0.0583894159338565 -0.0533062769968673 0.0148686017905888 -0.368980023032828 0.00628448867675067
200004 -1.26321662084736 0.626876435139138 -1.36375653745486 0.927407973733957 -0.683713209153858 0.119796905048661 -0.931684912572806 0.141718814777717 -1.20310736148221 0.0702540726878685
200005 -1.47291167213388 0.883847422663539 -1.54454945881131 0.847555916014207 -0.992742760464038 0.276489261000377 -1.47319104458048 0.439898705482564 -1.86146819630693 0.269086124462029
200006 -1.53088163650408 0.946558339926364 -1.60590736673643 0.796457026537119 -0.996169347252907 0.29695154154621 -1.00720554136944 0.248107922211534 -0.993820224940611 0.0640045979221995
200007 -1.52842957452777 0.944284589886673 -1.60144431168296 0.799601205412175 -0.973941446010373 0.287209083705163 -0.974279895816954 0.236706897293515 -1.04212282599265 0.0674189645271943
200008 -1.32951748089574 0.799058346332598 -1.36353291811049 0.973881888128186 -0.677258237346434 0.18481499052163 -0.703750118152136 0.157957189808201 -0.672904636311933 0.0301182349118028
200009 -1.29027124965961 0.773441645762617 -1.26578842701084 0.955788992019936 -0.146160715538612 0.0645812091382288 -0.542069018277624 0.125666512652744 -0.372676486655155 0.0150932472199247
200010 -1.55335131170413 0.954670624897321 -1.3262928221806 0.995668226184856 -0.216947505685638 0.0787214112661848 -0.473964898270185 0.118646911515323 -0.698025881330033 0.0320734551787556
200011 -2.79432237618218 0.265867009416336 -2.28266851369203 0.357828238769236 -1.38280169879017 0.563051555862145 -1.53864968613959 0.699065761370332 -3.25687053635531 0.92151385247131
200012 -2.3718702338773 0.388572486983427 -1.80835617499759 0.571491211549848 -1.68871564768054 0.863861887839644 -1.20569196835607 0.574667414685898 -2.90305288616717 0.931852111530794
200101 -2.28521655538709 0.423781330225072 -1.76397907118948 0.593167761522749 -1.45152923151652 0.712030324328869 -1.21894112038938 0.599149182476083 -2.63971321782799 0.902101608991828
200102 -2.04980602979443 0.56081927926767 -1.50774774906648 0.775343662652921 -0.992712901067572 0.403772477830394 -0.852468280326346 0.384919884812193 -2.08612702305806 0.465381899870778
200103 -2.14707974215385 0.506875853775582 -1.46405427543725 0.809557872552302 -1.48508870906146 0.67670400631029 -1.10650437511284 0.50331889539087 -2.74988777844729 0.854274410712755
200104 -1.83799677075613 0.692694239029514 -1.23408026180312 0.974765165485408 -0.824910412855662 0.318292280755049 -0.87442271093856 0.397916109473266 -2.06994933354838 0.443650260065735
200105 -1.84181489694426 0.691883226911085 -1.23252491888488 0.975865862403717 -0.82541621927652 0.321303386564872 -0.875703998978872 0.401321140404774 -2.0717021863552 0.447142599163582
200106 -1.79334141886807 0.725272900700522 -1.1893952908749 0.997067798018363 -0.82111921824477 0.321343784739709 -0.850337766899689 0.386885656479571 -2.06851360571032 0.447735386528068
200107 -1.96085548043465 0.613719877964708 -1.32953280359391 0.905163625122918 -0.862323672253362 0.366245458803473 -0.81945016116618 0.404473543080162 -2.85804264110709 0.946090933687834
200108 -2.38197404526264 0.384209252179603 -1.79006859204514 0.611443840996022 -1.37873657501781 0.66471793865894 -1.26179207787263 0.666093747756853 -3.56224449385285 0.584378427154223
200109 -2.97573594391998 0.198754085631617 -2.02630118668119 0.508740622618834 -1.85149545107453 0.959525809768789 -1.62376701268745 0.893805324917408 -4.55394303768057 0.202392800011349
200110 -2.63067782742119 0.310462608627709 -1.86722420965184 0.587402891401818 -1.77660772328063 0.934024560569389 -1.58435253192473 0.877448579234143 -4.12905902247445 0.34973658559998
200111 -3.13048121606778 0.149266961066124 -2.3175939243272 0.355360998226821 -2.36898796446141 0.646412112242137 -2.04425036352158 0.787824046480474 -5.10577255754927 0.0773710955751092
200112 -3.08855001834032 0.157931098401319 -2.3098392504695 0.358376186244382 -2.43973336138341 0.595350431624839 -1.98984037148151 0.814899372429714 -5.14076728726875 0.0699953877949438
200201 -3.10373971440587 0.154719785336433 -2.39310120646796 0.323892020987446 -2.4797758625851 0.571159064404503 -2.01223823110213 0.797095237486818 -5.3688500168755 0.0501368881027262
200202 -3.04014288348324 0.177105596993903 -2.32118904409073 0.354860486414796 -2.45624673416849 0.587322335982482 -1.98204242173199 0.817605233995025 -5.40100033189064 0.0505550547477141
200203 -2.61776540660132 0.310844481961037 -2.20135602543321 0.406940537471781 -2.20636799614435 0.720873258147001 -1.90116043111164 0.859592906114335 -5.05155764047676 0.0866218787275529
200204 -2.68247091659399 0.291784059690333 -2.2820453447808 0.377191503589693 -2.31780164892414 0.671308325434686 -1.99991074208792 0.814995775639501 -5.20219438504346 0.0744288610923035
200205 -2.83821172107983 0.233739678269295 -2.3536974172079 0.346657209819012 -2.37782227597381 0.621635611114078 -2.11983746675515 0.728311328248709 -5.37943734475606 0.0499362025514185
200206 -3.28788027440894 0.128587815071838 -2.47871280717926 0.303292866773993 -2.82750748706877 0.407608749632428 -2.66549922311099 0.448632821242996 -6.14443160317044 0.0123540669037417
200207 -3.75544196663182 0.0677824183039661 -2.71040472823232 0.239553505245931 -3.39710028509703 0.226714652422619 -2.88817522728158 0.358101502708417 -6.68994424010294 0.00450224566692208
200208 -3.7553576851483 0.0694852836631452 -2.70364129914702 0.244502248162015 -3.39239017543191 0.231116344363943 -2.89122436462197 0.360158612172488 -6.68797159402934 0.00477269367618358
200209 -4.19274305214492 0.0352777281622438 -3.23879198154509 0.127817258439333 -3.97589206688294 0.113828201406504 -3.58924580036262 0.174084974056302 -7.08298800898732 0.00220387214779726
200210 -4.20052569124374 0.0366286609595763 -3.42041223684568 0.105238269525367 -3.92485757631571 0.130344557567034 -3.68218228653774 0.163074996541004 -7.18525405767352 0.00203117641253048
200211 -4.21501248816039 0.0382444358545841 -3.11825686209903 0.168075096406039 -3.89848933131696 0.138229168591146 -3.6585131142989 0.172485769506344 -7.28969298923137 0.00198232344292189
200212 -4.25816222414279 0.0376445175594042 -3.37872266305215 0.124720690938523 -3.95175224317581 0.134518730051952 -3.73996325664883 0.161667591449005 -7.35787439198108 0.00205009648344609
200301 -4.44716015379323 0.0276116979226338 -3.40317574107905 0.124244459279986 -4.1244805327733 0.107340025957954 -3.85969729150686 0.139838535854674 -7.43442352412935 0.00174245942138004
200302 -4.44173309670481 0.0293474134604468 -3.36014521347914 0.134387115779156 -4.09917375706461 0.113993490566166 -3.85144578347592 0.145417437781041 -7.44394449250665 0.00185734420189099
200303 -4.46489411098261 0.0284668287670375 -3.36345793341122 0.135860987678362 -4.0381144519219 0.125041788843891 -3.81752023434496 0.153093896898242 -7.36601070372778 0.00222480086429463
200304 -4.46349076759074 0.0309781953295769 -3.43387742120882 0.131068679370655 -4.06455762940037 0.128402689571846 -3.87570171111176 0.150386998147969 -7.53079843589988 0.00192411203156864
200305 -4.45437676229112 0.0337863097427883 -3.33321499139492 0.155342141416679 -4.04345691640211 0.13701043517245 -3.82998626350599 0.164671007118453 -7.60172691087591 0.00206317264544045
200306 -4.4519322640808 0.0350506174867847 -3.34432468649923 0.155003867305095 -4.04588015656893 0.138459055195733 -3.83657846004759 0.16591761919835 -7.62318240644539 0.00211682072131361
200307 -4.47674800821405 0.0356465640563275 -3.40480587079248 0.145702907905451 -4.06970164144989 0.136835307800613 -3.82092324245522 0.172497045831847 -7.62893296782388 0.00228671783416969
200308 -4.43006600137592 0.0395441743703304 -3.35525071679414 0.1580164652406 -4.01905616135216 0.149315162076625 -3.84043481783687 0.168940321598249 -7.47966798262802 0.00332864068932682
200309 -4.42302535178019 0.0415255387907464 -3.31387729207901 0.168263090423538 -3.98540412152992 0.159579447086519 -3.83326842470275 0.173556885012083 -7.4762705791777 0.00357443306527312
200310 -4.7419718957513 0.0252881254761423 -3.6260419966049 0.110026739379062 -4.31917333308323 0.102704327071248 -4.07676393322192 0.127276044750418 -7.91296509995374 0.00152900769910456
200311 -4.74757003322808 0.0260488222853647 -3.62487671025076 0.112608328402974 -4.31830063708347 0.104761667368821 -4.07895723549769 0.129533208227692 -7.91964304752095 0.00162173231677899
200312 -4.77594916944579 0.0264951647431228 -3.5896859126811 0.121837622117907 -4.31706316609477 0.107978309224956 -4.10973849158796 0.12838222252242 -7.9226777009725 0.00173765436833355
200401 -4.65012487332905 0.032765839823859 -3.60071486940057 0.119100648962973 -4.19192487285358 0.12540350152959 -4.05583497710977 0.135516627347609 -7.59314318713542 0.00357244640567852
200402 -4.63755276531035 0.0346403975871293 -3.60116077568202 0.121383848442191 -4.19148062028711 0.128424550132663 -4.04467162224682 0.140033337419496 -7.6381288927466 0.00345852192458493
200403 -4.66915347166903 0.0341902559357843 -3.61449217763801 0.122102368356776 -4.20879658111044 0.128442751993287 -4.08615763556894 0.13649742754723 -7.67638397910662 0.00344704555036709
200404 -4.6512492622756 0.0369065239297819 -3.50932369284538 0.140529529271111 -4.10261092622435 0.150243022458653 -4.05275386536312 0.144151518157211 -7.59247213306211 0.00445769817397699
200405 -4.70584035223121 0.034378519908229 -3.50987579020652 0.14184605222302 -4.13154575907486 0.144533523837062 -3.98964477743453 0.15611721287734 -7.63011742543529 0.00415752127213328
200406 -4.69101948368174 0.0364121315089711 -3.45930866387243 0.153367981037173 -4.10890681280647 0.151253072926811 -3.9864833335693 0.159502270888426 -7.62848190376859 0.00444407561803044
200407 -4.80098235600797 0.0323250113624798 -3.45572010566519 0.15938644742198 -4.14629466208194 0.148919341746458 -4.03993635866744 0.155408711407822 -7.92681635571535 0.00305250693355222
200408 -4.80597883575795 0.0332624151486327 -3.47157767521842 0.159297418293929 -4.15971901748109 0.149037172961783 -4.03469051982879 0.159127741773172 -7.99764565443914 0.00285120752945211
200409 -4.77589021411096 0.0361911027690154 -3.46530100855034 0.163247684511928 -4.1297955512551 0.157208788300055 -4.05372939855857 0.158267475686345 -7.96172694422148 0.00329293411265566
200410 -4.77674932842691 0.0374976714024977 -3.46534274418255 0.16630070276569 -4.14615730945704 0.157503885177002 -4.05203237745362 0.161597459013706 -7.98375860828153 0.00340741018560862
200411 -4.86643343440132 0.0346203431989059 -3.50968894749606 0.162089241269186 -4.22261793744365 0.148029001156715 -4.10021775710174 0.156847043019978 -8.13842889403966 0.00292622268238197
200412 -4.82670029430048 0.0383370309231446 -3.50612926307401 0.165840232982261 -4.19925113358131 0.156152399584952 -4.06036386421573 0.1685694870674 -8.0764674034463 0.00355160150913998
200501 -5.055346239159 0.0281333524396764 -3.62885835414841 0.145968396650171 -4.32414556863834 0.135758615097888 -4.21685912392402 0.142647333297148 -8.39867411504303 0.00210133816610472
200502 -5.06260300116141 0.0291436274126566 -3.66743196846795 0.141790524275391 -4.37817350790082 0.130443950832108 -4.21953243356445 0.145045009487576 -8.39897754319947 0.00226449258560895
200503 -5.09251369230233 0.0289506340824296 -3.70704792666972 0.138986115081304 -4.45833460179343 0.122010684491134 -4.2837577565161 0.137822343319784 -8.53332706875229 0.00190628971543885
200504 -5.16723104148369 0.0270180055603021 -3.76870724494152 0.132553483929196 -4.54276695372937 0.113287423854613 -4.38225075606318 0.126551358355472 -8.69228305344196 0.00157991258329575
200505 -5.21218735620157 0.0266764409173139 -3.82135366732412 0.128380534546305 -4.56267329008877 0.11407152847999 -4.41519975593383 0.124794248042681 -8.80800988370658 0.00143976391311372
200506 -5.18712233772218 0.0286655512866119 -3.79845268928189 0.133415513028992 -4.57958213224323 0.113371651060804 -4.42471569865655 0.125581193738421 -8.79484218858508 0.0015932378783292
200507 -5.19241313965511 0.0300973961959005 -3.82556579843956 0.13296731329557 -4.61117822227826 0.112931256311876 -4.44682064207307 0.126211860624829 -8.82677400441709 0.00168552375772376
200508 -5.20341499090038 0.0308577709766324 -3.85507672862528 0.131593088847679 -4.64438364390201 0.111738399872761 -4.51476215324054 0.120375180864264 -8.83521903267443 0.00179786360288692
200509 -5.20420668231967 0.0321661538852161 -3.85374927292461 0.134817225370858 -4.64622616258308 0.11436784480578 -4.50868184551183 0.124200608029698 -8.83751463561986 0.00194395992142628
200510 -5.25149331603902 0.031330967331036 -3.9103328018383 0.129445198327271 -4.72934329500014 0.106946745874051 -4.58818536889105 0.116957164877505 -8.93746117996967 0.00179182669512132
200511 -5.29732380041998 0.0309992021214491 -3.95825111623236 0.126607871725913 -4.75629084871798 0.106940415960948 -4.62915980839249 0.115219597519435 -8.96907929359982 0.00184316549910665
200512 -5.28868242961846 0.0327815735625373 -3.95459044987543 0.130158378580635 -4.73023709192688 0.112808713804916 -4.601724125822 0.121646059943428 -8.99103871219671 0.00190697117967158
200601 -5.42681396913192 0.0283876132485687 -4.01948550156757 0.122543726070866 -4.8947994691011 0.0949212698863315 -4.64270758670899 0.117171141267166 -9.24048677516385 0.0013415842811176
200602 -5.42642498036798 0.0295849423893388 -4.02453813003711 0.124832035552741 -4.90955627039777 0.0959774955711065 -4.66859749060333 0.11649684957141 -9.24794723126105 0.0014185293816117
200603 -5.42091734345782 0.0308049286342008 -3.95983855144966 0.135875618781336 -4.8354699414201 0.105759061772176 -4.65261184672752 0.120099039315396 -9.1209210135238 0.00186110600101014
200604 -5.4308819121869 0.0318503054615757 -3.9617801772754 0.138898145489201 -4.83734462811867 0.108512734264612 -4.65277274644689 0.123212646201674 -9.12088819520866 0.00202842014043739
200605 -5.44814881449951 0.0329453120194678 -3.94829048023688 0.145414507112822 -4.8145906878998 0.11596082536723 -4.65103413988204 0.128664653454716 -9.17557377625573 0.00207726273715298
200606 -5.44601419496666 0.0345504165564133 -3.96677860805634 0.146250848162378 -4.81460666940083 0.119082374668164 -4.64937985984448 0.132198112142728 -9.15963441590595 0.00232257763523948
200607 -5.44832335339038 0.0362265475547747 -3.97746652627962 0.148023778068317 -4.82146594742898 0.121392335610087 -4.64617291362315 0.135982033564072 -9.13053115555733 0.00266037104929423
200608 -5.32999363606848 0.0431714842163643 -3.84140668622119 0.169828147221735 -4.71351403468416 0.135609564220839 -4.56765272676753 0.147758616372748 -8.95304615067822 0.00364085616823592
200609 -5.33274852459986 0.0447719614226341 -3.87922192510182 0.167871295568524 -4.74484190748177 0.134735887171825 -4.58587425243351 0.148441114936475 -8.96870717425362 0.00381525982178813
200610 -5.27523749421173 0.0501001053070853 -3.83698329445503 0.178155592112802 -4.69832155806575 0.144443513830822 -4.51092916001945 0.164422406849427 -8.93786581115339 0.00439227842802264
200611 -5.30328277079617 0.0506581531554335 -3.84063371312233 0.18148222207082 -4.70414470703695 0.147187031806815 -4.53155468070301 0.165119819675678 -8.96071694503357 0.00459096035686136
200612 -5.30082663114564 0.0528517198401845 -3.84029876084786 0.185460701385589 -4.69796570965493 0.151899194875065 -4.54145741157916 0.167482042718303 -8.95445126886052 0.00501200259023669
200701 -5.2900868720426 0.0556763167104632 -3.83484814384278 0.190216389501502 -4.68712887641862 0.157279763268699 -4.53420755675829 0.172370768105305 -8.94289001251065 0.00554503825747287
200702 -5.2880999511258 0.0580494871824545 -3.79884055234867 0.200800819075731 -4.66243053658895 0.165942278249748 -4.52869389849013 0.178677638514711 -8.94727693262512 0.00599035468791198
200703 -5.28782657374416 0.0604090914242476 -3.79949081366724 0.20478110195782 -4.66203143151067 0.169930339803003 -4.52960663187032 0.182585732834677 -8.9465955271246 0.00646995478705118
200704 -5.23799105590876 0.066246933000201 -3.77175903707987 0.21461902384717 -4.60304461267032 0.183819095858141 -4.46533119458508 0.199805985352732 -8.8804963043571 0.00760959887002574
200705 -5.20877493514855 0.0711368827298139 -3.74319176400166 0.224792114490065 -4.5677933408655 0.194291668696349 -4.4052091427756 0.215685563429448 -8.817266902026 0.00881588366952532
200706 -5.17992044551205 0.0765260410602641 -3.72987995609002 0.232001787644574 -4.55683722478117 0.201660966014703 -4.39009871816785 0.22356849834638 -8.8129805966076 0.00953063254842879
200707 -5.03310861485009 0.0920098340513055 -3.56968520746004 0.268962604592791 -4.40690622000928 0.234264201448948 -4.26977168440696 0.251544501386845 -8.73517215100514 0.0113762783653854
200708 -5.04475380313061 0.0939013207325037 -3.58563492141899 0.269103946131495 -4.42575855725984 0.234309500953183 -4.26155077425581 0.256933850322794 -8.74479244405724 0.0119752675615391
200709 -5.0056427083671 0.10094368024432 -3.4541915834722 0.300017688497526 -4.33774987581295 0.25451875698915 -4.21723032239112 0.272097419482372 -8.77740539372538 0.0124087579098643
200710 -5.07941545732027 0.096314885767993 -3.48637563094396 0.297299819782553 -4.34336888457771 0.255822559252648 -4.31179214703457 0.255875897124286 -8.71139188494674 0.0138605808111468
200711 -4.79344620882587 0.128622735933194 -3.20259455950598 0.370470436701651 -3.99668787302143 0.331196269373624 -3.90605653311189 0.346955778649468 -8.17661130789724 0.0263992755198231
200712 -4.75768743779217 0.136726998240485 -3.21483077116604 0.372657093500158 -4.01388975660584 0.332997035174728 -3.8920933859254 0.35416471923363 -8.16142569718088 0.0282223195885684
200801 -4.78873429369104 0.141938236647463 -3.27335723523947 0.371160312390904 -4.02072608988622 0.341580761911667 -3.9287561274149 0.365154781464871 -8.19544984537575 0.0303171782171444
200802 -4.86596550657041 0.137620389653341 -3.37962342764306 0.355023040033538 -4.15261185647526 0.319273729186882 -3.97437597110462 0.36142737799599 -8.26427493711734 0.0301305715981048
200803 -4.82474505659103 0.146139356757641 -3.31548647116016 0.372499379787204 -4.04936195722136 0.344027857555517 -3.90107413121434 0.381900448377745 -8.24927044434121 0.0319271455652869
200804 -4.65855480756927 0.168054748370179 -3.06228759751856 0.435400743031858 -3.68408298418939 0.433407145612723 -3.58759335837027 0.463050700731355 -7.98649190598468 0.0430356579264928
200805 -4.65344183470096 0.173631835846465 -3.06745403523123 0.438166807797288 -3.67505547069502 0.440617604181114 -3.59353847319743 0.46666396072887 -7.99254224323971 0.0453575322952035
200806 -4.40016553976343 0.224289521635895 -2.65665391837495 0.576239202712094 -3.24893859181263 0.58660737006959 -3.24586875415791 0.580751203824907 -7.76269548199726 0.06386087324471
200807 -4.30273553888356 0.243653728961607 -2.5805591579835 0.598155440824501 -3.14904387609705 0.616853556053768 -3.13058008985336 0.616200939634972 -7.71622398435363 0.0680512739863228
200808 -4.29078231507869 0.250200471242479 -2.54786716017921 0.609668423731002 -3.10370313322781 0.633390385605483 -3.1105720694024 0.625761925022353 -7.70865371717975 0.0714638963765995
200809 -4.61619402874891 0.217259766232357 -2.78116554005876 0.562719859117386 -3.32715994569688 0.593150325440413 -3.18609649496422 0.641544412810781 -7.69473433548706 0.0802766791352228
200810 -5.13190123922127 0.203451983403539 -3.34308161718815 0.490261747881983 -3.82138952467759 0.572465316127372 -3.63539001869249 0.656038012975901 -8.61657099468922 0.0745951367482466
200811 -5.5634363551716 0.168214552984597 -3.82637855918555 0.397136466244026 -4.19836684304891 0.495688578528684 -3.75329001370959 0.651843916324568 -9.22176122139604 0.0661982736646989
200812 -5.62054012630455 0.165795380418905 -3.83400584806914 0.398465754162573 -4.21995285820456 0.493212632532742 -3.85714445670426 0.623205339170093 -9.19335399901484 0.0688808568784266
200901 -6.48677853053712 0.0934620882578229 -4.64376160379203 0.270291109564198 -5.12645986741467 0.324708026491408 -4.61286311558498 0.454206962410716 -10.0044318028676 0.0381437099009071
200902 -4.19545424262893 0.451932411208802 -2.12371722784408 0.931852827385438 -2.28649849919074 0.861985346700604 -2.33787148571691 0.881978720512553 -7.77182426173706 0.201473143607334
200903 -6.11214763562127 0.118122256371649 -3.73429640801859 0.432046253734825 -4.82603743424546 0.368761875845057 -4.48558778072703 0.425462690346235 -11.5912772606185 0.00630981423928647
200904 -6.8152589830307 0.0804413219535762 -3.93356226475887 0.420686260475632 -5.19334413694355 0.329940294000304 -4.78627677656409 0.396625249774752 -12.4441136353072 0.00347701017966888
200905 -6.75500072451674 0.0891061782146931 -3.82660634446512 0.457985282218403 -5.17864154716594 0.346784372948659 -4.65206013699535 0.43664952089657 -12.5034608970206 0.00396590407876107
200906 -6.7273658373991 0.0931899008674557 -3.72728623040193 0.47735769590221 -5.00419537568453 0.380592987099514 -4.74663523780439 0.415354773559589 -12.6027236967513 0.00395978183926824
200907 -7.39667075073842 0.062546764179393 -4.6303426243949 0.314344112961832 -5.84995395503831 0.257956057744141 -5.23483296845244 0.333850729001506 -13.419136010179 0.00216619902396704
200908 -6.46031562575282 0.122677187373911 -4.15648572340872 0.388450736756697 -5.31973196241651 0.330356424917691 -4.86928325293383 0.384994031296822 -12.0542371548725 0.00822927865982968
200909 -6.18667018409553 0.149555080792612 -3.88153938177305 0.460957558231885 -5.03476072695108 0.384733590423285 -4.45139340641654 0.475302179956856 -11.4525018855535 0.0147420395262426
200910 -6.19171240810934 0.159819700414223 -3.74719927666498 0.505040119140356 -4.97551541719206 0.402614055166007 -4.42180325068895 0.487322389694292 -11.6430118249811 0.0152669618702713
200911 -6.631347178507 0.121449196449469 -4.59917002428643 0.337964154574251 -5.95715385962656 0.244570039425066 -5.2875921536534 0.320098362325128 -11.9732719241143 0.0115902173805917
200912 -6.9281796021935 0.103853515834011 -4.69693204765682 0.328748122699954 -6.17779746220333 0.221559876407634 -5.30529276804026 0.320559378993082 -12.3489655387828 0.00903288761249389
201001 -7.20981870627324 0.0896750034833756 -5.06510526746577 0.275082918604915 -6.7836781661555 0.163688318426894 -5.90721195250963 0.243359595782982 -12.6046400446534 0.00802663236152674
201002 -7.48919492136055 0.0778579017622181 -5.37869778923621 0.232053424260465 -7.01048176003791 0.145970269718412 -6.23040305503593 0.207169506991609 -13.008224002905 0.00621225701102728
201003 -8.14216975896636 0.0547620851644307 -5.87981104009483 0.185798381991396 -7.6082515241763 0.108369377172168 -6.71053658120202 0.165758133927905 -13.7854188020959 0.00370004753400702
201004 -7.54917659780372 0.0743055814256381 -5.36287810133964 0.233245494553687 -7.29654911288145 0.116018053156729 -5.96918488649001 0.227716626849491 -12.2940013620481 0.0107404805154447
201005 -7.53869048299975 0.0870041265426323 -4.6871736934746 0.348993831923318 -6.8303427172566 0.173966114233757 -5.5068400509368 0.330681312172641 -12.1098234102562 0.0151318354596695
201006 -5.79984619996592 0.233424915176226 -3.40150920526925 0.598914165809693 -4.95296697765792 0.422803648880861 -3.56959920200308 0.717265457769179 -9.67021101680876 0.0733370488693571
201007 -7.09460964150417 0.116440302629491 -4.65664440913276 0.362437873641391 -6.45744417992022 0.208485742489403 -5.0235557642917 0.415861076521362 -10.7943726409162 0.0339864617127947
201008 -7.72764973215667 0.0858153509002657 -5.47610101293161 0.256140175947628 -7.51889382310826 0.126231756744157 -5.71711183708981 0.315333806231532 -11.7880857690376 0.0192581494614028
201009 -10.3230352271625 0.0166769017269061 -7.58457340323664 0.0862674726364538 -10.1599063047808 0.0261210064915173 -8.79563365302511 0.0662164509691142 -13.9359686518249 0.00399892960537634
201010 -10.6497646568247 0.0148872865452924 -7.74496130450799 0.0829087199878047 -10.559848465919 0.0221833118954344 -9.18664862863454 0.0568171372644634 -14.0388564061202 0.00424869757800792
201011 -10.6657993403821 0.0162135176314936 -7.69903527966884 0.0900503168529277 -10.5594944207684 0.0241835301900318 -9.15333308060502 0.0616748221249449 -14.1059778800885 0.00460007691044577
201012 -12.1660872497722 0.00605820246795878 -9.72806205467891 0.0272517987466781 -12.421896852192 0.00721461187497604 -10.455198130585 0.0280430476283892 -16.7545266785905 0.000701562608592009
201101 -12.0539348571582 0.0073260889225509 -9.7363875450466 0.0299847824444943 -12.3325013217465 0.00873240453934485 -10.4646715657504 0.0302714164317981 -16.5503783048547 0.000979128115782948
