"V1" "V2" "V3" "V4" "V5" "V6" "V7" "V8" "V9" "V10" "V11" "V12" "V13"
199507 -4.54626521611901 0.00718564000166874 -4.25144732774594 0.0176727491397882 -2.44867358945093 0.355916733870602 -2.76227530441373 0.908238288639261 -4.65499284579627 0.0467226118793402 -0.926368409226086 0.00147212823168378
199508 -4.55242646758549 0.00725893560028922 -4.30698516601491 0.0148495152420097 -2.46666603849022 0.39077210527722 -2.76135012580532 0.907750128146102 -4.65507521930342 0.0476078097028955 -0.891728699638827 0.00137202368110291
199509 -4.55166236281508 0.00745236708879164 -4.31608118635152 0.0147893336887151 -2.48116488038181 0.409678508288821 -2.7349900502307 0.889578119423856 -4.61333291074446 0.0545432515054747 -1.02811097678359 0.00281572270563214
199510 -4.43924180047459 0.0111925532142859 -4.09849775466964 0.0270240803637646 -2.25748183151291 0.282059157848587 -2.67280390502087 0.830359522887873 -4.56870162630592 0.0617727889553449 -0.9971291508029 0.00269871758513199
199511 -4.45625378860899 0.0106401839762973 -4.1636603034692 0.0221542087079399 -2.28470042211846 0.299918657043603 -2.79394985580246 0.945135397802356 -4.69520193043054 0.04467143096338 -1.04079148357725 0.00335935017504975
199512 -4.44251903386366 0.0111296777211404 -4.19087105317804 0.0206903337622553 -2.28942225382092 0.304153760162034 -2.75984372468492 0.923479283501377 -4.71165320402771 0.043243132189207 -0.87190052353705 0.00362819450496767
199601 -4.44338318195205 0.0114359435813874 -4.19463080336535 0.0209591071584868 -2.29856566965372 0.311570993406012 -2.76072911445184 0.924563856620646 -4.70956213714471 0.0444853252378227 -0.743938547356904 0.0025449327287856
199602 -4.44658372556781 0.0117207274076509 -4.20161576458025 0.0210956932007022 -2.30721086745085 0.317711000457527 -2.76070984510706 0.924775670370279 -4.70992346665726 0.0453262981885983 -0.752454905176525 0.00314258454551043
199603 -4.43664830148855 0.0124519784446287 -4.20076755200929 0.0216872076830737 -2.31118418971794 0.323286003483948 -2.74282093908136 0.908118904458419 -4.70780897168195 0.0464307867489903 -0.701029136305809 0.00283777329085669
199604 -4.43914742186478 0.0129409406136123 -4.19569392981627 0.0226324245296682 -2.3228620041448 0.323929219752236 -2.745863713484 0.906756953216336 -4.70773573242629 0.0473525267804822 -0.697640689253154 0.00307398161204985
199605 -4.38919772141477 0.0153179648931651 -4.17856737439841 0.0244741354981789 -2.40251676911152 0.377029371511172 -2.71205499644174 0.890577651380224 -4.67396866525076 0.0513654826761675 -0.69132552751483 0.00309904066622704
199606 -4.4428220899609 0.0134687765105054 -4.07627350911681 0.0325991979505203 -2.12748845928163 0.239781987842919 -2.76751566825335 0.950703093182563 -4.68191406652079 0.0506436409250608 -0.425773984967748 0.00173033576698512
199607 -4.32477076544497 0.0197960252163827 -4.0192406827152 0.0405381384108726 -2.31257511850902 0.307019480329921 -2.50321004540959 0.71902008168117 -4.54416688340904 0.07376518709086 -0.547549483907384 0.0026618594773884
199608 -4.3179107265833 0.0208696551292891 -3.75630351409848 0.0708609659185371 -1.92566961364007 0.168713972527364 -2.55409135549975 0.765805589469035 -4.51536041812397 0.0800347944376364 -0.491325151580213 0.00238925949174903
199609 -4.31423717875605 0.0216585201282648 -3.75595519773555 0.0724443931812176 -1.96650195982626 0.185616440369949 -2.54043257015728 0.753261092206286 -4.51774394996705 0.0824734110883592 -0.587507388876873 0.00343817155565752
199610 -4.26282283867434 0.025325523962791 -3.72525969815241 0.0774362190040171 -1.96904440395782 0.186381874992924 -2.43078112904562 0.666994879552007 -4.57818477806007 0.0704926182120074 -0.541423653040773 0.00310597856151559
199611 -4.2585423426627 0.0264152457838184 -3.66294893863053 0.0899066577093757 -1.95479779347421 0.186248954062694 -2.46622545418018 0.686673604406396 -4.53114676165087 0.0845736712311062 -0.507689015934609 0.00272534585594147
199612 -4.25363748753353 0.0273241334655726 -3.65046251735575 0.0939329067038736 -1.89957403366132 0.174293270003235 -2.43673125032355 0.671005034526748 -4.45596285743493 0.100495640900956 -0.595729864084515 0.00392232604771347
199701 -4.24143596056497 0.0290753005066621 -3.62104518882749 0.101171611516664 -1.89520296392391 0.174338886453656 -2.43468995934752 0.669915938301734 -4.45166053046222 0.104341038156182 -0.689740698117114 0.00528677708822759
199702 -4.25604884934916 0.0286813899730802 -3.61393643723049 0.104225791798474 -1.86981123167764 0.163281975176143 -2.43720816469719 0.673672271732499 -4.44329143417914 0.107532104274056 -0.636676477303233 0.00448543650547178
199703 -4.25332648642263 0.0301734139742339 -3.62787048393505 0.104330705569741 -1.99339072406777 0.211148226929907 -2.39534464853541 0.637102987229806 -4.46967722385558 0.107537419784436 -0.765448823223558 0.00677816722136285
199704 -4.26487293253042 0.0301190079655588 -3.64934548118787 0.0973175640766907 -2.05281865152518 0.249462726205577 -2.39165464085211 0.637735559576446 -4.39380965687246 0.12662073725072 -0.620315974057917 0.00399883461908843
199705 -4.52183638832253 0.016333102627167 -3.71153709426324 0.090459730166469 -1.75212076466906 0.137059320514217 -2.69746696931148 0.889299561013025 -4.54708542127515 0.0938767015564054 -0.15884342265795 0.00103829048979737
199706 -4.52255848787877 0.0168562207819229 -3.71121805676806 0.0933386644673774 -1.86156953961962 0.174017364497146 -2.68452582943324 0.878404943652408 -4.53460999578974 0.0985415933139443 -0.191720910445414 0.00121393119579363
199707 -4.54386493392629 0.0163680168518746 -3.74506783459898 0.088943809015377 -1.75327641905134 0.141332241967308 -2.7317167948012 0.919498673948301 -4.59602684150009 0.091463865256421 0.382843616677098 0.00013118848902727
199708 -4.60221828585017 0.0138228421797476 -3.78683563212583 0.0780674872965868 -1.77233973459108 0.149285881569854 -2.61550805661919 0.847501550354283 -4.35305064063056 0.15142425998104 0.187280359648623 0.000287290976855793
199709 -4.47807432140248 0.0197532807015479 -3.58122523333138 0.121873187709312 -1.79011905998647 0.150777584435536 -2.49452236766905 0.761985940322511 -4.24113485627451 0.189967197732272 -0.057121068042898 0.00107101591292106
199710 -4.45864017386304 0.0215859243103814 -3.52792457096986 0.137823727103543 -1.82336885618775 0.159158018945113 -2.45971902407109 0.733042794359563 -4.26502274395202 0.187956566326988 -0.151244962939723 0.00150748273865829
199711 -4.43852675997487 0.0234433300786854 -3.51382303146461 0.143676838409107 -1.81360541798072 0.157067952544159 -2.47554680373547 0.745561033816196 -4.28931801724195 0.184777107347502 -0.152227049350206 0.00158443676859733
199712 -4.32673582780019 0.0310350489852981 -3.49886628272125 0.141376083813003 -1.79250124428776 0.158035117950271 -2.44377853035496 0.742366580347027 -4.17227890853535 0.208421987939872 -0.0177166376015503 0.00127201028682152
199801 -4.32168659560104 0.0317109221542911 -3.49685908649371 0.144198079621989 -1.88075058923169 0.204399710179637 -2.3902252512777 0.711656288330848 -4.15657797759823 0.187281510941527 -0.00130183200894862 0.0013990913873174
199802 -4.36813136182046 0.0295148898031997 -3.60901858021228 0.118581798183221 -1.916867878929 0.217261697284123 -2.42128972529512 0.72785475816372 -4.18567616939063 0.187649055974432 0.052821804690073 0.00113445086717571
199803 -4.36999318110982 0.0302164231705606 -3.57052211623405 0.130057095995471 -1.90639437538731 0.213573279858866 -2.42253490906155 0.728491236367278 -4.14274389211291 0.206700941980157 0.0461321640962575 0.00117715900278887
199804 -4.35153739906047 0.0320861025781383 -3.53612424060981 0.129134669465109 -1.89701079968829 0.217810391702027 -2.42404751790224 0.73101692294728 -4.17944614230938 0.179249650706503 0.0566866678414435 0.00119846416577224
199805 -4.40570232928557 0.0293242640421627 -3.55028652304461 0.129869912535187 -1.81841512556036 0.184994341138719 -2.46211471745885 0.757016319015615 -4.23086636906629 0.167119668777095 0.0787203594295516 0.00113665598537274
199806 -4.42201331541705 0.0293568783141293 -3.59842106246926 0.11838518931925 -1.79984742322081 0.183942712840581 -2.45740806569918 0.754450459976228 -4.1071420923662 0.205303470995669 0.142157663572839 0.000910636723558023
199807 -4.26416088505148 0.0447026723203553 -3.18711429843332 0.247259246356818 -1.84448224952947 0.195134619018734 -2.36318037283203 0.688555772886274 -4.17373403746193 0.187340996677105 0.0909737829288493 0.00126110670107438
199808 -4.62930002505517 0.0254583811324569 -3.88907622015902 0.0877838365794798 -2.44069963152069 0.368522133551881 -2.13581378988481 0.476781077546018 -5.47991011409303 0.0184347450568062 -0.614692298735142 0.00787455490829411
199809 -4.70039242729192 0.0219576633921475 -3.89662684370757 0.0888725014057731 -2.42548804085305 0.351839851351016 -2.5704118635703 0.826033153829059 -5.49340161609839 0.0193715322555385 -0.541777056962855 0.00629199105744438
199810 -4.81629346943155 0.0167911868235743 -3.92890768608183 0.0847266232932953 -2.43551002944573 0.361497216871641 -2.8934717956965 0.925836485278762 -5.65722980126984 0.0147769600634093 -0.547976577325038 0.00631976870877521
199811 -4.75133937691452 0.0202902783441528 -3.7986839901557 0.111355429747926 -2.26800974454229 0.283337337750962 -3.0288327522221 0.807557520836745 -5.49061195258913 0.0232514095027958 -0.338831255544525 0.0033860322407496
199812 -4.72100197712808 0.0214569326698186 -3.77058876968261 0.11969864092715 -2.25646732933185 0.274858602032542 -3.09313732357672 0.752935373890284 -5.46164743811128 0.0251160486172072 -0.207892703237178 0.00205816108471569
199901 -4.75886448837679 0.0200763342720609 -3.7735359698057 0.120938245383097 -2.26104712896564 0.2789589257097 -2.9813383635398 0.823300363632996 -5.46115838938275 0.0258678511522377 -0.144103567152931 0.00170860998087064
199902 -5.07835411684439 0.00810296243714788 -3.93017586192794 0.0956193352462956 -2.22156753681022 0.249195580707764 -3.12878540007133 0.676374380330775 -5.57730299782944 0.0196048878326336 -0.215154082942437 0.00211407160484095
199903 -5.04855339051578 0.00835791714406724 -4.06099885800975 0.0737458038672285 -2.25302897622404 0.266132230886689 -3.04564163948244 0.738250621407155 -5.51025683579898 0.0224370973797217 -0.128174250448576 0.00168086489148393
199904 -5.34390747160987 0.00395300361768457 -4.15105121234856 0.063734210167304 -2.29444757534629 0.279065231854469 -3.36567915485046 0.544410601713089 -5.70010179070166 0.0164576190977241 -0.127428556164921 0.00176398727162711
199905 -5.36700390699014 0.00392083004546659 -4.23032815520679 0.0506762728348057 -2.29869640351901 0.290517660780705 -3.26013706158992 0.604266434103011 -5.57859260790152 0.0214636335050991 0.200143250362939 0.000649039893408755
199906 -5.44295004677089 0.0030141899406192 -4.39427441388269 0.0322245408168298 -2.62720625842012 0.482183006305695 -3.25062608913265 0.611151839991916 -5.48928786267695 0.0228021167050266 -0.0626978322217031 0.00198060358653114
199907 -5.4245277125937 0.00330675333736261 -4.27846410652375 0.0399001550948821 -2.48321218974257 0.425995177455168 -3.41444658263836 0.501226320030176 -5.02138840754507 0.0613337170362115 0.230442070753323 0.000831862142164133
199908 -5.29740998803596 0.0047662009452994 -4.0599114085619 0.0620050629381523 -2.33152443392264 0.361259280500113 -3.45519983541498 0.479642461527255 -4.83926900948988 0.0874503607760863 0.347475274040454 0.000641899820063599
199909 -5.36582374633381 0.0036376952372213 -4.12107987215691 0.0540805033090406 -2.32947248486566 0.36301812158497 -3.84053912634916 0.289597502995665 -5.20646983696054 0.0420162242240179 0.346341982359044 0.000677153306957391
199910 -5.36977602359363 0.00379688780668925 -4.10409518261843 0.0572536417344859 -2.30047079853288 0.36355221360566 -3.8186073598774 0.295866512222336 -5.19972045809498 0.0460547972453189 0.194874838385151 0.00118135525077009
199911 -4.7458982341946 0.0117525407454142 -3.49854811344508 0.0945443532017353 -1.32013585656887 0.0761789734170421 -3.81492083393986 0.299580411473165 -5.32783854279195 0.0193825356800529 0.751236590123283 0.000279176609086211
199912 -4.20562515142462 0.0281336928479092 -3.06862772182093 0.150506564891946 -2.15706861709393 0.330540187180351 -3.91184693080306 0.21731881861676 -5.81325296421942 0.00506020814289128 0.467587442469386 0.00067298108698238
200001 -4.17906386061253 0.0273221943002178 -3.18460752736629 0.106456141623199 -2.14144312297946 0.396141880488864 -4.18756236829028 0.1299779625462 -6.1080015214219 0.000973097166814092 1.15701312953099 6.04705984038083e-05
200002 -3.8964979456507 0.0459382114201358 -3.15754210660615 0.114703114498648 -4.13055879404429 0.342819563516758 -4.99557122880576 0.0178186555572717 -7.24397133303853 2.13669135080747e-05 0.773324743845849 0.000406019482232567
200003 -3.70011020247563 0.0570966372343895 -3.16077045262351 0.115790084701729 -1.76194283974813 0.933054945410641 -1.53938863318446 0.957485568657914 -2.54300136529295 0.218854657841108 0.494918631527397 0.00574620979077304
200004 -3.54794422168616 0.0754522849592405 -3.07566849271701 0.13120119680382 -3.88429098515486 0.0352186295557307 -1.41551614220921 0.84395077111782 -2.95848434914074 0.103840887158637 -0.521526846466669 0.137355002206128
200005 -3.48926855870217 0.0850634191199052 -2.92703015729925 0.164714157269649 -5.01597628059516 0.0010267198880187 -1.6660113068675 0.537614956082842 -2.79495470482116 0.129065135329231 -1.58407350846492 0.724531525338464
200006 -3.47990105823888 0.0882000431020254 -2.9351660566221 0.163957130104095 -3.89469925103749 0.0191464207435779 -1.39122205131512 0.704461978536958 -2.84858594911117 0.118409426474728 -1.09072655363713 0.438718477158962
200007 -3.3779643449614 0.0977841832584906 -2.88432648210701 0.166080054666254 -3.14460850996008 0.0732967331960211 -1.56961050844422 0.578530880540001 -2.55939340352822 0.172613740688078 -0.654556498482983 0.281048100097251
200008 -3.19440418637298 0.129555080754688 -2.79585794736981 0.192328863969732 -2.67459207360112 0.1646214363386 -1.5974499415532 0.564054222857174 -2.31675678781296 0.236578680596507 -0.147021930415381 0.124550886299709
200009 -2.99353075467343 0.180976325514664 -2.76519397219117 0.203459397855897 -2.723127940562 0.15558721107527 -1.46769425298452 0.647763039037439 -2.31205265948509 0.239833333763788 -0.248074182501301 0.141873952973781
200010 -2.93155471470294 0.203167092767435 -2.66409712475315 0.234817752766567 -3.00425046896393 0.0991639835270616 -1.50521058378215 0.622695498597986 -2.29143012533484 0.249102806731725 -0.461828631869543 0.201541404722763
200011 -3.3012209592729 0.115555831326909 -2.65717324223118 0.243891754219275 -4.55821622007822 0.00252962545763635 -1.00881475321577 0.939985475661135 -2.65880418717861 0.131029896096872 -2.60359331498012 0.523838223676469
200012 -3.29865886193796 0.117080312898277 -2.85671309382804 0.179574606352317 -3.96153574787679 0.00923209428749868 -0.92762307726677 0.987401897961575 -2.64634550693967 0.131570720394009 -2.16160816367239 0.708795434367459
200101 -3.22851559041308 0.152885604644164 -3.1860629523633 0.102035852601276 -3.80399006419507 0.0127800514753851 -1.32860243303077 0.719588869147973 -2.61954353572857 0.139261634803813 -2.71084376991613 0.38032415920234
200102 -3.32602374245603 0.140389789565024 -3.22825426710132 0.0965592338154368 -3.49836422360936 0.024525228896167 -1.88551724511716 0.413254084025366 -2.34019043467004 0.223642260229524 -2.2750517271982 0.589356513388165
200103 -1.90034269984702 0.598997415373054 -2.36683377382911 0.221949451153123 -3.52084719623675 0.024176106585509 -1.30336438470726 0.747291904957473 -1.9978771097052 0.357231777117878 -2.52367768861979 0.447177241360089
200104 -2.14481046363528 0.466555107467799 -2.56007754308047 0.162567322687833 -3.38158889377251 0.0328590050444313 -1.43820569311095 0.671871253277991 -1.7608235992979 0.468457626247056 -2.32524886076582 0.541250662924624
200105 -2.16019149094624 0.462432191875411 -2.55858981912687 0.166081348601365 -3.37207327407534 0.0346476961231003 -1.41062423302809 0.69022209036939 -1.79640079487611 0.448291120742269 -2.32267404701973 0.545120160584536
200106 -2.25671534255538 0.406443965317764 -2.70325919103018 0.129458376832766 -3.45702522362936 0.0295609726392396 -1.42208185611115 0.684973064859053 -1.72066484240185 0.490172529009518 -2.24255703566922 0.594231666065665
200107 -1.92830379720443 0.572392233889174 -2.5377679852516 0.162595181164552 -3.384993026521 0.0349616237184582 -1.43096287011579 0.682317385080715 -1.67711092555729 0.512800701070311 -2.22717757027657 0.604637732308022
200108 -1.93513835966013 0.575200352240495 -2.53158300101264 0.166693579712724 -3.57770232140679 0.0231590142072957 -1.21782298962292 0.824554065720417 -1.931355219757 0.384849174606521 -2.52823118536818 0.425436630828913
200109 -0.994235488169437 0.789363547038667 -1.76054122052347 0.458342217337648 -3.4576904342988 0.0317090739361451 -1.26412931269273 0.822260264571851 -1.89313976766314 0.40883881038709 -2.53710285413646 0.435008613784365
200110 -0.557583325274291 0.517653216329868 -1.61750719437319 0.530334906994319 -3.32371374276419 0.0413794029170415 -1.34482226299384 0.766285530602535 -1.88965537681933 0.412356502613974 -2.60170240588202 0.402879513457153
200111 -0.65222719620488 0.560182979105507 -1.59281648907026 0.548813578434673 -3.53826099298207 0.0249673615125227 -1.1803590742183 0.88236081868609 -2.27945822695736 0.234126662884335 -2.84286931736819 0.267767790478202
200112 -0.793036364418587 0.643470537154901 -1.5367358046712 0.58447584281561 -3.5246492901414 0.026647148359862 -1.15531303758101 0.896697622424762 -2.28884397417553 0.233997525409362 -2.83169332995705 0.274666745964983
200201 -0.63414127638497 0.559790337195624 -1.49658811682236 0.607160180250553 -3.52448172327759 0.0273633525450663 -1.10534078515327 0.928233986157977 -2.30107119408269 0.233171961756546 -2.93310688275443 0.24141242286406
200202 -0.820934094631354 0.669584716198482 -1.42716881484337 0.642753705345136 -3.50572464867298 0.0294113789839011 -1.19217425076454 0.873609870631965 -2.30513431739781 0.234792875705525 -2.93175488925153 0.24479561918283
200203 -0.720385096015241 0.605203078544055 -1.72991165142178 0.473968820305587 -3.35297533623122 0.0403885895953326 -1.21749547076442 0.859217314801711 -2.22842693914049 0.261525646014964 -2.76349184296762 0.298480483332566
200204 -0.55211531487378 0.522182510025586 -1.74956183949073 0.461899555431997 -3.35838459754649 0.0411630191145579 -1.14388240763394 0.918480998726062 -2.21512301202218 0.272401370074232 -2.78622452207649 0.29237979747538
200205 -0.589045474422423 0.539688665152706 -1.33632506672137 0.645555858732614 -3.34530713691019 0.0436131395276743 -1.18473936521808 0.885429730966065 -2.22852204345014 0.270536278144171 -2.82496262560161 0.281438201141738
200206 -0.912188640446554 0.731768264756814 -1.24384227697292 0.700615490754523 -3.3615449154051 0.0437035960669198 -1.32275810765907 0.804351959567401 -2.47556136311045 0.20203681271484 -2.95812227079166 0.246517731872932
200207 -1.64908503596797 0.813942859808402 -1.02582820409387 0.855002646969098 -3.1558678285722 0.0679210055439504 -1.60715979144546 0.634119371462555 -2.44565262915633 0.218088223449667 -2.72863757617292 0.339973103547405
200208 -1.61754736393851 0.830137880125232 -1.00846170877922 0.860722791882382 -3.12038707166338 0.0727144499315477 -1.60611644560746 0.636766845925397 -2.47282796805364 0.210549970616052 -2.7136850846488 0.341162594513356
200209 -1.2984204540597 0.958779986570821 -0.959862171906201 0.896171074324524 -3.25057988455331 0.0601143404568671 -1.27674795173274 0.854663009330189 -2.71670185034145 0.160524596312318 -2.99287932003924 0.250807058098538
200210 -1.5473210394954 0.868616507077154 -0.994779550770009 0.861697498679224 -3.35469037416332 0.0499151334172439 -1.26214190217977 0.877997856783191 -3.1047919946827 0.0875330526426833 -3.178950585553 0.192563422146801
200211 -2.42269315299188 0.414780088402059 -0.730285710571876 0.989369700835066 -3.27416215865555 0.0576547838548526 -1.82896303680498 0.533269951496746 -3.08183906366131 0.0929164703141218 -3.29129145569942 0.165743943699456
200212 -2.26319527840035 0.498505530778797 -0.729148373910693 0.986435236563095 -3.26963744547339 0.0598135150180143 -1.6801071295532 0.622703286866288 -3.05142676321002 0.100883643593059 -3.29220610345109 0.16858177622051
200301 -2.33899689833048 0.453534075332471 -0.599743944728304 0.913463731085974 -3.26879605450876 0.0616083878067866 -1.76440834762563 0.572631507160469 -3.14562236056601 0.0894516630770297 -3.31544054197201 0.166806349418358
200302 -2.43326260929677 0.410753140279562 -0.667565295357142 0.955822538142738 -3.17108124240266 0.0730993844507792 -1.80159197039054 0.548237500934673 -3.1290671637491 0.094168434954605 -3.19296292194797 0.195788505657417
200303 -2.41307108540898 0.421072534339356 -0.661265827755453 0.952930085855631 -3.17478599547039 0.0744902001106191 -1.80794945759415 0.546389511679572 -3.12792668969044 0.0964866261523933 -3.19508339426926 0.198083910674847
200304 -2.78440552887416 0.292140173758805 -0.758500157820441 0.992800495570082 -3.27658354585527 0.0651973868156978 -2.07764616953019 0.435409487505655 -3.48287851293363 0.0569301247330361 -3.30122136583328 0.175736991877883
200305 -2.62323598991707 0.371104279207819 -0.680245672831492 0.953530816045438 -3.156696023552 0.0805918429869637 -2.09267502370081 0.443999231562367 -3.31302687072477 0.0762687636627124 -3.19717479237784 0.201703042805786
200306 -2.38669549636084 0.455674628353063 -0.662112464327236 0.943945880266596 -3.17863412030206 0.0793148938675571 -1.97034008678971 0.485713272383387 -3.30802619435875 0.0784249069293329 -3.20628322341305 0.200924995442043
200307 -2.07818115602434 0.594027297725279 -0.572287844979114 0.891459509432319 -3.30985874902119 0.0664783299166994 -1.83054816863604 0.542317821211833 -3.30091234456233 0.0811750724338374 -3.24915373625974 0.191348356770903
200308 -1.86541648213696 0.696661653130925 -0.524618080553418 0.865104145257085 -3.36906955482297 0.062187026148375 -1.73108796375046 0.585538008791617 -3.28880568690875 0.0847048519695404 -3.27010289302603 0.188348129414779
200309 -1.8820303854951 0.683359393917141 -0.464247610758806 0.835001120465255 -3.34208358126942 0.0664926259393761 -1.75312988480487 0.572356612926855 -3.29455489734611 0.0862267509000078 -3.24427200260053 0.198278642146051
200310 -1.63164224764025 0.812186360448889 -0.320352908424448 0.753269329032066 -3.7127788125032 0.0368548075743989 -1.52132110517682 0.677608136669356 -3.36767950874628 0.0795352957970676 -3.86229845368995 0.0865874966921804
200311 -1.54087364375255 0.855907798330698 -0.283873468820595 0.734685312048265 -3.68391802981329 0.0398978769099458 -1.51429341330265 0.681330950691624 -3.34550855444353 0.0830571337622683 -3.81328754814085 0.0944451953576776
200312 -1.56218037404805 0.847657652872009 -0.312076689636487 0.753163646669297 -3.68814417802017 0.0409422662332903 -1.5491797066864 0.668547895474104 -3.31849626189102 0.0890455447281832 -3.81754511497827 0.0958572047989669
200401 -1.55966291921457 0.85064225938129 -0.339154654777341 0.770445568956276 -3.53043349264419 0.0534615252401543 -1.55469620803537 0.667004378515909 -3.22576642817491 0.101803580460505 -3.72437802603325 0.107390747794064
200402 -1.44819612623017 0.882408040600363 -0.328489579034819 0.768093495249913 -3.50173583603253 0.0573302515066037 -1.46629444985702 0.694640881284402 -3.19431977767395 0.108329814043084 -3.7040665435208 0.112064926412347
200403 -1.45005127336724 0.882125304235029 -0.324218455483272 0.768366278955312 -3.51248803574049 0.0581409567013487 -1.45727270036227 0.701752331532479 -3.21474965978348 0.107875103230449 -3.73102256316478 0.11047912037658
200404 -1.47094336797879 0.870635871636293 -0.192934296298941 0.705089165632018 -3.31773300186402 0.0796412957045225 -1.44736191386601 0.706642538656304 -3.09432685451709 0.128537722731809 -3.49108149747153 0.155740195439539
200405 -1.42965978647118 0.878598517889372 -0.192654794235225 0.707831754164212 -3.31659342546149 0.0810504721214683 -1.44237745510001 0.706211074087177 -3.13093888256029 0.122223107363507 -3.51655632249901 0.150358776139025
200406 -1.48627795539209 0.839884687466504 -0.234916702038834 0.73238821622831 -3.25618230993046 0.0899726480022097 -1.46129600953506 0.685587214462496 -3.13754358338574 0.123607803977844 -3.4155186004319 0.171802284871886
200407 -1.59992527415243 0.784448635364459 -0.0504823445167668 0.639202124345874 -3.27738455767999 0.0914532223476306 -1.49640344931543 0.669922414768236 -3.16310629387511 0.123347267464244 -3.48139721477649 0.168550862621758
200408 -1.59871347052754 0.786606592513926 -0.0478267003552357 0.640091224250043 -3.34664959448254 0.0853871260984277 -1.49651631246059 0.672026246202849 -3.1706685557821 0.123504459579527 -3.53038790738547 0.160625131408536
200409 -1.60445327089542 0.78586329806441 -0.0735060124522624 0.654751020438904 -3.31179426663466 0.0923283295231466 -1.48897048844965 0.677807734992397 -3.16588381448977 0.126878461817522 -3.45828614316452 0.179725812709003
200410 -1.60828806557329 0.785884360644031 -0.0827728411978867 0.661804191539081 -3.30657399412824 0.0953135129297264 -1.48924230775289 0.680218075281569 -3.16490274390429 0.129749855138622 -3.46079181158843 0.182360874702148
200411 -1.61004301797723 0.791039686610836 -0.0239943664651632 0.632062946740001 -3.41185607920744 0.0861576153073492 -1.48520193781276 0.684543112380082 -3.21951684578179 0.124620281318201 -3.57870792553261 0.164929502855876
200412 -1.46908328196644 0.860105626742941 -0.0329251551233423 0.639037601685848 -3.40605163848482 0.089165287740242 -1.39922853659187 0.726481217256284 -3.1481802636484 0.138842161628461 -3.57094280288679 0.169227171761484
200501 -1.50295347781892 0.847901154976688 0.0131435176458194 0.618578374219299 -3.45400719782472 0.0862041549639401 -1.39930021594186 0.72966962014349 -3.17808762233223 0.137041639675581 -3.63463516528755 0.160658939621931
200502 -1.49332174622991 0.849494569262325 0.0113414527190936 0.622378162384982 -3.48867092531078 0.0843051718707246 -1.3801978223261 0.736104325399092 -3.18193565467033 0.139505208042723 -3.71782002556356 0.148548509685613
200503 -1.54801348771589 0.821571678773544 0.0283134391030337 0.616425180517003 -3.55830571574249 0.0793735633008905 -1.41364655391003 0.721662056640018 -3.24128081159232 0.132099297449212 -3.79826021188543 0.137925086195395
200504 -1.49708698839965 0.852186324127361 0.0851522126261717 0.590502603420604 -3.6816593708259 0.0704378881601964 -1.39098451548172 0.733849443674405 -3.24990943371499 0.134000542696252 -3.9289125210676 0.122577554616255
200505 -1.60865260981962 0.79812594598495 0.0952505690655747 0.587107738888217 -3.74192845661385 0.0674816693630149 -1.44571720763071 0.70889158053039 -3.2903754186121 0.130674283888445 -3.98074685130854 0.118453192516037
200506 -1.69513792219409 0.747227460459033 -0.0190914962669098 0.652435299732482 -3.70006986056675 0.0732432700480392 -1.37541654658131 0.729977829814221 -3.26169645482841 0.137755224425306 -3.91101023030662 0.13062468545661
200507 -1.61749905807469 0.787698413162323 -0.0821532812343984 0.683094272669688 -3.72340775310114 0.0736211583255821 -1.33502232354707 0.75071200398477 -3.24895693215088 0.143251044018558 -3.91385536152857 0.134248496509177
200508 -1.60685364509796 0.794610880271163 0.0229209277209819 0.640194892050174 -3.72294927068186 0.0760282644259498 -1.32739171544904 0.756430245995252 -3.24287810501547 0.147596986434718 -3.91364405881931 0.13735533593418
200509 -1.60482248034595 0.79728580682074 0.0422485152402174 0.635634439072213 -3.723449214069 0.0782959856996379 -1.32785550443228 0.758169741830936 -3.24287596762483 0.150820159749857 -3.92642372577627 0.138920858970611
200510 -1.59116208489998 0.806146780199442 0.0879248039743263 0.617684905810076 -3.78186431620937 0.0753470665080214 -1.32357124304059 0.76174327962774 -3.28513886566442 0.147493585894849 -4.03885551001291 0.126380397919853
200511 -1.65681154910684 0.776716657959956 0.108588487223726 0.611186969159716 -3.82050160575378 0.0742077912312468 -1.36068541338559 0.746143545527838 -3.38381644840811 0.135227654687007 -4.10337818284225 0.120598154347226
200512 -1.64327928074561 0.781132022711458 0.149705828473679 0.598657080594667 -3.82398222027878 0.0762891163079452 -1.33334681145332 0.757104077721077 -3.36574879332017 0.14092561792414 -4.10342268026183 0.123609000311463
200601 -1.53609751037709 0.83445376353948 0.228857404926364 0.567644278031097 -4.04725840558782 0.0605284034155445 -1.29948326052574 0.773066376020505 -3.3720123876767 0.143146634342145 -4.27135701107808 0.105466390272008
200602 -1.54170101634137 0.824758538671742 0.232093877324169 0.569690675549566 -4.02897822058137 0.0641356269044347 -1.27026496289422 0.780391254337201 -3.36857303522078 0.146766027180501 -4.26239367108212 0.110202101947278
200603 -1.5393007868217 0.827869822232576 0.231434339113834 0.572578614764551 -4.01067529635266 0.067980987998154 -1.27366277575969 0.780815716779603 -3.37048336487935 0.149654246588585 -4.23447396142942 0.116596567449231
200604 -1.5419517206569 0.827872599883838 0.259603443538658 0.565803442618792 -4.00194137330523 0.0709775065271552 -1.27024689032069 0.783795238613872 -3.37617577164282 0.152107976475226 -4.23456774638542 0.119563679640656
200605 -1.6080196153341 0.799378163329736 0.197141391028122 0.592846377500769 -4.10959525203622 0.065753476012481 -1.29028822726467 0.775783645246219 -3.47093333104671 0.141462549602097 -4.37066474595418 0.109076728926161
200606 -1.52426452777106 0.831967120802061 0.21606139484005 0.589281298128551 -4.1342607989215 0.0661073751475492 -1.24335951837582 0.792912972425051 -3.4686897970605 0.145173822232011 -4.37751971812621 0.111082698158482
200607 -1.39351007608237 0.885114147526818 0.315982196372477 0.554696835545683 -4.2788341064619 0.0581806364894812 -1.21526755397037 0.798535745636594 -3.47066748670115 0.148265322681119 -4.49270102810218 0.101383680354225
200608 -1.40790246742082 0.880866517507814 0.344222199680422 0.548276249338544 -4.26431817470696 0.0604116162323812 -1.264038538771 0.778698554025389 -3.3792030612956 0.164549252172929 -4.53042210055361 0.0975585016592137
200609 -1.41705099078366 0.877535115925702 0.344761117529901 0.551634289961132 -4.26359116512509 0.0627402582533825 -1.29010388076405 0.769207320133679 -3.40074508215731 0.164782769946584 -4.53606455739457 0.0999578077869618
200610 -1.54050111777846 0.823590897631399 0.285894716948498 0.577659283581642 -4.21343949314543 0.0688987590930065 -1.37537770299336 0.731873967625894 -3.40560744035199 0.167970437871556 -4.45185567807571 0.112359129270093
200611 -1.56746407043025 0.814047715289034 0.275117203548403 0.585523556613237 -4.21526832939527 0.0712550486515508 -1.39484947204893 0.726222000544293 -3.41430067733781 0.170271480154362 -4.45543318844643 0.115268804253929
200612 -1.56692778412093 0.815820969041478 0.282557150428853 0.586793121906316 -4.2198102713072 0.0734446087848703 -1.38907738820353 0.730682845580692 -3.41563324555667 0.173992704741799 -4.45540554289678 0.118419939094921
200701 -1.55466871850272 0.822349395079297 0.283034326873854 0.590550044620343 -4.21409340828849 0.0764650046327377 -1.38395262939903 0.735108332372333 -3.39708512982404 0.180509665078549 -4.42823987233505 0.124849205029995
200702 -1.5556525135547 0.82349224164213 0.287058808773477 0.592313507960085 -4.18814509876235 0.0813340902615686 -1.39181235535941 0.734149238124653 -3.38396899588789 0.186968703508613 -4.3813654849526 0.135109096174636
200703 -1.55617784051141 0.824528719991346 0.286605623887815 0.596293036732609 -4.19035842846855 0.0836968619592188 -1.3997772408247 0.732882846295997 -3.37977069530697 0.191634426440069 -4.42418927111992 0.132910662469357
200704 -1.55564675789091 0.826512519124109 0.282027803802087 0.601919241401646 -4.18460760827419 0.0871222321859435 -1.41247432080884 0.73135450693555 -3.37940100588467 0.196556563892095 -4.39657732386105 0.140545470870145
200705 -1.53928257203071 0.83527782327161 0.313961523727713 0.593231895975035 -4.17352255389836 0.0910881821435181 -1.40539631599272 0.736904351254766 -3.3350330349136 0.208581087870508 -4.35709700857234 0.15004564270231
200706 -1.52463094993931 0.84251624669667 0.331536240473773 0.590372178787611 -4.19614117751035 0.0921564303606882 -1.38983248784772 0.745157487273633 -3.35874466407038 0.209106006506148 -4.40495284161382 0.147807554618534
200707 -1.62520906137378 0.807640607388322 0.265621244345771 0.615741447943949 -4.02076691394659 0.112783296806586 -1.4962842574459 0.70652815658344 -3.3057421448861 0.224032168168607 -4.25391957365451 0.170960679804693
200708 -1.63253791812961 0.805787913026487 0.267327155788333 0.618743496082791 -3.99210281134008 0.117983382359226 -1.4974792315293 0.708883428299926 -3.30660153161646 0.226270100862099 -4.29467757219459 0.165136287248325
200709 -1.49974895864318 0.82554638360875 0.322446173292379 0.610827353719087 -3.89876223383998 0.13114794225552 -1.49511851553248 0.682413086010255 -3.39466219739006 0.213936387068475 -4.04428631701566 0.207915468230574
200710 -1.46291925044304 0.836838003921724 0.322831265934387 0.614129226013019 -3.90451013614312 0.134415168504677 -1.44417941584638 0.700917052621466 -3.42806600063754 0.212440969195349 -4.07320505620654 0.208220668874403
200711 -1.23204573974709 0.926084973806772 0.384996712390218 0.592292643762952 -3.71707545992639 0.164267336033571 -1.32676698264602 0.746666614596194 -3.21405827040666 0.254634806265676 -3.84217782823677 0.255396335764324
200712 -1.04610107279781 0.979625618478759 0.420801218120359 0.584503381677903 -3.71832593761121 0.168372117010126 -0.863490127806288 0.910798942202782 -3.09541043687036 0.280614458510208 -3.85128407982387 0.258584079724832
200801 -1.00261811258904 0.996024835417166 0.444441130210838 0.576988730081792 -3.79017049513848 0.167423252996831 -0.849165252456752 0.916953730446507 -3.06453316453252 0.293494622719946 -3.92814713200715 0.263290120876472
200802 -0.914272531800364 0.969696290973602 0.530715926470382 0.552296036937497 -3.8454907225171 0.164553306903675 -0.676236859952462 0.986267510858202 -3.09323436788627 0.293956936629441 -3.97636365623553 0.25855717148252
200803 -0.949227759497817 0.984110283766826 0.538235045578317 0.554389117708093 -3.77241768090968 0.178206836164593 -0.797227480198037 0.942121360478483 -3.06394712831812 0.30462798532033 -3.917069604836 0.272134719388244
200804 -0.997918993768443 0.994076122457341 0.49459929784218 0.574402441184575 -3.71846778669385 0.190332288994681 -1.02685809523111 0.856993281580829 -3.08657228374194 0.304998070121963 -3.75161217626367 0.31270865607456
200805 -1.07725239337189 0.962063220514145 0.473238770305751 0.585094600861646 -3.5957826770779 0.212310208736646 -0.908830958931772 0.896142233404164 -3.07567480853326 0.312123677318539 -3.61683201695642 0.342362998074726
200806 -1.11130621274258 0.964920184807613 0.565186405476348 0.552430586364367 -3.45823242974541 0.240583116759607 -1.11733248245185 0.843115185051932 -2.92925618438007 0.360512423502938 -3.42317187325893 0.394670885611796
200807 -1.1114619258942 0.966360633626243 0.618432433023031 0.54071533137034 -3.44681468035837 0.242246479031658 -1.05930418536113 0.864139523270855 -2.96472285592011 0.353385374207761 -2.84016079151286 0.540639979377773
200808 -1.23750846373871 0.922928335709537 0.604075856769126 0.548851771765318 -3.44923205229324 0.247017236863763 -1.07411138729712 0.858584894942344 -3.01068060124323 0.348336648356234 -2.84582815774597 0.543719076427421
200809 -0.909379359465845 0.961195417866686 0.866417701958877 0.475602665274128 -3.87847611735432 0.189333288979578 -0.476125404497552 0.929796793023456 -2.87147500541352 0.389080441755455 -3.77435785678704 0.346160559737981
200810 -0.425997728373595 0.746359634366729 0.759442060713522 0.470733415797414 -4.17117738190373 0.172844332340541 -0.0910551250962177 0.754197517392947 -2.92236518405511 0.421136194456155 -3.8357874196451 0.396094311797066
200811 0.412272721774765 0.478913638187178 0.26123473076276 0.601986487868824 -4.02383516460421 0.202571291924811 0.459720564219412 0.568128380047122 -2.46406638381411 0.541671115175028 -3.32040755346499 0.547327917978058
200812 0.130932617707236 0.563061451002622 0.385927906261008 0.568502321876243 -4.11220968309918 0.195109771939303 0.397138494425742 0.590291647901528 -2.54988733975112 0.518584041282062 -3.26407953702894 0.565161270897444
200901 -0.0496977569757195 0.619329594008063 0.747983390399309 0.461949897493015 -4.38804723944364 0.173110221207795 0.294258638919809 0.620710993034141 -2.7166421699758 0.493178960502043 -3.54686905792501 0.520265468262075
200902 0.71125181071281 0.402944849202079 -0.200781505327474 0.733037265357559 -2.36286086815718 0.558164797034107 -0.0370737886239869 0.713216222046158 -0.598061583346121 0.865054198089299 -0.508680232437331 0.586867873556048
200903 0.107083401699026 0.550768203913042 0.711015796724368 0.470289018467248 -3.08439020050462 0.363684356445371 0.459099030122045 0.548640066794967 -2.65713483934022 0.477476690510782 -1.53280669996658 0.975208075366298
200904 -1.75078278638288 0.959724435809012 -1.18655820210185 0.989720815531041 -2.9413056866828 0.402434427005818 -1.34125598930857 0.99606633815622 -2.83022101347128 0.469973722749952 -1.42951529231059 0.945587810323681
200905 -2.02566260322035 0.987664183095519 -1.49482211542564 0.871266083132413 -2.92059529512492 0.410188558725248 -2.11697575723044 0.783236639261742 -2.71085280992505 0.509806202760078 -1.19582870391044 0.880929927945367
200906 -1.98662227769857 0.975882685538772 -1.38720321875936 0.90286798564176 -2.99147918956788 0.398362217679671 -2.8098026398951 0.582613444869929 -2.68442592673068 0.518577298783364 -1.205926541702 0.892639458348941
200907 -1.43304256957162 0.826054403843514 -0.551570035169124 0.834490269796372 -3.47950262409662 0.306589727484418 -1.97442935095808 0.831842714421418 -3.26173627653581 0.399940402548656 -1.85000133139834 0.8966013481797
200908 -0.912941753877328 0.659362744600862 -0.723738494545567 0.896246459885983 -3.5772956513088 0.281768319595974 -2.4457741680324 0.706256771144787 -2.74290453097104 0.503039086851147 -1.41325660010803 0.982879818851532
200909 -0.149922676849568 0.457207530290486 -0.883182024388462 0.943923598621771 -3.45751238644458 0.307056229072399 -2.26565643394803 0.768420104899334 -2.31239680791662 0.604691005428806 -1.22582807507583 0.964797386693316
200910 -0.716634920133297 0.598694884274175 -1.04799612161088 0.986700051545685 -3.58369498475779 0.297275838734704 -2.75019436332224 0.648548963930053 -2.41731143753852 0.581469571542103 -1.23660233241374 0.967135997422192
200911 -0.745658074818234 0.610877642724607 -1.00853970119095 0.976709391246838 -3.68645386406932 0.284048778558025 -2.66886898874572 0.681249780659258 -2.92789633736348 0.465561437619811 -1.7165920535823 0.887906344350186
200912 -1.57049580844284 0.852006558778753 -1.42858752377266 0.901223619834107 -3.54079426418035 0.316549609572469 -2.51638698467975 0.709860398462916 -3.04037800912984 0.448216886319945 -1.53605512748163 0.941769515617815
201001 -1.56383410831866 0.85187017756059 -1.39829421938324 0.914501336476913 -3.86481018754414 0.27204351195911 -2.48454590651277 0.719965256797158 -3.18356880378408 0.427812558943078 -2.23588710449079 0.761399833008853
201002 -1.34362234999168 0.800624198658007 -1.05713358343025 0.997846642290439 -4.20484218866064 0.229397455572895 -2.32324871263521 0.75449255162987 -3.28827789149475 0.414558629333326 -2.72805905278499 0.633308973808252
201003 -1.66034355850018 0.880652350425172 -1.25035985716515 0.954719732553348 -4.22700872082955 0.235589368873788 -2.51642626462665 0.709093929994223 -3.45418826562278 0.394042502109514 -2.64621879280054 0.681419774811903
201004 -1.61129213359534 0.863384707208591 -1.57589977282009 0.865340196336725 -3.65712383100949 0.319920500586667 -2.53892056573373 0.705078109100176 -3.39448029744525 0.403486149223303 -1.90465687939447 0.857961524022599
201005 -2.82555924155861 0.788303153189132 -2.64835192650434 0.594832901635674 -3.46620586198112 0.362244387859882 -3.89902826404549 0.405391789286387 -4.13641001874734 0.299031249532594 -1.42721677614521 0.984423351402852
201006 -1.50649949341817 0.891271474227149 -2.57120490968017 0.62774916390772 -2.22852609463815 0.615604912986107 -3.47618269807424 0.489463113994486 -2.21168606257343 0.64949507193655 0.27489663371183 0.555081319236435
201007 -1.74284730128083 0.951162510797979 -2.33418159115266 0.690892596925209 -3.03815238811926 0.44517332575896 -3.51690018498165 0.495599047457975 -3.3719787247374 0.402342364918049 -1.10200688853872 0.917095995821845
201008 -1.34175315847265 0.837738833487053 -1.38863868228052 0.933349524322122 -3.80514483192069 0.323015712801367 -3.08991145178958 0.58625009945429 -3.78002209898878 0.344923645631991 -1.99518145744766 0.84968820075901
201009 -2.24086943079735 0.959407946935718 -1.3262433453711 0.975117795189026 -5.13502096780454 0.172793972276604 -3.33005157315707 0.55472342789373 -5.13179999141218 0.184204006567587 -3.96740915906939 0.442664954413734
201010 -2.24637958615506 0.960915662618757 -1.46593012259157 0.938711219453855 -5.19547302607797 0.174255408384534 -3.34740721232791 0.558417014093894 -5.25913832894893 0.179970119335244 -4.04109705356022 0.440057709971039
201011 -2.31681151468879 0.943880996885387 -1.59087054328166 0.902819982274982 -5.26423895424377 0.175132568947626 -3.32289429834751 0.568774164929907 -5.22515706531208 0.189863029221873 -4.08233791440309 0.44097099161932
201012 -2.28964217109182 0.976794239495772 -1.43767204965146 0.952238819616656 -5.77658959571534 0.139124073665846 -3.02623384212439 0.644896599089571 -5.85067516503848 0.144541974155331 -4.78214918039348 0.337056435477127
201101 -2.34727317806678 0.945803198442164 -1.47704006861622 0.936973264675665 -5.80097066715748 0.143258086004805 -2.82467465050318 0.68935268522557 -5.6710915673011 0.164148156030822 -4.77146725650974 0.344595306295984
