"V1" "V2" "V3" "V4" "V5" "V6" "V7" "V8" "V9" "V10" "V11"
199606 -0.745745463523351 0.000154304504285703 -4.89208777075956 0.0254793098415144 -4.72022077342795 0.0132720859470782 -9.1735640187981 3.47997041417433e-07 -5.51094526410647 0.000501022290468674
199607 -0.737411306098945 0.000157059763967785 -4.89401073378493 0.0259329142736742 -4.72061591303905 0.0136339400084113 -9.18382788930678 3.68165296378766e-07 -5.51777752165485 0.000514414336727171
199608 -0.667216882293142 0.000118233777465305 -4.83206513890664 0.0319021624704583 -4.69515537847121 0.0150170088103726 -9.17270347683745 4.43658583339533e-07 -5.50209324063184 0.000578622766144738
199609 -0.64767656244924 0.000115349584329998 -4.81085255950566 0.034715332381895 -4.6858924671106 0.0159326111810655 -9.15982685194854 5.56439609758986e-07 -5.48110392828309 0.000669088949788071
199610 -0.6634008427161 0.000126968280501991 -4.82201748498903 0.0346211824287968 -4.70339728055573 0.0158111415168432 -9.217297112654 5.07208698816351e-07 -5.49566601954534 0.00066821258470701
199611 -0.622240689359765 0.000115579727055375 -4.84964876304272 0.0323074052862959 -4.72126655094858 0.0152971034944954 -9.22350873488262 5.31172940787644e-07 -5.51642868535567 0.000635687125400755
199612 -0.625576406075101 0.000123852468042787 -4.86174007374873 0.0321936613530497 -4.72075303463373 0.0157715542644716 -9.22939231126241 5.74923304142342e-07 -5.5235237612939 0.000650403377147281
199701 -0.589810610210972 0.000114193680455917 -4.85348560807999 0.0332952844655289 -4.70645626443336 0.0168159830780961 -9.2284793102507 6.33700350782863e-07 -5.52950667298953 0.00066755441206507
199702 -0.592749606130583 0.000124680886821263 -4.86103798367969 0.033229332625474 -4.70233952069119 0.0174398651684438 -9.22345454911819 7.25172721539765e-07 -5.53076545179176 0.000697013893694976
199703 -0.60138780026513 0.000136588341663259 -4.87214511338079 0.0331673077455517 -4.70272989348686 0.0178897566814134 -9.22311717734125 8.01600130986608e-07 -5.52563884124861 0.000749308645611966
199704 -0.538079002434366 0.000107874326937076 -4.84168225985584 0.0365911090055579 -4.7032563624084 0.0181537710398704 -9.21085844856922 9.34413846213667e-07 -5.51867619492006 0.000803487497335867
199705 -0.583759337764245 0.000146539112822032 -4.86020908079507 0.0349944643303792 -4.73449008067743 0.0168753137785711 -9.25557645085102 8.31063751892614e-07 -5.53264353532252 0.000788946157514319
199706 -0.410812066735455 5.84889793958487e-05 -4.76876046611674 0.0478639072069976 -4.6735005444634 0.021360165160992 -9.21346617729766 1.21554353169619e-06 -5.45127603435291 0.00118487119655264
199707 -0.419056790857431 6.46226191649528e-05 -4.7798155516924 0.0475429181133056 -4.70416429816891 0.0203027160167557 -9.23231098789579 1.25249465847388e-06 -5.45864315777336 0.00121822211859961
199708 -0.380340620946718 5.18701108659633e-05 -4.75725018928559 0.0525392260877928 -4.68159605234031 0.0224888515599404 -9.23015350540157 1.41189778285465e-06 -5.45600799068711 0.00128728028214951
199709 -0.322975085047994 4.45028526960022e-05 -4.76895721877797 0.0510484605273433 -4.73852137488098 0.0195416231766352 -9.2860445306765 1.20073414672691e-06 -5.49343886121658 0.00114859965613577
199710 -0.228727100404003 2.77505861038895e-05 -4.71103946412081 0.0621817274751532 -4.70099353775126 0.0236994398456343 -9.26746337219115 1.59138131769329e-06 -5.46434650908236 0.00135693251267173
199711 -0.178478898133383 2.32185497570484e-05 -4.67879388969865 0.0685843700396392 -4.64766482217118 0.0279466729178141 -9.25588840893086 1.86014141432364e-06 -5.44337744889978 0.00152001194140662
199712 -0.210835177120461 2.63912254737155e-05 -4.71771949251327 0.0651204310255694 -4.69479265282551 0.0254342828526956 -9.29084699474247 1.81511055652843e-06 -5.45351000852541 0.00153497034870785
199801 -0.250028044203443 3.58008260687004e-05 -4.74761637508938 0.0602191013123048 -4.72339541647897 0.0235943279945503 -9.26633616118053 2.13986212557956e-06 -5.40999629823451 0.00176113564498017
199802 -0.246357442270928 3.14685076162909e-05 -4.74920669851655 0.0640422131563814 -4.71866795612059 0.0248407805435986 -9.28989235619346 2.40225855100538e-06 -5.32012859719189 0.00252270487011141
199803 -0.318110754415657 4.41415031212371e-05 -4.79232409129215 0.0594395374386815 -4.77692313097022 0.0218405729675761 -9.31693677925078 2.37686658690441e-06 -5.31743665406543 0.00264160108213615
199804 -0.497311420786573 0.000100498655418563 -4.97981580002973 0.0399812498424326 -4.90420982396416 0.0157690433067043 -9.4628070326549 1.47664515291393e-06 -5.4069101851449 0.00207162619474157
199805 -0.506672325043844 0.000109516351575336 -5.00917310680966 0.0387096315934286 -4.91705774822302 0.015875292331233 -9.48833694360063 1.51500566921132e-06 -5.41167412351564 0.00214182345040085
199806 -0.716866325556298 0.000277060627699597 -5.27465732732271 0.0209149039513174 -5.14484302023204 0.00882999427612421 -9.65668724732936 8.6572531405151e-07 -5.513244237133 0.00161895421583052
199807 -0.17921825045466 2.91744081223913e-05 -5.00181305763803 0.0398722988968758 -4.88536008352156 0.0176483448697497 -9.47464518755434 2.07603918013382e-06 -5.4338403666337 0.00211835205696278
199808 -0.00727637800730374 1.45017829957109e-05 -4.84448374737108 0.0589537598823418 -4.74977260396496 0.025936733886739 -9.39657091886876 3.51539596074412e-06 -5.36238136221641 0.00281027236036827
199809 0.237923696047937 5.03423828119811e-06 -4.63600982970984 0.097652918180524 -4.58971054161759 0.0393538512472905 -9.32540905937769 5.25403312606202e-06 -5.30242629479762 0.00356437811270404
199810 0.248430887794915 5.0975148124507e-06 -4.67086111973523 0.0937840467718385 -4.58397127457264 0.0404179316122993 -9.34900195541053 5.17724200788303e-06 -5.31776495446357 0.00319121859921659
199811 0.342144724579918 4.43843547378558e-06 -4.68406613478964 0.0886843358749336 -4.59139561971356 0.0334655601719803 -9.4122562544626 4.03665385924316e-06 -5.29917239429785 0.00356239362204576
199812 0.305560570830621 5.95298316127299e-06 -4.65738461046696 0.0952038352913074 -4.53319743324936 0.0401315074312466 -9.38872990286237 4.93050116438219e-06 -5.28827464307182 0.00384715878128923
199901 0.307541028008784 5.60745544539624e-06 -4.76293964986885 0.0791896055168835 -4.10957660247995 0.101142024138943 -9.48087611338562 4.24082923691446e-06 -5.3703748903716 0.00317347626799786
199902 0.344021634343938 5.01106390670464e-06 -4.74708428863613 0.0849458188823572 -4.07893130331405 0.110530118202744 -9.4667192565679 5.3270293406259e-06 -5.35881739990234 0.00354643664721142
199903 0.342455375154871 5.5624123423857e-06 -4.74916797092928 0.0856784174872128 -4.05557563003685 0.116330704344007 -9.46825579313733 5.825734007819e-06 -5.36357252624033 0.00365006449867024
199904 0.307703981080309 6.79408966211335e-06 -4.84637621024808 0.0720315507998697 -4.2373697319142 0.0797446379967163 -9.48846653412003 5.9410230195758e-06 -5.38099844660063 0.00359661734516761
199905 0.371920385131763 4.97202960779819e-06 -4.85307779760247 0.0720008380662027 -4.22733758176417 0.0815713469582963 -9.48656455608037 6.57627947553704e-06 -5.36878425421148 0.00385108001027309
199906 0.434773449968318 4.07383764678525e-06 -4.78012361923041 0.084864016140091 -4.16176213101676 0.0984729218313523 -9.44796191957915 1.0006709284472e-05 -5.38139371402893 0.0039638137251681
199907 0.991231000242443 7.78914958625627e-08 -4.60857858626078 0.218612841152508 -5.34857012034746 0.0106905989942049 -9.93695471597953 5.00678442721416e-06 -5.5720937365108 0.00295188299626129
199908 0.778450376660622 2.39710388375114e-07 -4.71268003796108 0.182690541344366 -5.38759265986404 0.0102218522443005 -10.0286032891222 4.01932041670219e-06 -5.63392467799184 0.00262500929435418
199909 0.306181222994184 4.1689594972673e-06 -5.34645283845214 0.0534143826085691 -5.65836039952383 0.00491576796730073 -10.2058778213822 1.94328655892866e-06 -5.71991900265372 0.00197493602152511
199910 0.540565489874778 1.33773148149443e-06 -5.21153074905905 0.0735541158840244 -5.57492007231826 0.0066222956226417 -10.1443668196021 2.75681677982606e-06 -5.66936362630563 0.0023982210123344
199911 1.00534452635732 1.26232508982185e-07 -5.09206196815113 0.0944238838873128 -5.55373509224935 0.0071695440958741 -10.0981478089834 3.64153647281099e-06 -5.64936488977497 0.00266578127358514
199912 1.08850755490477 8.60392863062975e-08 -5.04644317266534 0.102931749458202 -5.55684412631845 0.0071368924113383 -10.1735254314024 3.14141678696012e-06 -5.65482201720788 0.00273656820712427
200001 0.388927911421644 6.30513778180104e-06 -5.25184915154699 0.0607552127603677 -5.6703710931953 0.00499989428471031 -10.3496361471782 1.76120586701927e-06 -5.77723451132921 0.00202057519263136
200002 0.294113791496675 1.08961942873902e-05 -5.23522269406758 0.0606954817470082 -5.79558822237354 0.00366022627965147 -10.3504279880204 1.85996711277494e-06 -5.74277081311205 0.00229178014848776
200003 0.510180181288356 7.71942420323193e-06 -5.85632061296768 0.0128981252612068 -6.32544558626646 0.000760131261082748 -10.795817322628 3.71378977619461e-07 -5.99619684383113 0.00106040321810602
200004 0.753413002074099 2.86525637053145e-06 -5.50815017478521 0.0237792049749602 -5.9343982884869 0.00186981411405486 -10.7526661320829 3.74527278273699e-07 -5.91436834555057 0.00127397211945247
200005 0.852592699850097 1.82082934369866e-06 -5.78697543030382 0.0110945766160867 -6.06232346862754 0.00113867172674135 -10.6739031471945 4.97874683442091e-07 -5.84254807168034 0.00156352155212065
200006 0.60612003956837 7.21970359513526e-06 -5.52763562090692 0.0214382912526784 -5.84651458092496 0.00206677809608958 -10.5335450325083 1.00059352821161e-06 -5.77488214660411 0.00202107969045735
200007 0.607580834280663 7.90128405126656e-06 -5.3985238744245 0.03095522389796 -5.77129740519688 0.00272317179472501 -10.4862945888518 1.39422241873253e-06 -5.75338231983451 0.00228861927542979
200008 0.414165386651477 3.20482374024706e-05 -5.76292742702404 0.0115916783247517 -6.02755730144933 0.00141833570307839 -10.9979089622245 2.46528101318419e-07 -6.05416421543363 0.000892892732578791
200009 0.708001524223556 1.00090728049569e-05 -5.34728108374261 0.0313776832821417 -5.94975759440335 0.0018068023541289 -10.8824109879696 3.70929187897207e-07 -5.94330758243431 0.0011614855485078
200010 0.977219179614985 3.80186290598279e-06 -5.35955850358301 0.0205557283333526 -6.0165272619038 0.000925807876348045 -11.3883881129528 1.82018447040271e-08 -5.93405889115197 0.000741095060690906
200011 1.48510776769685 3.6903222127954e-07 -4.85244479606195 0.0345718213945739 -5.44336758768362 0.00233397437625006 -10.3329627471793 4.15368436870273e-08 -5.08572039375763 0.00153641314257596
200012 2.33554611133987 7.91543690886581e-09 -5.44983371677541 0.00575499889921947 -5.68273804346455 0.000905050808514284 -10.9379799797747 1.55870362591912e-09 -5.28714151082077 0.000592834866589743
200101 2.34133684957974 8.9094667762272e-09 -5.37569046179101 0.00736310126330063 -5.33996854655596 0.00227373165081614 -11.0171599843749 1.43882703779996e-09 -5.38871134163996 0.00044913048613955
200102 1.77111878557417 4.23688778687329e-07 -2.78821389824946 0.32993614428588 -3.25288635267926 0.101570427947701 -7.78377706880555 1.66023230130696e-05 -4.11357351224264 0.00544603877352347
200103 0.881401880545796 9.59698721761173e-05 -3.01825317637112 0.23514594921974 -3.34587970677414 0.082023949621168 -7.81654532546299 1.63378042709986e-05 -4.12013240802993 0.00482470594705448
200104 0.262649071375409 0.00178097228606297 -2.96275719684524 0.219642779278524 -3.411960610389 0.0604208161605139 -7.68728054306909 2.54498232092895e-05 -3.72645449916156 0.0106018811408788
200105 0.838367380176352 0.000336037335440572 -3.06126099669197 0.192840404377476 -3.47336523720099 0.0553800855430226 -7.24573494344662 9.61974021743697e-05 -3.49029297122547 0.0179339450143619
200106 0.844943558993982 0.000330756684806733 -3.05260070259443 0.196655475904801 -3.49944446243762 0.0535630912911122 -7.40490739947666 5.94112824613892e-05 -3.53268848068462 0.0164623612219991
200107 1.15220821989201 0.000113350951590895 -2.61590520852995 0.361130166736723 -3.24132712098595 0.0881589445421533 -7.231302621839 0.000111381330324554 -3.35781239719692 0.0247842904074724
200108 1.47980312769891 3.0019229941948e-05 -2.33484510734889 0.48077867484788 -3.2227845542395 0.0896107904897729 -7.44147769252956 5.43238409524716e-05 -3.22190347438478 0.0314063383964185
200109 1.31609904747216 6.53628433809071e-05 -2.36817913361786 0.455068649810526 -3.29351514524092 0.0791690607265214 -7.43878528295132 5.99462485603355e-05 -3.22197519053424 0.0323065824500738
200110 -0.345952625719459 0.0162015231869915 -3.46378772320231 0.0623658685094294 -3.79564968006068 0.0217919297550319 -7.48965988271901 4.37273052144832e-05 -3.3244947657296 0.0249893080486221
200111 -0.504907200199645 0.0429762456480713 -2.61949028831792 0.234933928305631 -3.36901343248808 0.0526456525557371 -7.87987393866281 1.42662618974146e-05 -3.33329247565419 0.0254238096023329
200112 -0.322955466460018 0.0313726476858707 -2.4789880468495 0.281477439950955 -3.30229283524508 0.0595947466930346 -7.8708988666365 1.64591162523279e-05 -3.33308129623273 0.0262022940969279
200201 0.359522605030504 0.00402244013690139 -2.28818760494065 0.362886064576533 -3.24227824124645 0.0674994267473215 -7.87895019669083 1.76795566457068e-05 -3.34395916253905 0.0262858885417028
200202 -0.366085732341226 0.0248923609004015 -1.94937098233587 0.514271801592564 -2.91814362229699 0.107223810827628 -6.70225227850332 0.000215058413947569 -3.04738778456581 0.0395687952191991
200203 0.409792974530943 0.00360355180707543 -1.85590598183034 0.571906271397014 -2.90839908429077 0.111361159153185 -6.9081756054401 0.000118072734895816 -3.10764696268524 0.0358723510426709
200204 0.406571958596558 0.0038251785544763 -1.86693447163284 0.567001550995926 -2.91140722426606 0.112692184963131 -6.91923989277858 0.000120158481290879 -3.14470392820938 0.0341580347219678
200205 0.397010618926175 0.00405895989744495 -1.6486100591369 0.688930414027936 -2.81656828095993 0.127978805009463 -6.72500668280491 0.000201717785582188 -3.04520279099791 0.0407442450708554
200206 0.154752262083668 0.00988422850544259 -1.71460900028415 0.645883903318626 -2.83930408322726 0.126015883891982 -6.56464915375092 0.000324481715757538 -3.04960073905389 0.0410956669367486
200207 -0.598479801720364 0.0575026770774713 -1.96384813762895 0.501359197491556 -3.01782546444249 0.094993910919703 -6.40930256478378 0.000535998671169564 -2.95849970343016 0.050569580768472
200208 -1.26326205669829 0.177642685666679 -1.9536274686998 0.541181436138058 -2.89650943687925 0.124582448216678 -5.55175204142733 0.00507772002575738 -2.65158514770296 0.0902452519926839
200209 -0.983612300458336 0.121978765905186 -1.95803054755714 0.537796623650915 -2.8880091061771 0.126528266409239 -5.53893669909236 0.00501188818365719 -2.67999947455859 0.0882773933653749
200210 -1.71713587495843 0.394785619717082 -2.35418808495507 0.340798136058547 -3.07306498668671 0.0941137331193289 -5.48123883549425 0.00626959429991108 -2.90979256529686 0.0608998636093518
200211 -1.64928664470587 0.381649942352948 -2.40445912292275 0.321689444584147 -3.10946606414977 0.090538058355085 -5.43851444155252 0.00720923902024868 -2.93886148926787 0.0591039654664847
200212 -1.70755296904139 0.413888394725964 -2.50312326602733 0.284253885616286 -3.22003214246462 0.075303572709849 -5.41549949898767 0.00741674834532033 -2.97738164258947 0.0564262121397256
200301 -1.69397099865172 0.403644198506119 -2.47308814877834 0.295419485449066 -3.19187566271277 0.0789566530088918 -5.14756323518706 0.0131088648512643 -2.91200356005559 0.0650061566178771
200302 -1.43858246613189 0.317667761574208 -2.38355498415934 0.334863148343002 -3.16827646708646 0.0846248991911882 -5.39762986991079 0.00803733754525969 -2.86534411565316 0.0722836846925989
200303 -1.59760145067149 0.359820524692439 -2.42643425573887 0.322127220856354 -3.18244225159356 0.0844109498706737 -5.40843976550938 0.00824359297670634 -2.91233603467971 0.0689260454297877
200304 -1.77589236058575 0.475051628850676 -2.4542198549254 0.313873590173341 -3.1873066528515 0.0856925919840985 -5.28706332081246 0.010728474910971 -2.93769587982404 0.0676478737146429
200305 -2.49080276170275 0.879654363180842 -2.57478826126327 0.278821692466679 -3.19415479998797 0.0892857452688282 -5.19340896354028 0.0140486479704743 -3.07686203704534 0.0560926312461956
200306 -2.87505943143349 0.893937216209649 -2.8203906104785 0.218928904363009 -3.34909901852778 0.0759384782059251 -5.21533824830251 0.0169729581055556 -3.38793735128793 0.0348173217642168
200307 -2.88055916165686 0.89118617070838 -2.81294545703203 0.223688536018105 -3.3476522082772 0.0778147919366795 -5.24754708030597 0.0163712379885957 -3.41000419439366 0.0345847637880479
200308 -3.59727105248959 0.550817356207496 -3.36647594499688 0.115360380463641 -3.733766790236 0.0437225974288358 -5.5549195412945 0.0103409136755023 -3.63040970934756 0.0243607557271256
200309 -3.48008088482863 0.658472568184574 -3.64291250757982 0.0781242352633655 -3.86280129775105 0.0356090547784156 -5.68622631355928 0.00719708333802623 -3.63053845963692 0.0253178471030436
200310 -3.49370003354619 0.666386069602752 -3.41992169904839 0.111937241111059 -3.63059213319381 0.0546135361811175 -5.53027776187156 0.0104394992789603 -3.64781015918909 0.0258009479582516
200311 -3.55304581910396 0.677564890633993 -3.57664968121336 0.0915228490270072 -3.76894468023128 0.044877802706059 -5.64172961310763 0.00877811857623365 -3.64355371008758 0.02724782168696
200312 -3.74124752870142 0.575090419666983 -3.56713263552961 0.0959248651065492 -3.74903786259533 0.0480618429988037 -5.60352156424502 0.0100669469947118 -3.78117444736858 0.0220645119921696
200401 -3.72782623038703 0.585717971155576 -3.52270693481644 0.105516428345245 -3.69837097182668 0.054364520724514 -5.63756144745504 0.0100561008321154 -3.78803267549881 0.022825792734883
200402 -3.61867326245779 0.635197878127619 -3.55031263217422 0.103531295392889 -3.69789792076736 0.05589953716717 -5.6357618468569 0.0105635666121857 -3.84667360630599 0.0211115439398451
200403 -3.6337108634855 0.660276535799904 -3.65354838473031 0.0941070836769015 -3.77930503093129 0.0522562681370552 -5.81977005361993 0.00819538328733974 -3.8447072378454 0.0226262317475164
200404 -3.60723081950851 0.685549254953589 -3.50775869091982 0.122436419322491 -3.65265282946599 0.0671277899471478 -5.63329318736556 0.0127740637331159 -3.882704889975 0.0222875320020843
200405 -3.61238236656378 0.683612266111359 -3.52233222354461 0.122297817148793 -3.65213983582706 0.0688150724832728 -5.64238265895647 0.0130656000453563 -3.88592741335019 0.0230509820164635
200406 -3.62712690448344 0.678879581180872 -3.57060787405907 0.116990103447121 -3.65663064751918 0.0699358062911781 -5.63560322975956 0.013809715539829 -3.87880950365134 0.0242286254890909
200407 -3.57102925026946 0.707111177131448 -3.52044441980717 0.126586225794746 -3.62859163528755 0.0743309080852685 -5.46028817131841 0.0188213556972092 -3.84284993263846 0.0268481628007373
200408 -3.55765843420757 0.717493933726031 -3.46704925703458 0.138516834959532 -3.5697322995446 0.0830530749764009 -5.48123681367585 0.019099431476331 -3.85870122231358 0.027123936377833
200409 -3.83015684374504 0.574451941222448 -3.87622731147719 0.0791834458493551 -3.91916741075167 0.0497941159352572 -5.64065425303402 0.0154575555947757 -3.94914304905949 0.024192105610133
200410 -3.82873073011976 0.57696222122749 -3.87264735719646 0.0816583082159696 -3.91369823155727 0.051752227336654 -5.60614349185222 0.0168860128489954 -3.96805409586023 0.0243688040337341
200411 -3.83217607870945 0.581516559877993 -3.8959067053163 0.0823421335265092 -3.90790789854156 0.0541779735144626 -5.69099051739674 0.0154028929943765 -4.0304245266471 0.0229555984142823
200412 -3.71017681048742 0.62266618793404 -3.83606101161049 0.0894764957504061 -3.8404409070832 0.060732198916025 -5.6391907767612 0.017455104280588 -3.97984694970599 0.0258805273377762
200501 -3.70893449527487 0.625171865558967 -3.83800961415008 0.0915443522139084 -3.84892864996764 0.0617683332333266 -5.63638477414683 0.0180446555654472 -3.96320766812024 0.0276094862115172
200502 -3.7600564989847 0.606446760932064 -3.83821031729306 0.0941154659510475 -3.85160016427857 0.063465583870785 -5.63390282299296 0.0189372346761344 -3.9774191138944 0.0280514656563629
200503 -3.71833320170152 0.627022283460059 -3.67153681465255 0.119488469186589 -3.71065751118844 0.0797506287911518 -5.54191922706018 0.0233791192632057 -4.00403635300099 0.0279904831497175
200504 -3.7499854154956 0.600901812105806 -3.66837824672714 0.121777144721669 -3.70003718455625 0.0829029338222888 -5.53157133601343 0.0247302989656739 -4.00524081936189 0.0287987282210862
200505 -3.73879467099787 0.607330980425778 -3.65655176326187 0.126381215826184 -3.6887030132378 0.0863098911369205 -5.56601965309433 0.0241864464498748 -4.01542111346689 0.029522433239644
200506 -3.86432997179964 0.57448689123238 -3.68269414922051 0.126582245079751 -3.70155278370912 0.0877739437409321 -5.62985689069859 0.0229072031495261 -4.05524484083379 0.0287742298367767
200507 -3.90021215793865 0.560926573201229 -3.68069700355442 0.129575621872073 -3.7023273368421 0.0899699179303143 -5.62952330581659 0.0239155561810519 -4.05647093553438 0.0298733324695427
200508 -3.89792120864358 0.562815821185343 -3.67209057008722 0.133680584683913 -3.68549598383661 0.0946326452802628 -5.63333167770015 0.024815787142875 -4.05137909460844 0.0313351815362795
200509 -3.90498765022811 0.562883736411362 -3.67488309538375 0.136028673948891 -3.69137614450477 0.0963417609176579 -5.63187114443822 0.0259476119796075 -4.05950350773283 0.0321731257033835
200510 -3.95223740495536 0.547559750013179 -3.75172922825149 0.128492222897694 -3.73779685271163 0.0939607807913825 -5.66678074643701 0.0262423992321806 -4.12718065358029 0.0303428536962609
200511 -3.89910524868078 0.577047173322284 -3.73749645563792 0.134125358475405 -3.73258794516884 0.0970623443742666 -5.61984196573346 0.0294292358933031 -4.11149348260396 0.0323637726186952
200512 -4.18895920448041 0.460959861499079 -3.84665059862801 0.120045378340619 -3.79321800234675 0.0919469336212764 -5.68644069247404 0.0280218859652289 -4.15919960726152 0.0311773769680298
200601 -4.18548399829359 0.465161442919461 -3.90540567591429 0.114593359585899 -3.83019641862339 0.0900968064164901 -5.66848662304404 0.0298728684459039 -4.13121130780041 0.033826520767029
200602 -4.25229239228337 0.443462865086487 -3.98533962032537 0.107796672845952 -3.85622709379823 0.0898199975879637 -5.71480519947636 0.0291583113359998 -4.14308864318067 0.0345084446197837
200603 -4.32882457216492 0.420222076509078 -4.08098015084648 0.0989666833704487 -3.97697448170553 0.0800833558466075 -5.76182171032673 0.0286174817863986 -4.20786993651767 0.0327213350430928
200604 -4.39109335280858 0.407321867143604 -4.11414410211124 0.0978210145111591 -4.00447637038381 0.0798984993011927 -5.79217666512495 0.0285310440625132 -4.21671394826544 0.033698259737282
200605 -4.46131130852672 0.385703570956386 -4.09908478854004 0.101602972420093 -3.96769027102457 0.0856383864101061 -5.80270306333643 0.0293814935370914 -4.20882797608308 0.0354947926484035
200606 -4.48834372846936 0.387573899843175 -4.12320813225819 0.101503762811478 -3.98877724764402 0.0861259439949571 -5.8245120522914 0.0299196177965 -4.2190345293035 0.0365510478964549
200607 -4.54872952166618 0.37415994691381 -4.153128704086 0.100642721446618 -4.0058457312302 0.0867094104578199 -5.84821655770036 0.0302897196444239 -4.21977450647395 0.0379956889558096
200608 -4.55130933289762 0.377624142057369 -4.1565120890916 0.102730009929499 -4.00474059295695 0.0891898743852476 -5.85375619900563 0.0312360485906674 -4.22250798424393 0.0393956313688106
200609 -4.60033505153816 0.365056651883741 -4.22856014894499 0.097732388714509 -4.03691128526495 0.088443092194052 -5.8544334934959 0.0327368501511716 -4.308923327653 0.0366290494651227
200610 -4.66761512926011 0.353028553848249 -4.2694854036585 0.0964151014381167 -4.05260096211708 0.0897130312364776 -5.89939692457397 0.0323679135922482 -4.30896395572027 0.0381337767555186
200611 -4.62776367565567 0.368822597032558 -4.26091175887759 0.0999896889149716 -4.05171135550284 0.0924088278977135 -5.89060844337439 0.034152151646156 -4.30619948429858 0.0398530266397752
200612 -4.70507269806841 0.344300978517999 -4.34179840013418 0.0923063966434493 -4.13683996328256 0.0856586677152527 -5.9755421957963 0.0318986020752383 -4.40246919225391 0.0366493016593615
200701 -4.72690071273665 0.340696596943659 -4.34839190472547 0.0942246436084588 -4.14202975304645 0.0877065547222011 -5.97448454977929 0.0330649303623149 -4.44223584967429 0.0362817349086597
200702 -4.6635905384568 0.357232282229867 -4.30597310548333 0.101059609326065 -4.11275020996953 0.0931008097966675 -5.96415497175695 0.0349038426485632 -4.43558989915558 0.0381312467462568
200703 -4.66865176721833 0.360665481955797 -4.31042090963829 0.103452310254171 -4.11536623494559 0.0956307044869011 -5.96548537245567 0.0364292804079996 -4.43497050647863 0.0398237880812534
200704 -4.66722068361403 0.372661690726348 -4.29832514101602 0.109133141040503 -4.10581525274933 0.100247083543626 -6.00364648894383 0.0365755022622179 -4.44317431489132 0.0411541135373891
200705 -4.66614234550387 0.377221772652034 -4.30391696980701 0.111774686013641 -4.1101900277567 0.102706145185234 -5.98673784539585 0.038781233050324 -4.45118768263206 0.0424351095398155
200706 -4.67441942448075 0.382516136585065 -4.30534684569772 0.114682623719803 -4.11351229510952 0.105290389470943 -5.9802034580845 0.0405368945813443 -4.4448079862287 0.0445552396221842
200707 -4.4203709149601 0.458063987131146 -4.22639646263905 0.125723112432012 -4.04422443783115 0.115473977751388 -5.98755958034438 0.0418299851350744 -4.44247160621045 0.0464511969192769
200708 -4.4750646196708 0.445148736908292 -4.23710343302268 0.127610080869389 -4.05877860189272 0.116991071787739 -5.98579163805961 0.043690193539776 -4.46006364025424 0.0473517959052473
200709 -4.39839130308921 0.474660353520216 -4.18077843845093 0.138805076476404 -4.02694031265725 0.124025010531449 -5.97660842319829 0.0462837393651404 -4.45423372837193 0.0498272111076128
200710 -4.40351015905178 0.476835214677545 -4.20612550324253 0.139050579636386 -4.03351579930471 0.126570193235204 -6.00776193308696 0.0465521294419584 -4.45569968563102 0.0517557950107154
200711 -4.41962972937653 0.475784709472543 -4.20686264523524 0.142562313370931 -4.03473243936501 0.129875401614817 -6.0122013850205 0.0483409752637948 -4.45443526173583 0.0539882575610463
200712 -4.39658528612188 0.4878601346635 -4.20184729293049 0.14681837790426 -4.03526124310514 0.133232533636241 -6.00906946987465 0.0505545585555669 -4.45582901044204 0.0561269329259877
200801 -4.37471963543505 0.501992460153536 -4.18182912501521 0.153605198467029 -4.02268194395377 0.139285923098064 -6.03518791513031 0.0512151790902719 -4.47390238920957 0.057303042619968
200802 -4.37491382576045 0.505918263542199 -4.1858200056323 0.156772327682807 -4.02137256425534 0.143099509669858 -6.03592569677418 0.0533620697070839 -4.4697140388579 0.0598771282374855
200803 -4.2565862484842 0.554191606081808 -4.16824637866695 0.163897681243794 -4.0143329381535 0.148162360257704 -6.04241816336588 0.0554264083368624 -4.45257649698056 0.0634039612839825
200804 -4.20482738163985 0.576009335520304 -4.13293840701989 0.173872813019013 -3.99521841288406 0.154963592238411 -6.00338855325391 0.0602971367971817 -4.44353583667663 0.066677113993797
200805 -4.18525378204795 0.588353609266472 -4.12127573119934 0.179919089110345 -3.97104693632775 0.163326384967726 -5.98381199955766 0.0644516828695788 -4.42789527585705 0.0705315746692165
200806 -4.06379966211257 0.631599978448194 -3.99888178533137 0.204389680716218 -3.84221883030438 0.188682871868911 -6.02919983542363 0.066840956168252 -4.40975733732221 0.0750437952221532
200807 -4.07816884784233 0.627574214547438 -4.02995751477462 0.203026514891426 -3.86722808170037 0.188797151721304 -6.03182681764032 0.0693001799476109 -4.42539839741984 0.076720999915864
200808 -3.95263955000571 0.678678668136666 -3.9704200619356 0.217727771518979 -3.84018122307139 0.197123695323588 -6.08048304162749 0.0661128650147916 -4.45616013890797 0.0771404455121954
200809 -4.14301884678923 0.613902836147857 -4.00300532840685 0.21577729009696 -3.81562780204916 0.205333870807625 -6.11155907909522 0.0662693752688358 -4.42927408570959 0.0816038215963989
200810 -3.67525520570702 0.774031819391164 -3.74234248905869 0.26815598557379 -3.58552541904726 0.254207076272627 -5.96377787560964 0.0803215460579676 -4.22167513295191 0.102777086996853
200811 -3.6470181503109 0.786882084215872 -3.73703053847014 0.274314501841986 -3.58360171408252 0.259736430062434 -5.84847799652801 0.0908219902590995 -4.19992089102337 0.108009754963794
200812 -3.66990065665194 0.823937087722881 -3.78133676188868 0.276984205509266 -3.61384515847996 0.261380245268054 -5.84311717931112 0.0957336737644859 -4.17026331160353 0.115499229363283
200901 -3.76884166153162 0.794542585613279 -3.8298329743701 0.274493607706984 -3.64652298799797 0.261884380744629 -5.767903924634 0.107923279033738 -4.20250147517829 0.116246133522683
200902 -3.72804593797342 0.805096948834573 -3.80376587447346 0.28244419518248 -3.52559531907983 0.291176542621025 -5.79507649239481 0.110305236203588 -4.200740930196 0.120256435142172
200903 -3.30098688101872 0.947510638206828 -3.65267751042968 0.314295528927444 -3.293002228185 0.344709867434057 -5.82051465632956 0.113045252625557 -4.14236047064205 0.13061568609036
200904 -3.28830479151496 0.956309730273984 -3.65527178247698 0.318849821278866 -3.30452573797875 0.347341539351743 -5.84083935740787 0.114379291267833 -4.18223273862166 0.130349577700879
200905 -2.80775376944817 0.844946843210305 -3.25614276643518 0.428456420047225 -2.98729828429289 0.444508751686513 -5.97050297858015 0.116390266288721 -4.1766003380753 0.137212026385441
200906 -2.71414257407367 0.822732729930544 -3.12647176146783 0.463865815427231 -2.85589511859492 0.483628610300358 -5.97011862841494 0.120451601895119 -4.18320676901482 0.14082703954577
200907 -2.67978147729342 0.814604803792829 -3.09930495771575 0.474566068307749 -2.84450753324526 0.490473006168917 -5.95981007750686 0.124969963685751 -4.22577778823834 0.140563442327748
200908 -3.03718312829258 0.851255287037173 -3.15568598747591 0.483007721727088 -2.80954676063943 0.514856752840155 -5.53489708614252 0.183338604180671 -4.11116863008882 0.161506819663276
200909 -3.30226721378106 0.664732033176761 -3.98052650135252 0.362168531937293 -3.39132635507473 0.430559060009683 -6.64142327654438 0.128585779191543 -4.32475356312712 0.157766144596265
200910 -3.63434269262652 0.684541400824544 -4.23577003319351 0.319567779601373 -3.86502261111561 0.341645521052967 -7.31717806995626 0.0931254782171439 -4.80838251137512 0.115917975477463
200911 -3.75268395882749 0.72373133514759 -4.28132309070504 0.31248403443793 -3.88461591051297 0.339844938467747 -6.94421559223029 0.115288726002697 -4.88111493079468 0.113822882300915
200912 -4.27735689086122 0.885838037690675 -4.95766742523778 0.223451893225336 -4.4329316396108 0.263707377400278 -8.7419498214744 0.0384440984539403 -5.98939239377558 0.0504094102363867
201001 -1.53535517646 0.225740205723901 -2.62669657009929 0.78227405135943 -2.53924788780118 0.759964946713799 -8.04838637738296 0.105556527590197 -5.31718452848917 0.0985316849813872
201002 -4.77408024386956 0.821746461139259 -4.00572027062611 0.366644070350537 -5.07530220448522 0.178032641629523 -9.41608203551354 0.0402447642945996 -6.39238488177281 0.0397302145980778
201003 -5.10296136341357 0.793335330053242 -4.16825697774366 0.354642685429508 -5.7872667096281 0.123225083719862 -11.5708666994888 0.00779295961469803 -8.01677342487039 0.0102745648670146
201004 -4.87845813108341 0.877081969976524 -4.10688372897718 0.37743546013037 -5.97338677400447 0.114673407589767 -12.798284776445 0.00220317168051785 -8.04616425692466 0.0105098877716734
201005 -5.02203741063263 0.8197411441381 -3.95919913799301 0.409443714350002 -5.85791837071865 0.127915931798065 -12.8796084335293 0.00230187666861207 -8.06269159199038 0.0113245081262691
201006 -5.73716387129615 0.646428559760506 -4.69776866296681 0.290897726176545 -6.41002917399933 0.0937755419473485 -13.1036449885804 0.00279393485584036 -8.27412780067116 0.0105364693445056
201007 -5.31211299701164 0.705296253459202 -4.07906304278005 0.395853808805118 -5.98550075797613 0.123657213826749 -12.8926732317985 0.00409110169778949 -8.01822174561844 0.0154284812815818
201008 -4.80300121230557 0.843239285940171 -3.83412988713705 0.45154093884547 -5.79670887671602 0.146102516910751 -12.7528532256734 0.00548219192193067 -7.84666490452781 0.0194565885010888
201009 -4.72738439678504 0.865730342905965 -3.79529734996191 0.46816310482491 -5.86166158447714 0.147465347844587 -13.7227926028024 0.0026867629942174 -8.46759008670006 0.0129881835397665
201010 -5.9998558836053 0.538614410117551 -4.38946580770976 0.351615827431331 -6.24199925877456 0.117499631142019 -13.9800791725101 0.00255116864080144 -8.67057091596381 0.0119420161505265
201011 -6.09736354013894 0.517485893098926 -4.5352508762069 0.332717986090601 -6.39167978821162 0.111279394005435 -14.5301351786083 0.00173370713999543 -8.8275444869375 0.0112741960929659
201012 -6.73364336969662 0.401910726212998 -5.03556136414429 0.264263892631201 -6.62811110304955 0.0982452581897342 -15.1830377905983 0.00120438476156391 -8.95677578901302 0.0111103759880246
201101 -7.02835508488082 0.34802681096954 -5.37797083904052 0.222522300806945 -6.79824725041027 0.0904877351823675 -15.0513886425992 0.00166088554665611 -8.89275966826868 0.0130825927326023
201102 -7.66559513793565 0.267727258831221 -5.82770435243074 0.18166853250822 -7.18023835649133 0.0755682725785739 -16.0309035377265 0.000915607656917653 -9.40737400127196 0.00967430304369427
201103 -7.14784467914535 0.290088086638005 -5.30636018717234 0.230191395344351 -6.69548251110019 0.0999313218803972 -15.4978242569417 0.00147223697916392 -8.88406342844183 0.0152554937813377
201104 -6.3201322287425 0.474799584106458 -4.91845356811562 0.307351967827699 -6.85610545541204 0.103135035145526 -18.8626105827474 9.63132293755907e-05 -10.2343635400299 0.00602403324169186
201105 -4.40035285094227 0.871710825220777 -3.15593583012599 0.656835842125225 -5.8817857229871 0.181297394177452 -18.0243721959828 0.000336677419311555 -9.07813817386782 0.0176315327039479
201106 -6.21783750425939 0.464866770409991 -4.09434991342263 0.454627330104851 -7.27703505969211 0.0839643411775021 -19.9261127427286 8.38208379864851e-05 -9.62966734781798 0.012776240142481
201107 -7.20610151473424 0.311941131142509 -4.79065045431224 0.351166080503883 -7.57221064417315 0.0767952545035887 -18.6138241320972 0.00032383632115105 -8.87417313200065 0.0250009890624939
201108 -11.1544841273238 0.0413271842607895 -7.06831539884052 0.116127149393165 -9.54899440814274 0.0223136126148307 -21.5617733717385 3.52941108709451e-05 -9.84792617186916 0.0136033719330056
201109 -11.6482053601823 0.0341278288904975 -7.44265896320639 0.0998717938157261 -9.90559461782938 0.0191132004814476 -21.724010714017 3.71326327201586e-05 -9.87255286009081 0.0147492907421225
201110 -11.6099228034277 0.0376931399495397 -7.56705933947368 0.0980406376847893 -9.85162366361079 0.0216057146024703 -21.5447617104858 5.23736929383308e-05 -9.7369288868979 0.0177777336876069
201111 -13.0485138325317 0.0146216688732395 -9.07271007220309 0.0414821238048053 -11.4712357246894 0.00775085362342846 -23.1919806756942 2.38719047568401e-05 -10.5667852310252 0.0119836051396576
201112 -12.9806360703142 0.0167900880435218 -9.07428682462776 0.0451600882867651 -11.4289082653106 0.00905198237476708 -23.0767700985721 3.50784285411976e-05 -10.4474113295561 0.0142925097403871
