"date" "world" "asia" "euro" "scand" "us" "cumworld" "cumasia" "cumeuro" "cumscand" "cumus"
197501 0.163733191982602 0.0813956382039941 0.218653486041345 0.107508207715285 0.133131312603183 0.309474019375735 0.231060909513711 0.366226608861033 0.143814484870458 0.323811496539285
197502 0.125839384839148 0.126368298814807 0.12768936114089 0.077701507663852 0.0581745640510722 0.196338880156225 0.211512674635797 0.190632612280136 0.104805693579865 0.309618108007616
197503 -0.0104544579038589 0.017938145131013 -0.0274739770007551 -0.0269601815827831 0.0302381830606099 0.0640789275141543 0.0985540627309084 0.0440661953695569 0.025302563969385 0.258021859316667
197504 0.0451645519543737 0.00548493023056975 0.0701788346212465 0.0407579924721678 0.045642357878701 0.0568784501792925 0.0778119902671611 0.043140697848614 0.0669542942951578 0.254717677496138
197505 -0.00722604509173958 0.0061808590750811 -0.0146061523893621 -0.0244976316004002 0.0547722358469795 0.00941124916224328 0.0808902906970792 -0.0400220643309273 0.110169735599168 0.198317662964476
197506 -0.0408219945202552 0.00568381646829771 -0.0732160623312591 0.0264471700148482 0.0509782447646295 -0.0107339025421492 0.0785022298606943 -0.0729268946126169 0.0853720754746912 0.133697091062683
197507 -0.0454158635304826 -0.0537172825059879 -0.0398849336989149 -0.0491902441907718 -0.0630463017176353 0.0456661219414245 0.113096259890967 -0.00131211364833167 0.070458141273516 0.126544325838083
197508 -0.00170144663975757 -0.0415514271582351 0.0240094524603519 -0.0325231917055601 -0.0239853627505113 0.0819403275546237 0.167113497405953 0.0215283854413248 0.132762024609671 0.183572555230155
197509 -0.0457298517061743 -0.0449973659307358 -0.0473012731180131 -0.01999864650669 -0.0380134421982162 0.0846412745274647 0.240551113426509 -0.02258173872603 0.121960091576857 0.206156937065038
197510 0.0830535551352857 0.0923056707840261 0.078903597595466 0.0503128138735892 0.057041740367197 0.11281796698605 0.280837399627126 -0.00275444260877198 0.123591080725362 0.268862991853626
197511 0.0223484036637618 0.0157749191153622 0.0282958691548473 -0.0260360145508416 0.0301411569119868 -0.0364822339681621 0.137975005225947 -0.160376624915643 0.00124506395194166 0.191516498146064
197512 0.0206845911928326 0.0201947072855193 0.0209784063851918 0.0202927032677624 -0.0112631922787107 -0.0440405521592886 0.0930801875367331 -0.14035863379194 0.0665979408797336 0.168946606730396
197601 0.0505980527630914 0.0618474033260802 0.043059489460447 0.0684994164246923 0.118937924071514 0.0408953385115626 0.208552091672747 -0.0766283122501772 0.098423191874078 0.238950294031707
197602 -0.00642056780292269 0.0134096869099177 -0.0188770557696892 -0.00180162194662821 0.00657831536012251 -0.0167273291884933 0.121181731115581 -0.103420829246752 -0.0530231453715405 0.0824143395448742
197603 -0.0176549352387207 -0.00280392733273426 -0.028399474521698 0.0146915487429897 0.026934001240081 0.00959390032076558 0.146030756322754 -0.0766748150983679 0.0295286262601968 0.059706642254868
197604 -0.00230264906267556 0.00856323066048781 -0.0129839275582948 0.0839734337761785 -0.0107576566529602 0.032932652027784 0.146532034592812 -0.0368409629510068 0.0384559431158411 0.0228233101611189
197605 -0.027371196796132 0.00379279823869626 -0.0475109826710517 -0.0492952917248775 -0.00984833605481441 0.0579747880599489 0.152660352675314 0.0168049463261778 -0.0967055274297707 0.0388669712433165
197606 0.0155780299633185 0.0402778464985701 -0.00160128136697388 0.0115332358136731 0.0438254795400295 0.0808358293781949 0.147766948992585 0.061010471988503 -0.0727280436891831 0.0377554670617889
197607 -0.00914165791728339 0.000299955008997942 -0.0170444346092585 0.0131136391453832 -0.00601807232556302 0.0896576862384116 0.138890865633547 0.0809427100402003 -0.165688278198585 0.043767222368931
197608 0.000999500333083423 0.0318861888623217 -0.0201006717070029 -0.0433251247383737 -0.0014009809156281 0.0866255432239862 0.125201673505533 0.0851045188184451 -0.187338248366255 0.0370039603297609
197609 -0.0175531592475892 -0.00471107973011922 -0.0274739770007551 -0.0183676573581849 0.0246926125903714 0.122150817573275 0.133689378781484 0.159503963932827 -0.288692134997325 0.0252183794412134
197610 -0.0662466458189263 -0.0505567236171523 -0.0787185847114051 -0.0720332028998316 -0.0203047533403643 0.167221862857603 0.143089447997735 0.235958563155204 -0.215362919565166 0.00212448821453908
197611 0.0147900854726353 -0.0291198985738521 0.0483138602785507 0.0393168623769504 0.00757126549631813 0.249046538639848 0.219021477946115 0.338686600326961 -0.17812822220803 -0.0172475755979951
197612 0.105620481863684 0.135666611421533 0.0847087279269542 0.0521179542621068 0.0587404950226001 0.23225445049654 0.248741196591935 0.277084845721475 -0.274438806105101 0.0191980443224611
197701 -0.00702461493696447 -0.0255229572310859 0.0162669724638719 -0.0829469208209262 -0.0375980304153185 0.167391961105024 0.128554156018788 0.247716212827685 -0.235254601960421 -0.0319711852038209
197702 0.0199006617063362 0.0382587121170903 0.0078689583786952 0.0807501496851091 -0.0161293819298836 0.178707357459144 0.183053221486391 0.228244109414865 -0.0767364942924211 -0.0511551688874869
197703 0.00568381646829771 -0.00230264906267556 0.0114343776256632 0.023618865598634 -0.0099493308536681 0.16836090855762 0.16968222487708 0.220475146036503 -0.180039048448042 -0.0442683683245359
197704 0.0227394869694893 0.0146915487429897 0.0406619817188897 -0.0511880367694333 0.00528600442923744 0.231269883554934 0.285581380522296 0.244793938116658 -0.137776544933163 -0.00107770369106581
197705 -0.00451015547788602 -0.001100605444033 -0.00330545700872648 -0.0253178079842899 -0.010959840236342 0.205626183438055 0.275578821265438 0.190337245375579 -0.0440080606286112 0.0744786797237976
197706 0.0243998868235351 0.0314017631395316 0.0183309566847234 -0.0814269986957292 0.0498372348471716 0.229448649948314 0.282562089867626 0.222035776885523 -0.0489432958153422 0.10788470878997
197707 -0.0121738009317088 -0.0133892371190161 -0.0128826258310137 -0.00853633102228634 -0.0127813343647332 0.250308894529643 0.345561002149579 0.212862757985565 0.0595150419314175 0.0464808375713326
197708 0.0365247746823722 0.0403738941382732 0.0542987734073789 -0.144679011369444 -0.0131865618041756 0.338146599382342 0.436651746932447 0.301965409727988 0.150460509194422 0.114413016400914
197709 0.0275178860367393 0.00468898948613147 0.0489806222216219 0.0549615580739743 0.00159872136369707 0.328653163751 0.408008775669872 0.289576039397819 0.337144814708896 0.169796626904878
197710 0.0155780299633185 0.0253753063312283 0.0240094524603519 -0.0347985055426955 -0.0396768171528984 0.331567484834463 0.42135614866984 0.284420896716226 0.270414273034922 0.160064922310992
197711 -0.00200200267067308 0.000599820071967549 -0.0132878943269354 -0.0569937215201203 0.0440168854167743 0.364684376409903 0.465040378270106 0.304428329672649 0.312883284881838 0.0806203085560265
197712 0.0407579924721678 0.0154795708483864 0.0553400950331645 0.091302158406786 0.00757126549631813 0.280801639923406 0.357189367451162 0.228338412848367 0.31129404896966 0.0701349063480446
197801 0.00429078141715625 0.0289761082365172 -0.00320513094894834 0.075571186847074 -0.0567820140989845 0.284634530779113 0.383235543431274 0.223881528129773 0.247801591202141 0.0790273668823915
197802 0.00955421280481171 0.0248877155077789 9.99950003332973e-05 -0.0225524044705115 -0.00924258136693254 0.286623987319108 0.359047951926554 0.230779830916339 0.243713505976932 0.184599545150808
197803 0.0685927914656117 0.113596506582541 0.0357531697058178 0.0658813691135128 0.0332413337798019 0.276869754511629 0.302875946379009 0.253028239579767 0.245961157107079 0.165133962380997
197804 -0.00290421314738983 0.00468898948613147 -0.0137947110221893 0.0425804475351185 0.0808423878441008 0.236961596905926 0.163756482565382 0.279780275225346 0.18685677227259 0.194773526640396
197805 0.0193123110323729 0.00588266315815551 0.0283930745012178 -0.0302530431710209 0.02244618882983 0.242163169101999 0.136412802514444 0.310825339654063 0.124073617419952 0.121303893125708
197806 0.0452601314048646 0.0944006754214843 0.00915793778476572 0.0270313390510305 -0.0115666363714654 0.202648150752107 0.134522160625826 0.234606635670241 0.167144164301587 0.0848601946520246
197807 0.0756639039209896 0.077701507663852 0.076220025911409 0.0824091362407178 0.055150844464848 0.180811534290831 0.0439142834430384 0.255201656034823 0.184034012308485 0.14197364597946
197808 0.0270313390510305 0.0117309228756987 0.0419094030772096 0.0420052941450301 0.0421970486997883 0.111825285123081 -0.0284017519444758 0.19613368894098 0.134285658307315 0.102597720629975
197809 0.0304322071202019 0.0180363624860986 0.0438254795400295 -0.0117689835999989 -0.00813298323018899 0.117551510310223 -0.0252440623264239 0.188432457193507 0.0898774795459749 0.121495771289997
197810 0.0486949215387586 0.0690595359314946 0.0440168854167743 0.00767050630421974 -0.119121430907863 0.129987203417197 -0.0137216225709781 0.193397141822909 0.15755409508427 0.129728749520519
197811 -0.0858847391571696 -0.107251190746976 -0.0893778111512167 -0.0585829574322979 0.0335314832087923 -0.00699263298913305 -0.155459384000458 0.0505539020992403 0.154572578266182 0.173803306105472
197812 0.0445908833278752 0.0415257468284983 0.0508832103145698 0.0278097006392672 0.016463726030665 0.100262131904229 -0.0756821702542371 0.181073656581632 0.292982835558034 0.200425745716426
197901 0.00628023795715046 0.00478851673179709 0.00369317183761761 0.0714831016218643 0.048790164169432 0.0913279257843886 -0.047961744345921 0.1355759185434 0.282718314134515 0.210993358736792
197902 -0.000200020002667045 -0.0312842900397664 0.0223484036637618 -0.0203047533403643 -0.0287081641367437 0.141806021645847 -0.00930770323488134 0.187979486057653 0.259834882348713 0.223392362879782
197903 0.0286846338599089 -0.0255229572310859 0.0625052053513971 0.00677698427902367 0.062880898039201 0.152649201746994 -0.00518908126788446 0.179139432418683 0.247926313324426 0.2487950700078
197904 0.00229735904868346 -0.0226546905648062 0.0172503534065277 -0.0202027073175195 0.00737275432941316 -0.00557480346790027 -0.0435648498870303 -0.0389675050272868 0.107389338865878 0.061597337461218
197905 -0.0202027073175195 0.00399202126953746 -0.0478256294826045 0.0128175037106143 -0.0139975096438537 0.0753654360534719 0.0565137376425795 0.0429937916371337 0.214595089804972 0.105202827896434
197906 0.0234235149435881 0.00379279823869626 0.0297529581493478 0.0439211870579281 0.0455468149559704 0.145215083260405 0.121207874161489 0.116974378596589 0.236565411580021 0.178129405069575
197907 0.0066776547532405 0.00538547227633789 0.0171520588175657 0.0326607822395483 0.0157749191153622 0.187111034437459 0.173606355572535 0.160657738520424 0.203188438397764 0.168625181460534
197908 0.0327575642381723 0.0148886124937506 0.034208171329737 -0.00240288461631031 0.0610950993598108 0.181732535415839 0.136936593256431 0.161247361179015 0.164308356344299 0.220695809240239
197909 0.0428679002271759 0.0295588022415444 0.048790164169432 0.0559076319382961 9.99950003332973e-05 0.178339579807571 0.181448324044128 0.140251521321413 0.13325786470139 0.183707785223662
197910 -0.0882849148675717 -0.0726782254979855 -0.0988263543068949 0.00468898948613147 -0.0750468743229113 0.163086846613368 0.198677683301342 0.109988661765865 0.113682162010484 0.212583898459846
197911 0.0213700257361925 -0.0274739770007551 0.0411419433311752 0.0798272998595543 0.0601539228197471 0.285386640068218 0.319669769077879 0.244954062688633 0.141653954763901 0.307531434489093
197912 0.0356566772080347 0.0692461727368144 0.00538547227633789 0.0175451792157489 0.0270313390510305 0.247887232402141 0.318023847504782 0.185036964031124 0.0930345820285399 0.34767523298471
198001 0.0567583338186089 0.0434425578428367 0.0560967393518702 0.0485996698360624 0.0611891683124224 0.211430235023338 0.303265860052037 0.139558398188342 0.0742886822362721 0.288017391106585
198002 0.0106431600984798 -0.0271656680727696 0.0135083500247923 -0.0322133223646516 -0.00330545700872648 0.143004096337047 0.273134316268873 0.0423271154779163 -0.0308813390881846 0.186006228273907
198003 -0.129539371354985 -0.0638987258502317 -0.155601732094573 -0.133759990179524 -0.124316834507381 0.118464831046455 0.280913270541452 0.0205849605260204 0.070951325156524 0.205480266444218
198004 0.0832375985700556 0.0774238969648036 0.0992116500709481 0.087003043621574 0.0509782447646295 0.289817705214851 0.392649325805844 0.202439063764659 0.248058119839414 0.37639438632838
198005 0.0496469398894137 0.0686861577884469 0.0261549574768512 0.034787825485664 0.0589290675292875 0.229319593614285 0.369618912671372 0.100824529077401 0.100242936821083 0.3151637650994
198006 0.0653194661206425 0.0561912796497426 0.0734363180731823 0.0105442138756711 0.0360425913469293 0.142697417599976 0.286833830503423 -0.013943086756054 0.0638538299684447 0.268755978123784
198007 0.00129915573162013 -0.0312842900397664 0.0177416814761571 -0.00621929981391683 0.0678455468950672 0.0843535652157584 0.263690404899881 -0.117323281202308 0.115814821444171 0.222562035720479
198008 0.029364608629904 0.0594003432814475 0.0132123314721349 -0.0334533762592196 0.0241070753432331 0.0391025219549554 0.242417444200972 -0.164596765284503 0.169013122452082 0.151711979805113
198009 0.0276151670329734 0.046788161498759 0.0185273046138836 0.0363319292473902 0.0289761082365172 0.036769252376082 0.208587377031054 -0.144471037146128 0.211128871789954 0.0683855448019089
198010 0.0340148785872776 0.0483138602785507 0.0361390466158731 0.0326607822395483 0.0199006617063362 -0.105471440498195 0.0473979552223199 -0.262929180385061 0.0525163078337317 -0.0217215634388396
198011 -0.0161293819298836 -0.0291198985738521 -0.018775155326334 0.0312079271241932 0.100297721315364 -0.128645295907598 -0.00532561354493092 -0.268054173471764 0.130233433063793 0.0178723466404639
198012 -0.000800320170769155 0.0544881852840698 -0.0400930935664442 -0.00120072057651888 -0.0326265028270942 -0.00348215295359164 0.123820599096046 -0.132029458095191 0.182815031669283 -0.0390785701715341
198101 -0.0116678048676821 0.0133110140596724 -0.041134543358555 -0.0565703514883944 -0.0408219945202552 -0.0170850630935662 0.0768044286506769 -0.1252863442103 0.131669271873592 -0.0346458017152219
198102 -0.0138961051921114 -0.0193867138001901 -0.00823380492710354 0.0696193418800571 0.0161685811615837 -0.0286858851652385 0.026829430219413 -0.0711368637742507 0.174242113718133 -0.0185264198353386
198103 0.0418135028134103 0.0478373294141601 0.0262523711440657 0.0433468045033659 0.0465972853767823 -0.0806091210104207 -0.0287229426448907 -0.112198350572025 0.0657779880145088 -0.0853569157991503
198104 0.0227394869694893 0.0543934838303317 -0.00240288461631031 -0.0608121393967575 -0.0102523764643514 -0.163765587358213 -0.153333330864965 -0.136452719053417 -0.0571532958316995 -0.140894042745407
198105 -0.0369752361248953 -0.0140989243795016 -0.0886126583566036 -0.00160128136697388 0.0125212805536717 -0.141627315549617 -0.13373313478697 -0.108577038464076 -0.00709881308790222 -0.0875821768206085
198106 0.00697561373642514 0.0330478540462004 -0.0299438763730721 0.0625052053513971 -0.0101513510563754 -0.115611919661064 -0.144541846113653 -0.0142805636391746 0.0136185854713018 -0.129841275638237
198107 -0.0439518875291828 -0.0525572507386761 -0.0295318026060379 0.0469790011939946 -0.00300450902029872 -0.206186557273803 -0.246832602902014 -0.0745896762436647 -0.102287396607211 -0.141220043132224
198108 0.0270313390510305 0.02557027611153 0.0333380596105104 0.00866237307865259 -0.0592193596599712 -0.165740809073908 -0.231769556590919 -0.0269233034421442 -0.103624039922504 -0.15984783423904
198109 -0.114625525841303 -0.114401260309975 -0.0999308386250495 -0.122280634708833 -0.0611310000042313 -0.182425856070794 -0.275707490060633 -0.0526900975563365 -0.116194037832174 0.0118069547507198
198110 0.0108410231778748 -0.00440970848870007 0.0310140535291695 0.110377907469609 0.0594945717856397 -0.0768410748816395 -0.196104735293354 0.0668472707076313 0.0293147229958659 0.0907778728832822
198111 0.109033761024122 0.100026314067124 0.11724956005024 0.0837895257296832 0.0433468045033659 -0.0781278852547026 -0.204780266353309 0.0468720642936782 -0.120740001626642 0.143629360929181
198112 -0.0144032303107437 0.00747201483870106 -0.0333499796815541 -0.0523464803722092 -0.028193734370782 -0.118195441814102 -0.172813870961937 -0.0566718487004496 -0.0822234029723569 0.151925789577653
198201 -0.0232686269393543 -0.0366639843715915 0.0130149370774948 -0.0139975096438537 -0.0247026126403718 -0.0253507851967959 -0.078090373485968 0.0291756999388585 0.0455088043057419 0.192245703746276
198202 -0.0658193410372936 -0.0749390866644938 -0.0492952917248775 -0.0388447838235672 -0.050661914802228 -0.00448504287375188 -0.0522851324492524 0.0118514912732653 0.182785330109767 0.258953610531678
198203 -0.0413429635343824 -0.0767730588059137 0.00199800266267306 -0.0795844793428424 -0.0089398415694743 0.0898245685631691 0.0411812588291249 0.0917729765399036 0.401197882530668 0.341211086923656
198204 0.0448777587780855 0.0739936799083263 0.0254727959730311 -0.0107576566529602 0.043059489460447 0.159463401252399 0.134024497812533 0.133887548495551 0.478078710299195 0.384069146696591
198205 -0.010959840236342 -0.0249076357061848 0.00568381646829771 0.0191161171922301 -0.0297378182639564 0.175210264290748 0.0968447910269232 0.183058295518286 0.614852087535015 0.412213416242477
198206 -0.0835990238763137 -0.0692429027421607 -0.0902529889775622 -0.0534007767271153 -0.0215301185503632 0.18617010452709 0.123151447646815 0.170953911247066 0.576247293758923 0.453978614719151
198207 -0.00350613932928759 -0.0374942044275804 0.0181345701954827 0.045642357878701 -0.0216323001271138 0.286036100867276 0.2107253070737 0.277867341117735 0.579512000992241 0.512226316204678
198208 0.0103462920541443 -0.0183676573581849 0.00757126549631813 -0.00390762483101708 0.112435429329788 0.294529781707602 0.267629905021103 0.243298464458828 0.61323519849428 0.499991546820214
198209 -0.00904074465214907 -0.0347985055426955 0.0196065296389183 0.0232281261192072 0.017839918128331 0.270084565273956 0.274835497673096 0.212049071607932 0.638121229710489 0.390152743337692
198210 0.00955421280481171 -0.0130852395486555 0.0110388471152164 -0.0396768171528984 0.112346059831538 0.312463369536616 0.361182265096368 0.209397982618427 0.611788288637803 0.388973266102468
198211 0.0689662044647228 0.131992709458497 0.013705647056112 0.122306124383968 0.0516432331518384 0.299704025782856 0.377362709552326 0.202649916920367 0.630956229159161 0.24946153819816
198212 0.0784414263065625 0.10219551231467 0.052497568957754 0.0753857269058897 0.0121261797978406 0.253086224981895 0.253437371171588 0.21324656238722 0.557440268944625 0.226016959405
198301 -0.00240288461631031 -0.0108587433348759 -0.0043092715880984 0.123279016160171 0.0420052941450301 0.212036917892395 0.219461097834062 0.174257343454258 0.452934643464883 0.203335265667643
198302 0.0284902703996274 0.0185273046138836 0.0306261935417607 0.179567768597334 0.0315955615897506 0.253756664885656 0.281963074320777 0.217691169726407 0.414548094322675 0.149662166654931
198303 0.0282958691548473 0.0160701801774945 0.0441125746183209 -0.00270365157431482 0.0339182182034606 0.234622489410053 0.257719462710784 0.220306309964448 0.251739109540296 0.0760981202426788
198304 0.0606246218164348 0.0368139731227164 0.0746435429957657 0.12601572058286 0.0712037590063321 0.28735345889758 0.382193527525598 0.201081450853906 0.304470254714259 0.0556882520640105
198305 0 0.00139902091370741 -0.00642056780292269 -0.0194886765838624 0.0120273802127185 0.210396182460247 0.329148541292464 0.114061636790085 0.133352560218979 -0.0126197038302962
198306 0.0162669724638719 0.0183309566847234 0.0166604408931072 -0.0501360694937972 0.0367175829351629 0.105924160863536 0.193532178258949 0.0448962176364124 0.0542356330487189 -0.0779423811012382
198307 0.00498754151103897 0.0194103935198234 -0.0164343064634248 0.0793655553807405 -0.0338670695115773 0.0815242051694751 0.168075896631637 0.0222177044177422 0.0938161886029995 -0.0892846577051728
198308 -0.0140989243795016 -0.0111620647061919 -0.0236781273545771 0.0209784063851918 0.00259662584726591 0.0125313336825237 0.0820982588397001 -0.0328439908239029 0.0100409247335589 -0.0748043019937856
198309 0.0333380596105104 0.0515482618805766 0.0169554406494134 -0.00310481495347876 0.0166604408931072 0.117201956246412 0.180080015498452 0.0800347819889762 0.0110196857004092 0.0279495877667745
198310 -0.00320513094894834 0.00309520490730252 0.00429078141715625 -0.0205088766315404 -0.0271656680727696 0.0761340985739606 0.125326622668927 0.0528269648752115 -0.053084249039562 0.0118889669456348
198311 0.0223484036637618 0.00806737107775879 0.0243022925229648 0.048790164169432 0.0281986543586787 0.096687867857522 0.159719862172616 0.0474355780140222 -0.0499250107431346 0.0406533563821015
198312 0.0373921192170627 0.0682192389771439 0.0135083500247923 -0.0291198985738521 -0.0105555139395166 0.0789289165275674 0.164371263502632 0.0217323045754293 -0.166030882197434 0.00210128994393112
198401 0.0393168623769504 0.0516432331518384 0.0391245546840501 0.0848924670179626 -0.0116678048676821 0.061731504596024 0.127747586115239 0.0144048136257181 -0.155991871436374 0.0371542754838351
198402 0.00935609492402503 -0.00571630699610919 0.0332413337798019 0.0167587838149546 -0.0419684848225016 0.0493486434591546 0.0847667260420531 0.0143086459091464 -0.147849472487147 0.131691558173812
198403 0.0810268386423734 0.140544244992308 0.0248877155077789 0.0500274935996481 0.0135083500247923 0.0355828400464295 0.11615077978674 -0.0542490329982231 -0.23064122690654 0.191499961124644
198404 -0.0163326546208976 -0.0162310131104173 -0.0123762710680554 -0.0451019739124202 0.00289580311202547 0.024361875648019 0.0250631435070242 0.031330704519969 -0.246750502302727 0.175789187544652
198405 -0.104472021596711 -0.134217342119808 -0.0755859869565951 -0.0986056037541221 -0.0532952970582236 0.0343746015240973 0.00959706987418694 0.0673258411866585 -0.174519861002054 0.170490499816316
198406 -0.00813298323018899 -0.00712532494258863 -0.00601807232556302 -0.0105555139395166 0.0253753063312283 0.18334186300736 0.181399172321266 0.203348196947084 -0.113616124431943 0.279693428812836
198407 -0.0640053299759124 -0.0665672442721131 -0.0714960017050699 -0.00440970848870007 -0.0193867138001901 0.211179429511884 0.225338470386571 0.21375661757394 -0.122141498305219 0.272354484967706
198408 0.090571698184387 0.0868196919525602 0.089200645458302 0.0219571673520421 0.105350515607826 0.329483532895175 0.314938413769257 0.382288581790604 -0.00101599012055807 0.290540478191377
198409 -0.00772979806194127 -0.00320513094894834 -0.0102523764643514 -0.06720874969345 0.000599820071967549 0.268082212010568 0.241923002793094 0.34681825875327 -0.0345397938440656 0.180478882853432
198410 0.0173486383346131 0.0374884444109916 -0.001100605444033 -0.017349638335113 0.00159872136369707 0.322600171571269 0.334877425885651 0.369888138928236 0.0922577472610418 0.139681873030052
198411 0.00458945233380722 0.0127187724077746 -0.0014009809156281 -0.0673157072848671 -0.0103534120794916 0.363897728669389 0.324128278664281 0.474808073011266 0.205372007580534 0.183725509545056
198412 0.0201947072855193 0.0315955615897506 0.0061808590750811 -0.019080887812792 0.0244974716003874 0.402655080838948 0.322052666354986 0.551780240773968 0.399144138817961 0.26257833804924
198501 0.026934001240081 0.00866237307865259 0.0390283869674784 0.0930348659671893 0.0828694778222947 0.424273876366839 0.340199196660049 0.583473034126968 0.472239614936991 0.282384792005376
198502 -0.00440970848870007 0.0256677467485778 -0.0353163451275676 -0.066032970604438 0.017839918128331 0.419394865907589 0.363423012443718 0.564737350427252 0.396061866036224 0.2115426943958
198503 0.0698058742439629 0.0494566087125925 0.110467453025971 0.0339182182034606 -0.00220242355520004 0.521838314667654 0.430699011337878 0.715166502655324 0.553488265069873 0.267510703412189
198504 -0.00631992874481935 -0.0316970867432546 0.023618865598634 0.0271286673882527 -0.00240288461631031 0.577783645729252 0.545060487854681 0.69243516393344 0.593470854705946 0.323064302464384
198505 0.0444952398865513 0.0375847603272712 0.0604363688038307 -0.0377018671840115 0.0559076319382961 0.642372482598047 0.621348457925811 0.747997096209247 0.65352854899661 0.317535816754414
198506 0.0197045832743354 0.0368139731227164 0.00439034830129285 -0.019080887812792 0.0180363624860986 0.571943860684991 0.59894783292358 0.605156901150601 0.689528969540864 0.311465419663289
198507 0.0542987734073789 0.0230326991105728 0.0970359625115944 0.116715799695961 -0.00120072057651888 0.600838947246718 0.626797373126585 0.635747521744554 0.764801137003398 0.308810159215493
198508 0.0291703772997799 0.0138042809763971 0.0537303224209677 -0.0115666363714654 -0.00471107973011922 0.608199554226067 0.721192090891977 0.534301850744259 0.666612641921321 0.248879879787781
198509 0.046788161498759 0.0897492921436082 0.0128175037106143 0.0595887914116574 -0.040197189751413 0.662174758012956 0.783607835826989 0.580235851436237 0.712677318700354 0.316847409152915
198510 0.0586461954327334 0.0267392971896215 0.103819328638997 0.0957646219843793 0.045642357878701 0.616386096847281 0.733079256836662 0.509789234888986 0.645157156962416 0.272031224577371
198511 0.0433468045033659 0.0106431600984798 0.075571186847074 0.126456423952559 0.0684994164246923 0.497034026297152 0.593842928419894 0.411753151005716 0.586880979389028 0.276321235446879
198512 0.0418135028134103 0.049742091894814 0.0378736524280815 0.0540145883062383 0.0443039255565243 0.497991147350311 0.62568437992757 0.389343512272875 0.449363608077044 0.223301389870573
198601 0.0220549907808313 0.0318861888623217 0.0202927032677624 0.0168571170664228 0.0120273802127185 0.512179834652185 0.655123085907197 0.379474056254391 0.392845889552687 0.150803729943267
198602 0.0980337402713654 0.0929437456427379 0.115112807100504 0.0913934284292105 0.0738079271447199 0.608085641504919 0.778529781450911 0.42412604162701 0.331305164859624 0.260020057015912
198603 0.12575120530556 0.163818085229395 0.0877361143040867 0.0739008078395342 0.0533511754969945 0.528284669494613 0.698403539518787 0.328815861822686 0.358405630478203 0.233286537257121
198604 0.0582689081239758 0.0445908833278752 0.0791807978744413 0.087186361678916 -0.00793137032628028 0.485310890646621 0.635335357389535 0.293102775585751 0.34559992199848 0.200815839339482
198605 -0.0259333820265044 0.0151841353250401 -0.0824038262548157 -0.00170144663975757 0.0498372348471716 0.529959516529331 0.737611549871212 0.254775971719576 0.34559992199848 0.191906192469736
198606 0.0485996698360624 0.0646635133257221 0.0349809688952456 0.0561912796497426 0.0153811020383024 0.547759915325647 0.714596835430984 0.328945993047288 0.295376295773318 0.14695699169534
198607 0.0616593803867278 0.117427416875964 -0.00440970848870007 0.0185273046138836 -0.0611310000042313 0.466740354233473 0.57790011920543 0.323135401451822 0.262510841427072 0.174826931651353
198608 0.0831455810866689 0.076220025911409 0.0996643231129453 0.0344980404075674 0.0632564496350148 0.411957277786177 0.440984025745603 0.366669664624572 0.318719882927206 0.278154980355372
198609 0.000999500333083423 0.0392207131532813 -0.0576291128366364 -0.00793137032628028 -0.0850133743269567 0.395161077241042 0.472721141339287 0.271992883022666 0.339751152312118 0.254023085404407
198610 -0.0607058751173948 -0.112497031227146 0.00578324475572736 0.0374884444109916 0.0499323687482089 0.381177649349664 0.405203829030891 0.341352918735001 0.384400105573562 0.31740415960425
198611 0.0443039255565243 0.0424846116061554 0.0531615481142323 -0.0110609473594249 0.0154795708483864 0.279952657320838 0.394855030259192 0.115047683370015 0.133470885309745 0.010771456012989
198612 0.0560021901152849 0.0791807978744413 0.0280041964095973 -0.00250313021811848 -0.028193734370782 0.24698424142806 0.389858863064028 0.0332808782454486 0.0121426446234248 -0.0818051652203643
198701 0.117960797633565 0.155292884406035 0.0649446886403821 -0.04468360762664 0.121243707285364 0.226445715588344 0.32900902187431 0.0698464524851514 0.0694180106885228 0.015914631799028
198702 0.0182327682610597 0.0128175037106143 0.0198026272961797 0.118493894047789 0.0470744073859289 0.119523765069996 0.216775626928722 -0.0519860983622791 0.161843614300584 -0.061312190069562
198703 0.0827774264575682 0.100749903100143 0.0520230280671518 0.0610950993598108 0.0208804775793551 0.167172365922449 0.273484185866718 -0.011164103842024 0.0759137111260574 -0.0575984306233858
198704 0.102917534006686 0.146867075809552 0.0408539940082661 0.087186361678916 -0.0168410171960266 0.140775272900988 0.24160714705295 -0.0351829354995785 0.0893693430305428 -0.0969484244864022
198705 -0.00813298323018899 -0.00783057911518856 -0.00823380492710354 -0.0519250728649194 0.00488803407277587 0.0511687529539744 0.106075580907143 -0.0596715754215804 0.0376466456271959 -0.0699590762385605
198706 -0.0324198912561113 -0.0720332028998316 0.0291703772997799 0.0233258253034968 0.043251041994315 0.0298729254933512 0.0796252260454579 -0.0729678890448401 0.112995233435703 -0.0726495267678492
198707 0.00687630393943206 -0.0194886765838624 0.0391245546840501 0.0747363461140171 0.0421970486997883 0.0433138501516597 0.122126626339252 -0.106949823341842 0.0505126929310128 -0.0644472871732485
198708 0.0663493805415339 0.107957141505092 0.00498754151103897 0.0555293097924802 0.0391245546840501 0.0600564118108616 0.180066489297367 -0.151489010727391 -0.0102221335471907 -0.114071851701833
198709 -0.0129839275582948 -0.0282965991551138 0.0117309228756987 0.0367175829351629 -0.0216323001271138 -0.0726464692806935 -0.00812504491833165 -0.19438612531165 -0.123380556176307 -0.180773174156118
198710 -0.161930867146221 -0.122845829998846 -0.220521990609258 -0.213440775852824 -0.256700334843052 -0.0250678969578997 0.0470082081903419 -0.152860681886917 -0.119916349478638 -0.120689687654751
198711 0.0113355096637457 0.0374884444109916 -0.0286052570103344 -0.132389188045746 -0.0770970503849669 0.199837769349709 0.227556748317477 0.145640350038929 0.165938106883231 0.153457560792022
198712 0.0354636642755691 0.0183309566847234 0.0645697706493001 0.0547722358469795 0.0695260626486103 0.251852575186725 0.276246000147538 0.193361724241494 0.348069386823791 0.213204972841876
198801 0.0110388471152164 0.043059489460447 -0.0568878622070484 0.0477419959854211 0.0440168854167743 0.220779259212449 0.26140893271707 0.129291828633845 0.339417086590364 0.164657316578457
198802 0.0658813691135128 0.0695260626486103 0.0606246218164348 0.0325639908732626 0.0507881668321051 0.223446059153344 0.219249038499459 0.221450304922813 0.31744029849097 0.185022690090951
198803 0.0563803334361077 0.0688728642863753 0.0280041964095973 0.0745507312642962 -0.0184695162836613 0.162850694469069 0.161651546716123 0.152390204285276 0.30995908798517 0.117698554618746
198804 0.0133110140596724 0.0113355096637457 0.0163653540862642 0.0354636642755691 0.0101483310518151 0.0848380609058476 0.0562184271179451 0.128776356176972 0.270003001485373 0.158320875543541
198805 -0.0294288106908122 -0.0342809339768742 -0.0215301185503632 0.0234235149435881 0.0021975835434872 0.0846406859915584 0.047978122361502 0.1459424852995 0.268940763927136 0.196962708661158
198806 -0.0189789665978029 -0.0295318026060379 -0.00481155699722208 -0.0391567152011939 0.0514532815889157 0.0672923051234417 0.0307552134712605 0.121742752143689 0.233849444115866 0.235331086864333
198807 0.023618865598634 0.0384511863742526 -0.00541463270149884 0.0140015196358136 -0.00742751582879658 0.068005462914352 0.0152896501465626 0.156986516261113 0.304117154342113 0.177457237472494
198808 -0.0663535005500212 -0.080234392710606 -0.0379095730732202 -0.0576291128366364 -0.0275767677702345 0.158964502023153 0.0977277810477633 0.27089674511591 0.38150906313551 0.260919439577288
198809 0.034594644764499 0.0268366539535598 0.0532563663004315 0.0401817896328318 0.0384511863742526 0.178226395039324 0.110967304934091 0.294808808545277 0.398628632633936 0.310061985262083
198810 0.0629747991613884 0.0577027101282894 0.0779790413165886 0.0724136805090453 0.0174469136037207 0.193944564148414 0.151041356263158 0.270819939925414 0.351220797909365 0.270510193443798
198811 0.0633503155007616 0.0861776962410524 0.0191161171922301 0.049742091894814 -0.017349638335113 0.08670434868901 0.058022301007301 0.124883205425598 0.234959717620043 0.222707159825178
198812 0.00439034830129285 0.00349388925425584 0.000499875041650993 0.046119935613553 0.0209784063851918 0.0723346554098703 0.0190144092426385 0.16657992762988 0.196948548600928 0.257110552726118
198901 0.013705647056112 0.000899595242835994 0.0352706140819193 0.0257652078860264 0.0643822589292682 0.106299260985041 0.025866812042527 0.259843582400393 0.246411482881105 0.253677325556675
198902 0.00528600442923744 0.0119285708652738 -0.00843547882110158 0.0250827803674632 -0.0165359686400995 0.0554108228012134 -0.0311799438233101 0.222470760226603 0.253984334605589 0.113709079670812
198903 -0.0216323001271138 -0.0365602553118024 0.00439034830129285 0.034594644764499 0.0221528046411333 -0.0187966270944458 -0.142045262548608 0.204459589032721 0.20378885342305 0.146905489204019
198904 0.0131136391453832 0.00309520490730252 0.0335314832087923 0.0344014267173323 0.048790164169432 -0.0925745117719902 -0.294589516327592 0.229530950881047 0.162169593721587 0.149152571386421
198905 -0.0467771915589289 -0.0515038428671156 -0.0457298517061743 -0.0116678048676821 0.0405659617466618 -0.123139544531129 -0.303904021048811 0.169142013502372 0.101526855799027 0.0732994876672996
198906 -0.0182658088068925 -0.0449973659307358 0.0304322071202019 0.0311109950250527 -0.00642056780292269 0.0308763976973983 -0.118481360615909 0.287936436065552 0.203035364666499 0.119828232771572
198907 0.114577904707435 0.120889317275453 0.108495596153299 0.0913934284292105 0.0760346862759976 0.0428222777594715 -0.112744708638475 0.29576294106244 0.202356576761648 0.121638188016811
198908 -0.0470916075338506 -0.0669948688242784 -0.0139975096438537 -0.0405095433382099 0.0215657779145606 -0.0500919873119372 -0.233234105892602 0.234627916268979 0.176469950534557 0.0333284708652008
198909 0.0503128138735892 0.0669107052826268 0.0292674976805681 -0.00722604509173958 -0.001100605444033 -0.10958386518087 -0.273156519414401 0.138029004570806 0.110284755201805 -0.0878366722721145
198910 -0.0442654162980154 -0.0353163451275676 -0.0679576931832271 -0.0438473997802763 -0.0303561200148992 -0.304922451104717 -0.512280047342695 -0.00676158436530139 -0.0586298974253293 -0.143518080927066
198911 0.0489806222216219 0.0471698044763899 0.0608128393965124 0.0117309228756987 0.0170537545658276 -0.116123884074403 -0.269055623543695 0.144249663953211 0.0175878823853976 -0.125639482423279
198912 0.0383549538764639 0.0103462920541443 0.0937635298121632 0.09558286989373 0.0175451792157489 -0.22442997238084 -0.436248470619815 0.0971424716128109 -0.0397682185165766 -0.0757825317064802
199001 -0.0371827911277159 -0.056147160623001 -0.0021022080918702 0.0333380596105104 -0.0755859869565951 -0.248093377514314 -0.413063279465167 -0.00667139405285374 -0.141771656213229 -0.0631865540102422
199002 -0.0689214454664218 -0.0989367478600236 -0.0264466500149835 -0.0251127008150753 0.0166604408931072 -0.180090444046712 -0.325320557252415 0.0248925241886355 -0.108760335282206 0.0631875997784579
199003 -0.0954101848046582 -0.189104509090787 0.029461710149619 -0.00702461493696447 0.0243998868235351 -0.0172233857377621 -0.117798498978951 0.12839280364591 0.00765452393965548 0.120427966724885
199004 -0.0174513936137559 -0.00621929981391683 -0.0268574541698826 -0.0262413112052271 -0.0270629195496891 0.0262617262019768 0.0246336019134053 0.0344992333369025 -0.0323076523477169 0.126460287021552
199005 0.107238750669599 0.133918817565787 0.0730645708570052 0.0898407039997895 0.0870947068509337 0.0595864689720228 0.0569104360466117 0.0678356536044942 -0.0419007941517059 0.156020086769828
199006 -0.00631992874481935 -0.0392607139533026 0.0382587121170903 0.0304322071202019 -0.00461061255768329 -0.0514595200405299 -0.08968843467655 -0.00323091458983792 -0.0989839339133231 0.109203226417464
199007 0.0216636396360264 0.000399920021326891 0.0473605713598376 0.0655068022021197 -0.0122750308756126 -0.11481126454503 -0.119563459558109 -0.119559282128851 -0.163697075010399 0.0675604544576856
199008 -0.106583485402783 -0.106917282346078 -0.110596421342027 -0.106694738670963 -0.0995993652227547 -0.0895913182822057 -0.0867220457996344 -0.0982336957002415 -0.177465681808105 0.126050909130261
199009 -0.145025772050258 -0.172212822645667 -0.115523091255539 -0.176140697718873 -0.0567820140989845 -0.00331258621978661 -0.032362014192233 0.03098818976495 -0.0786015222523302 0.253070869929008
199010 0.144533150732298 0.207908078671432 0.0830535551352857 0.0323703800304506 -0.0124775215111126 0.192406300145989 0.21217147003306 0.180816084712479 0.0873878244101679 0.298488553948943
199011 -0.0593254660848148 -0.12002304259973 0.013705647056112 -0.0456251780262756 0.0669107052826268 0.0662041060984144 0.0502878296729069 0.0789873742508596 0.0298021952386535 0.327823192526478
199012 0.0146915487429897 0.0335314832087923 -0.0100503358535015 -0.00642056780292269 0.0301411569119868 0.0814731859863093 0.104064226453711 0.0505740983224733 0.0262371290741573 0.222171658927421
199101 0.0308201423398864 0.0315955615897506 0.029461710149619 0.0663493805415339 0.0507881668321051 0.114523633228741 0.0999944533945376 0.136566437751132 0.0843009300289183 0.298280621858093
199102 0.0939456128425279 0.108585310413441 0.0770536294422915 0.091302158406786 0.0739008078395342 0.0578727308543328 0.0178421681876347 0.106504547529481 0.0254235643260855 0.24498932480787
199103 -0.0519250728649194 -0.0466724081984307 -0.0644318601593889 -0.0469867912243369 0.0304322071202019 -0.0690093822344599 -0.157096642775827 0.0351347345554868 -0.113389576751752 0.184695520374552
199104 0.0158733491562902 0.0260575343192896 0.00647896609770907 -0.0358344530092161 0.00249688019858715 -0.0832241118740856 -0.211792728965685 0.0658029645620666 -0.0534865602608691 0.13089232693111
199105 -0.00380723834295407 -0.0126800531573745 0.00199800266267306 0.0327575642381723 0.0402778464985701 -0.0968001019816923 -0.290723752892043 0.118253065993645 -0.0149557457039105 0.142298351901515
199106 -0.0696716732493193 -0.0691357388348621 -0.0780696554219226 -0.0342809339768742 -0.046253384517462 -0.0318036953263159 -0.201175255478092 0.167233308095601 0.0104612541089894 0.107803750158672
199107 0.0468835858988505 0.0332413337798019 0.0686861577884469 0.0517381954044144 0.0462154237969629 -0.00608390960617944 -0.212815826670517 0.232926692449469 -0.000464404752215617 0.133650324898471
199108 -0.0203047533403643 -0.0525572507386761 0.0186254641231648 -0.00783057911518856 0.0274205955759922 -0.0776701081454017 -0.259142399998975 0.124979820707719 -0.0845192016331731 0.127424549317667
199109 0.0506931143155182 0.0723206615796261 0.0343048036919902 -0.0101513510563754 -0.0113643300790498 0.000714856271487287 -0.0763466723365694 0.107353856917638 -0.16017893301701 0.0785760063280542
199110 0.0183309566847234 0.0460244383112793 -0.018775155326334 -0.0252152491410638 0.0168571170664228 -0.0761169156537257 -0.179229639498835 0.0579354154155994 -0.229503783462431 0.104336216690836
199111 -0.0440563861969199 -0.0662466458189263 -0.0147076288722743 -0.0491902441907718 -0.0387408283164306 -0.148904058134508 -0.264618801332391 0.000153448019778116 -0.26573849663759 0.0999016196229706
199112 0.0477419959854211 0.029461710149619 0.0759420035751573 0.0516432331518384 0.106250119842659 -0.0939077318992538 -0.176708515877439 0.0155608320063257 -0.144785886219928 0.181318722219838
199201 -0.0258307600345215 -0.0505567236171523 -0.000600180072032461 0.00747201483870106 -0.00250313021811848 -0.136662186373636 -0.215210970679207 -0.0398925051415161 -0.218776983035674 0.0930067475081913
199202 -0.0329365002462648 -0.0663535005500212 0.00568381646829771 -0.0475109826710517 0.0136070034062169 -0.109432405425407 -0.164054426990087 -0.0353003037999461 -0.227349603318408 0.107043113539983
199203 -0.0661398025045451 -0.101368494388289 -0.0337636301528091 0.0129162252665462 -0.0233709863232402 -0.0452879780549489 -0.0516764881287865 -0.0268839958894622 -0.170284407842544 0.0969299993880217
199204 0.00229735904868346 -0.0528734896070681 0.0589290675292875 0.00269636154774253 0.0139029051689914 0.112336514571775 0.179140073446389 0.0624089440558271 -0.149765857022853 0.14548128424156
199205 0.0611891683124224 0.0768684442565771 0.0509782447646295 0.0581745640510722 0.00578324475572736 0.194931622541054 0.375421026348186 0.0174813961623533 -0.0661010529225522 0.103076018599857
199206 -0.0439518875291828 -0.0807763100272878 -0.0123762710680554 -0.0452065928380792 -0.0204068097776626 0.15853262303585 0.334209259299644 -0.0239426357974645 -0.0785377252997708 0.127821978878952
199207 -0.0247026126403718 -0.0130852395486555 -0.0392607139533026 -0.0323166014765431 0.0399896482161584 0.171715976893396 0.38256567807082 -0.0397600991001911 -0.0998983767338047 0.153813166950515
199208 0.0580802110765247 0.130238476923729 0.000999500333083423 -0.0834903104990255 -0.0214279474136204 0.240722515090292 0.464617122084198 0.0151770942381192 -0.0428891626668901 0.112823018400773
199209 -0.0261386576096948 -0.03056230558264 -0.0151136378100482 -0.0794762015017968 0.0143958802837323 0.232955117887357 0.363257604710846 0.0957575808974586 0.113200840246479 0.173183175816181
199210 -0.0544561857960589 -0.0393647235222767 -0.0765571227221552 -0.0614499623162226 0.0124225199985571 0.229355957233095 0.34273712006417 0.107365079378219 0.212185508136319 0.160186316446156
199211 0.0109399400383343 0.0216636396360264 0.000699755114273265 0.0717623662268908 0.0426762742804364 0.309284939002185 0.396497723870179 0.215227051928787 0.352354225163932 0.163932377609183
199212 0.00498754151103897 -0.00904074465214907 0.0204886664273156 -0.0223478636639076 0.017938145131013 0.212678172206759 0.224940994659535 0.20052978717066 0.193616844922634 0.104720134688647
199301 0.00139902091370741 0.000599820071967549 0.00399202126953746 -0.001100605444033 0.0115332358136731 0.272635319336102 0.290929019753435 0.254406202698651 0.295053114905505 0.105407453680799
199302 0.0312079271241932 0.0460244383112793 0.0141001243787816 0.00955421280481171 0.00349388925425584 0.36654647822672 0.406332875437773 0.303196366868083 0.460905155950029 0.124597390509966
199303 0.0914846901221784 0.129448067186887 0.0555293097924802 0.0334347760862374 0.0251802985302983 0.325389220248858 0.3814826723579 0.247753278954919 0.422025113763389 0.0973229725903071
199304 0.0848924670179626 0.143407463294729 0.0140015196358136 0.0863611656480435 -0.0285023604727122 0.198795353013112 0.205990666669607 0.166085311552744 0.331067151433485 0.0259940180340285
199305 0.0247901688072187 0.0356566772080347 0.00955421280481171 0.0457378916738537 0.0305292050348228 0.150427660677522 0.0993971764975946 0.19274577363582 0.302408695913731 0.0639515372774959
199306 -0.0307685336716365 -0.0324198912561113 -0.028193734370782 -0.0665672442721131 0.00558437829390066 0.118914946109476 0.0835431265857396 0.138507953204368 0.220317974774079 0.0422829606748696
199307 0.0443039255565243 0.0689662044647228 0.0156764793850076 0.0246926125903714 -0.00100050033358353 0.165458398896475 0.152391374455402 0.161588638188327 0.265967970790804 0.00912181461073441
199308 0.0503128138735892 0.0288789595503768 0.0815799869924228 0.0725996924143435 0.0389322100017875 0.129420217756983 0.0602588919588399 0.194130731073794 0.30650114311814 0.0406515199791407
199309 -0.0297378182639564 -0.0510827902293161 -0.00350613932928759 0.019508466388043 0.00139902091370741 0.101358012818214 0.0490233675810584 0.145888803691882 0.222334814332331 0.0445872102045291
199310 0.0254727959730311 0.0143958802837323 0.0313048498284125 0.0787187547113908 0.0161685811615837 0.100842787911149 0.0738648466051473 0.109301849454725 0.20152550221124 0.0235975395258175
199311 -0.0856668267570918 -0.149893089574617 -0.0139975096438537 -0.0869750140144072 -0.0165359686400995 0.109868032345686 0.0865003053724455 0.120289911816564 0.194941345259048 0.0244827129300614
199312 0.0649446886403821 0.0569472804417501 0.0743650819553067 0.0790884063189637 0.0186254641231648 0.141184264352696 0.172174822620411 0.0907534194366893 0.236709766435376 0.0036282923516019
199401 0.0953101798043249 0.116003675756306 0.0527821854389695 0.164751435600491 0.0307231726428405 0.0871795157506482 0.127847573534764 0.0214753765299397 0.173593129626111 -0.00208094650501669
199402 -0.0099493308536681 0.0211742352314066 -0.0413429635343824 -0.0293258293818287 -0.0237805286654034 -0.0494736275880592 -0.0586858684120699 -0.0419633890975586 0.0151219319827708 -0.010846951795815
199403 -0.0351091771135679 -0.0460439385014068 -0.0261386576096948 -0.0575231862436661 -0.0461486560259802 -0.0416265048262613 -0.105485651282449 0.0273837708464212 0.0669917257994939 0.0524427099643009
199404 0.0365247746823722 0.0368139731227164 0.0406619817188897 0.0577027101282894 0.0094551587707552 0.0479708575713764 0.0130649780057056 0.0907218694452223 0.10134863401132 0.124648900309571
199405 -0.00672254576082681 0.0198026272961797 -0.04468360762664 -0.0363528294657983 0.00886062843219647 0.0522040753611721 0.0176808146461288 0.0854270315636239 0.127067532022103 0.140374040069114
199406 0.0157749191153622 0.0364283566135514 -0.00511304938682301 -0.0209172482553883 -0.0275767677702345 0.0474611430127208 -0.03951220186861 0.150697272798652 0.179687333951774 0.165334960112428
199407 0.00826574441703259 -0.0231662780318396 0.0482185722704744 0.0652257849177073 0.0305292050348228 0.0174858744962171 -0.117491985640397 0.165364534990287 0.247869774674276 0.224313491022194
199408 0.0222506089348197 0.0176434351725953 0.0333380596105104 -0.0115666363714654 0.0428679002271759 0.0646548369672851 -0.0310692579735422 0.162883854393666 0.253754617214522 0.234638279995637
199409 -0.0302530431710209 -0.0262413112052271 -0.0400930935664442 -0.00130084573304807 -0.0195906497650041 0.0119450205477568 -0.0770092923012513 0.0936076879775267 0.233314457450901 0.201918710820277
199410 0.0344980404075674 0.0270313390510305 0.0422929121902514 0.0721345977591991 0.0170537545658276 0.0526433215803163 -0.0579940261877637 0.157221976585317 0.311483747440526 0.258612448536783
199411 -0.0543505947500813 -0.0642185723266512 -0.0435340020237284 -0.0452065928380792 -0.0373903892185591 0.00150764001972571 -0.121585620550597 0.120413994625635 0.196859098060375 0.231003180031439
199412 0.0109399400383343 0.0126200313561022 0.00508703904855721 0.0159717695096987 0.0129162252665462 0.0784999652506316 -0.0172813246846599 0.167242563598794 0.248644006258576 0.311165661093867
199501 -0.0413429635343824 -0.0705297661905273 -0.0106565801885289 0.00628023795715046 0.0219571673520421 0.104470379232395 0.0155499068631553 0.198005177443934 0.203037431619187 0.313335073245362
199502 -0.0021022080918702 -0.0256255476389727 0.0280041964095973 0.0225439644348944 0.0395091330947125 0.150303248039629 0.08747869396739 0.21722498829295 0.174511584714717 0.317922461115432
199503 0.0544881852840698 0.072506690786748 0.0371994409891063 -0.0231662780318396 0.0260575343192896 0.157392997642538 0.103457864554557 0.206667705487074 0.229391517244626 0.295467082586547
199504 0.0407579924721678 0.0414298097631396 0.0353671438372913 0.0834216081390724 0.0251802985302983 0.121824697210979 0.0570087080870989 0.183568388876749 0.263893304940211 0.280547292677713
199505 -0.0114654781092781 -0.0373903892185591 0.0205866336083883 0.0162669724638719 0.0338215484755107 0.109848506164263 0.0626533057098882 0.159141185077792 0.188340655179834 0.280254709655194
199506 -0.0142003494011414 -0.0415514271582351 0.00955421280481171 0.0472651924671142 0.0314017631395316 0.111566632818661 0.066383493435812 0.148108764274215 0.203572349775333 0.273853756755676
199507 0.0554347068881005 0.0632564496350148 0.0457378916738537 0.0711106274579529 0.0408539940082661 0.130256887492655 0.111329153662063 0.145530165205829 0.168334537520937 0.235024477787347
199508 -0.0304592074847086 -0.0282965991551138 -0.0359381068056292 -0.0320067961350865 0.0101483310518151 0.0450843623405977 0.000981096493197406 0.0863016833494759 0.0769191567226202 0.137388469680097
199509 0.0104452578615386 -0.00722604509173958 0.0235211950413459 0.0768684442565771 0.0371030879515023 0.0763432499958705 0.00354954707557997 0.144783754589999 0.163792854298547 0.158448065752475
199510 -0.0166376411530232 -0.0365602553118024 0.00548493023056975 -0.0424900516209521 -0.0105555139395166 0.0955538770418426 0.0454668319572498 0.145369634891887 0.113468965264082 0.174506525915205
199511 0.0226417304808246 0.0400857235392856 0.00329456694943011 0.00657831536012251 0.0427720918438691 0.102646105351334 0.0319961536634873 0.159589287935652 0.189877235088495 0.197780812262496
199512 0.0369103540200972 0.0454512629039174 0.0358496528936972 -0.0296348051296907 0.015085637418041 0.1206663565894 0.0177730896499291 0.20698783530174 0.237692403558704 0.219484739602992
199601 0.004489905272852 0.00139902091370741 0.00856323066048781 -0.0222456089473197 0.0265445552221122 0.0727961623329604 -0.0786557280188557 0.194757048006677 0.295136909327662 0.191921580673838
199602 0.00498754151103897 -0.00964637705180545 0.0174469136037207 0.0774238969648036 0.0170537545658276 0.0339218301982776 -0.167902839505758 0.1832896041988 0.354389243904077 0.218348910217832
199603 0.0189198848525108 0.0260575343192896 0.0141001243787816 0.0113355096637457 0.011137744410456 0.043330168970971 -0.138159760754831 0.180829820403327 0.276765326936607 0.200294655318421
199604 0.0287818014254519 0.0470744073859289 0.0109399400383343 0.0078689583786952 0.0248877155077789 0.0282030823571565 -0.199015800616816 0.199100076054996 0.29362847163154 0.142065303374114
199605 -0.00974735145488007 -0.0336602014926352 0.00955421280481171 0.031498667059371 0.0274205955759922 0.00510509740000223 -0.232581857977952 0.186057927924792 0.22971812236922 0.16090735072766
199606 0.004489905272852 0.00339423306801562 0.00697561373642514 0.0120273802127185 -0.00742751582879658 0.0846583230988452 -0.0920422948582209 0.215147338712185 0.26681224677546 0.203292629395631
199607 -0.0297378182639564 -0.0470916075338506 -0.0134905901824991 -0.0203047533403643 -0.0567820140989845 0.130766470589085 -0.0409483426421668 0.25505531087461 0.311826606929939 0.254449908085753
199608 0.000799680170564244 -0.0257281485727312 0.0225439644348944 0.0548669014408401 0.0312079271241932 0.179914682372865 -0.0170230131401558 0.311796943051424 0.374040763347513 0.385968268298754
199609 0.0296558849075107 0.0346912397899303 0.0241070753432331 0.0265445552221122 0.0531615481142323 0.10611410931781 -0.0995484500076787 0.230670021184232 0.274490254280033 0.316643019061433
199610 -0.00954541284353139 -0.0500309336055649 0.0197045832743354 0.0339182182034606 0.0127187724077746 0.131325125851139 -0.140056575119174 0.295580642158651 0.363949374814227 0.319767281957793
199611 0.0406619817188897 0.0258626595257274 0.0506931143155182 0.0543934838303317 0.0644760191843648 0.0676544763634117 -0.209823204969205 0.228574785766303 0.249905112131481 0.272664082688187
199612 -0.010959840236342 -0.0509775547648675 0.023618865598634 0.0278097006392672 -0.0124775215111126 0.0156281645654722 -0.297667656850813 0.194148643914656 0.195211583292147 0.241332662096125
199701 -0.0343844268618308 -0.0878480905731953 -0.00290421314738983 0.0370067256290957 0.0529718847661057 0.0315755463128532 -0.299563591693014 0.206572369662952 0.160276557710291 0.271650101735568
199702 0.0143958802837323 0.0200967016991224 0.0149871298082482 -0.000200020002667045 -0.00100050033358353 0.110933338817415 -0.154484867665547 0.253302062350371 0.134308679196412 0.22446146172519
199703 0.00379279823869626 -0.0347985055426955 0.0323703800304506 0.0281986543586787 -0.0470916075338506 0.159136600290203 -0.138153212751118 0.316108959982143 0.217286125656647 0.297038160547995
199704 0.00568381646829771 0.0135083500247923 -0.0021022080918702 -0.0560413908836249 0.0437297628613252 0.187229990913828 -0.161513621381955 0.352518095346518 0.261129024162939 0.394347484242463
199705 0.0698058742439629 0.106879361627096 0.0386436235922045 0.0685927914656117 0.0698058742439629 0.188819658412029 -0.198290598346101 0.369705940856429 0.364817068513917 0.362150957194811
199706 0.0505980527630914 0.0544881852840698 0.0468835858988505 0.057041740367197 0.0437297628613252 0.120812166109445 -0.368855511659331 0.358677484297198 0.305184018419777 0.265282163401159
199707 0.0194103935198234 -0.0231662780318396 0.043251041994315 0.0419094030772096 0.0747363461140171 0.0710137935169183 -0.431880027965687 0.316781439909387 0.247141777718997 0.256823014621753
199708 -0.0730008928844903 -0.108253585440254 -0.0585829574322979 -0.04468360762664 -0.038117322113128 0.0575854716746424 -0.423725870054351 0.290780751321599 0.222679288245508 0.161271528793816
199709 0.0548669014408401 -0.00581688532156485 0.0890176963176527 0.116003675756306 0.0562858110105919 -0.00168867475068626 -0.434481071196299 0.221757584148751 0.0821170675609464 0.0291934739108303
199710 -0.0732160623312591 -0.119797563455596 -0.0473012731180131 -0.0801260444792849 -0.0343844268618308 -0.0782900683375325 -0.423875669142937 0.100423286354555 -0.0868655329862464 0.0369147928745309
199711 -0.0113643300790498 -0.0619817923558814 0.0162669724638719 -0.000300045009001992 0.0331445985923021 0.0908723350409357 -0.144598791142019 0.220417244866009 0.069573194342202 0.14315465683679
199712 0.00498754151103897 -0.0528734896070681 0.0360425913469293 -0.00712532494258863 0.017839918128331 0.151217287341607 -0.0397490985589614 0.256268226664244 0.117138431818318 0.172139429710037
199801 0.0449733656427312 0.0572306334542717 0.0438254795400295 0.0110388471152164 0.00578324475572736 0.181307272443264 0.0391819253673964 0.25963863767415 0.165885431451726 0.217649827082467
199802 0.06259914175652 0.0364283566135514 0.0777940274400202 0.0827774264575682 0.071576198489222 0.136633861809531 -0.0120666364093278 0.205156577945591 0.209524145627206 0.24964394666077
199803 0.0318861888623217 -0.0581589141735321 0.0687795153948256 0.0720415528649705 0.0502177161606175 0.0475880700380278 -0.0740179502539651 0.105116941558251 0.0739786536309817 0.140054305973332
199804 0.00727348396649847 -0.0232686269393543 0.015085637418041 0.047646653467353 0.0115332358136731 0.0585697814028819 0.108480238175175 0.0437101804928388 0.0478660326544109 0.12790279061917
199805 0.0017983819413794 -0.063685551686133 0.0276151670329734 0.0089597413714718 -0.0270629195496891 0.0974162330499365 0.202393704683861 0.0601232101341688 0.0471983803810525 0.162298486693897
199806 0.000799680170564244 -0.00853633102228634 0.00498754151103897 -0.00100050033358353 0.0352706140819193 0.0498879994023828 0.214680693283994 -0.0131171349250801 0.00571544730402065 0.167933458829966
199807 0.00598207167754747 -0.0150121201205036 0.0172503534065277 0.0174469136037207 -0.02081513971392 0.0861914071833208 0.312234720623933 -0.00785735998456958 0.0793156400519477 0.183070747291892
199808 -0.132275039309819 -0.119008786582202 -0.127606124605146 -0.185245828311201 -0.170195376996114 0.111998657995181 0.403096153027874 -0.0142666902132225 0.101377859542939 0.172498413764179
199809 -0.0217344921460061 0.00478851673179709 -0.0323166014765431 -0.0529789247908866 0.0640071299742924 0.255905781534707 0.536402244310901 0.12625565965847 0.284521479762271 0.332744459906625
199810 0.095946341047209 0.159479314545322 0.0726926853934406 0.0763126828491635 0.0718554371004281 0.288975783344459 0.581260667468517 0.148723925080198 0.356616521745387 0.244239698331933
199811 0.0489806222216219 0.0428679002271759 0.0521179542621068 0.0472651924671142 0.0621293714655488 0.232826912171316 0.479200843790681 0.100235928383575 0.36721521088552 0.235546836189145
199812 0.0350775266126962 0.0260575343192896 0.0394130023568351 0.0416216746908194 0.0633503155007616 0.229870728260973 0.510605187938093 0.0713461002406758 0.433278703725409 0.210038648179241
199901 0.000299955008997942 0.00598207167754747 -0.0106565801885289 0.0546775612906958 0.0377773643340299 0.285456236545519 0.539603859366882 0.129876172213805 0.579463516059114 0.225129758985042
199902 -0.0264466500149835 -0.0255229572310859 -0.0222456089473197 -0.0527680655386557 -0.0380134421982162 0.219870814837892 0.474296321604519 0.061164817018761 0.511194001248951 0.143086978352997
199903 0.0428679002271759 0.124339274255608 0.00737275432941316 0.0459289318883997 0.0380662008064563 0.275584962533444 0.478902030580217 0.129243842309253 0.672816471699689 0.209493495052431
199904 0.046119935613553 0.070644839569332 0.031498667059371 0.0469790011939946 0.0459289318883997 0.270012847049965 0.419507444964991 0.145685266079095 0.628685921752669 0.226578138710822
199905 -0.0457298517061743 -0.0513985630860003 -0.0456251780262756 -0.0325231917055601 -0.0214279474136204 0.169331123443729 0.271117256770807 0.0647862487245967 0.570241442449396 0.119411897351233
199906 0.0371030879515023 0.0890176963176527 0.0102473164515495 0.0725996924143435 0.0504079025438458 0.183054179014817 0.247361146256046 0.103890209760607 0.551997517101303 0.10085083654849
199907 0.0317893224894073 0.0758493122834378 0.0108410231778748 0.0395091330947125 -0.0313874732416327 0.188244003253566 0.230012736628753 0.12223035016097 0.471970308858163 0.099613978011094
199908 0.0116320842297077 0.0142973047008244 0.0129162252665462 -0.0021022080918702 -0.0099493308536681 0.11781779714924 0.0577626500589613 0.101540990928281 0.371011213447228 0.110492574621186
199909 0.0113355096637457 0.0496469398894137 -0.00984833605481441 0.0191161171922301 -0.0244976316004002 0.122649438950198 0.0987108195841153 0.0825060846535571 0.371512140172124 0.193041597889198
199910 0.0397974698740661 0.0574194908674864 0.0242046886968174 0.0869113719892964 0.06316257495764 0.0623337470647335 0.00270575571655206 0.05038593588587 0.259183641257715 0.16687731468737
199911 0.0460244383112793 0.0742722443745874 0.0232281261192072 0.113328685307003 0.0366211834556454 -0.0081291371202177 -0.119465612380631 0.0168377321859001 0.137163092154851 0.0814691307824103
199912 0.0906630348972421 0.0550562057480784 0.0979430743299642 0.187806487024524 0.0784414263065625 -0.0868834000544158 -0.215881221440909 -0.041085363730194 -0.0180297972508511 -0.0628486281286092
200001 -0.0652854666986295 -0.0593254660848148 -0.0793679353835727 -0.013591953519467 -0.0442654162980154 -0.147308251891048 -0.331749566585744 -0.0688496034389116 -0.14747304097846 -0.124531270620217
200002 0.0292674976805681 -0.0209172482553883 0.0458334163431722 0.108854404912082 0.0283930745012178 -0.0767367807631811 -0.268332482597676 0.0166991910197422 -0.156126696406313 -0.0442232629752723
200003 0.0372957847436969 0.0649446886403821 0.0238141780992549 0.0017983819413794 0.055150844464848 -0.18764826748426 -0.299550988762816 -0.107528292751442 -0.462091475585789 -0.174316892302829
200004 -0.0545617879926827 -0.0777453486248529 -0.049400350295127 -0.0114654781092781 -0.0612373094711895 -0.299344374804207 -0.419479985735958 -0.210061055562102 -0.584364010995043 -0.300319477739629
200005 -0.0320067961350865 -0.0751546736007605 -0.00652121699026546 -0.0507671170536532 -0.0399890082163633 -0.173578827805192 -0.264033129447253 -0.099189383178874 -0.422239656600652 -0.159070230299054
200006 0.0422929121902514 0.0716692866903597 0.0285874568519125 -0.00742751582879658 0.0491710440064494 -0.173475580683114 -0.192986883891036 -0.139340574387039 -0.432284678943756 -0.108734930028547
200007 -0.0386368836149182 -0.0964007742863544 -0.00984833605481441 -0.0614499623162226 -0.0205088766315404 -0.255757501089728 -0.309235213979363 -0.202105483040538 -0.518618542929434 -0.174645298039294
200008 0.016463726030665 0.0552454742259785 -0.00611868100817718 -0.00160128136697388 0.0725996924143435 -0.238752917601924 -0.290363642202246 -0.190558590350142 -0.457368600615878 -0.172605937691415
200009 -0.0489801822217186 -0.0463581239781496 -0.0419684848225016 -0.0932123817221787 -0.050661914802228 -0.281765978866125 -0.371439876462746 -0.203622728758739 -0.552718845325355 -0.308678053061332
200010 -0.0306654143108852 -0.0647518772296969 -0.00934351500315247 -0.0351091771135679 -0.0222456089473197 -0.338257429586641 -0.414897056806961 -0.275158944733058 -0.568651910863974 -0.351997201729998
200011 -0.0327298246229189 -0.0221433646856899 -0.0346949697968869 -0.0418642040986989 -0.107696575455374 -0.279685062022748 -0.334173410067565 -0.236062471580558 -0.433335473333381 -0.30330442276783
200012 0.0302381830606099 -0.0608121393967575 0.0701788346212465 0.058363243296915 0.0167587838149546 -0.209755796410723 -0.293012039546113 -0.164553528660955 -0.304284907555766 -0.121335602937869
200101 0.00528600442923744 0.00409161790325356 0.0061808590750811 -0.0222456089473197 0.0360425913469293 -0.23689877456403 -0.289087762356404 -0.211406537978704 -0.320738747775471 -0.120647473149103
200102 -0.0816439890405103 -0.0521357544205285 -0.078394067428012 -0.197110374267394 -0.101700554826339 -0.290010408475872 -0.349326540882659 -0.263526628995231 -0.370633816605834 -0.169775304044687
200103 -0.0744003225762502 -0.0549843083327595 -0.0787185847114051 -0.120474153467875 -0.0708517409719511 -0.20149011549593 -0.26986749081324 -0.185132561567219 -0.169033537065588 -0.0899114438275226
200104 0.0712037590063321 0.077701507663852 0.061471322088101 0.150658876285113 0.0800119379693846 -0.0718443186937013 -0.15793590203873 -0.0481450687318377 -0.0183212005371036 0.0237123889882976
200105 -0.0319035490130083 -0.00410842804454319 -0.0466724081984307 -0.0608121393967575 0.0103462920541443 -0.136072463963608 -0.194495466371407 -0.107418807276452 -0.26615198857449 -0.108119297710883
200106 -0.0399890082163633 -0.0445790433979674 -0.0341774518015865 -0.0937613798144744 -0.016739324004298 -0.0880987347731055 -0.131929468755295 -0.0620472448110689 -0.218019902335107 -0.13094311127614
200107 -0.0216323001271138 -0.0775292025092378 0.00169855663558151 -0.000200020002667045 -0.0184695162836613 -0.0904954430531801 -0.142229086867317 -0.0670265082106763 -0.12116331761333 -0.187635065357725
200108 -0.0265493352335365 -0.0258307600345215 -0.019182819416774 -0.0969515260764504 -0.0634724229555735 -0.163723423950026 -0.124237597074276 -0.174530123743234 -0.255752623959302 -0.252873298147549
200109 -0.105471632942234 -0.089815304322364 -0.113504700796821 -0.109145447260798 -0.093981063470894 -0.140178597736789 -0.10805321409156 -0.15825151747385 -0.140371962414484 -0.183021268227937
200110 0.0279069532530079 0.0159717695096987 0.0297529581493478 0.100207260417025 0.0264471700148482 -0.144745070003492 -0.0734335452371456 -0.183089766298774 -0.142493327582273 -0.196736780212417
200111 0.0371994409891063 0.019018005835762 0.0368139731227164 0.087186361678916 0.0742722443745874 -0.120534068994393 -0.12741875694506 -0.12217968955088 -0.116420422088969 -0.146408111425215
200112 0.00309520490730252 -0.0568878622070484 0.0233258253034968 0.0419094030772096 0.0174469136037207 -0.111900093640327 -0.111648937295158 -0.113829110719223 -0.0960087731698665 -0.161657015350342
200201 -0.0478256294826045 -0.056147160623001 -0.0459392319414452 -0.0721406777776824 -0.0130852395486555 -0.144733116811586 -0.0798737759031853 -0.16678974115241 -0.212965050569987 -0.237262843127595
200202 0.00687630393943206 0.0273232956488904 0 0.004489905272852 -0.0218366946091744 -0.131188421305856 -0.045972224227504 -0.164593432158884 -0.193381623530981 -0.249187766583107
200203 0.0552454742259785 0.0569472804417501 0.0582689081239758 0.0302381830606099 0.0427720918438691 -0.158063371751978 -0.0705991583286519 -0.199081362617557 -0.223907543354675 -0.245413214792341
200204 0.00697561373642514 0.0411419433311752 0.0021975835434872 -0.0971719117522735 -0.0518197487297965 -0.231778362261617 -0.158521243069833 -0.272159386395241 -0.253046330971983 -0.276355554882633
200205 0.0160701801774945 0.0584575695715687 -0.00130084573304807 -0.0126800531573745 -0.0124775215111126 -0.148182277813656 -0.179860559104828 -0.15577425411178 -0.00452766672518584 -0.144616182976963
200206 -0.0423857164964378 -0.0548786615099894 -0.0391567152011939 0.00309520490730252 -0.0734312780858829 -0.100620597746377 -0.188956699138673 -0.0861607681966448 0.0605550652252371 -0.0725498700541928
200207 -0.0948602810239601 -0.0595377127161963 -0.105805058896976 -0.134789326348638 -0.0837077490734852 -0.0345183546326226 -0.070258524915729 -0.037747031732774 0.049629281202746 0.0159670454497311
200208 -0.00300450902029872 -0.00964637705180545 -0.00290421314738983 0.0184291354683671 0.00637960696403899 0.0835700525105448 0.0240670132861313 0.0890364335493943 0.201472362117212 0.123586614569529
200209 -0.110038105208937 -0.05519563546795 -0.138342949621745 -0.111266812428587 -0.107696575455374 0.11233976941687 0.119432265740474 0.087530938208084 0.221109427455301 0.141021185704745
200210 0.0521179542621068 -0.0380134421982162 0.0906630348972421 0.12628016591033 0.0767758388020496 0.256102744027428 0.228737226855456 0.25261318501945 0.349626593290416 0.237049956292437
200211 0.0458334163431722 0.034787825485664 0.0451645519543737 0.107598010598018 0.059023340449461 0.265832193091402 0.31515980826136 0.227644253317571 0.308789909197553 0.219957119651561
200212 -0.0297378182639564 -0.0251127008150753 -0.0296348051296907 -0.0750468743229113 -0.0581589141735321 0.24146668336347 0.255874351175296 0.223717609379442 0.242045892607801 0.175033903580882
200301 -0.0342809339768742 -0.0222456089473197 -0.0437429229479187 -0.0525572507386761 -0.0250101630041676 0.343618182136472 0.344994181964664 0.332256012104598 0.369780089209719 0.275964909598283
200302 -0.01999864650669 0.00269636154774253 -0.0344879304586732 -0.0260360145508416 -0.0180621428184085 0.39485455676276 0.387140452618319 0.389408621962435 0.479851246149002 0.322932239954493
200303 -0.0184695162836613 -0.0309748042994305 -0.0148091156537082 0.00109939544330106 0.0118297517535772 0.438569729886766 0.394889348932115 0.451608990987644 0.55639024287295 0.355488828923354
200304 0.090571698184387 0.0198026272961797 0.118582715826948 0.151346752494524 0.0799196231758734 0.462822490926154 0.521628775215925 0.433584949546112 0.518523123237434 0.331282806101721
200305 0.0636318602447735 0.0493614295377241 0.0683126401820873 0.0524026787930484 0.0595887914116574 0.345906817402165 0.451795214314181 0.309185348397599 0.291806063718134 0.233708247687127
200306 0.0237165266173161 0.0638195127129541 0.00925702126267685 -0.00783057911518856 0.015085637418041 0.285569524106822 0.381005837362836 0.253196457904344 0.248164890593658 0.186344425898039
200307 0.0232281261192072 0.034787825485664 0.0209784063851918 0.0170537545658276 0.0239118200463129 0.283223023225698 0.351007873125393 0.256658209049442 0.294927679710634 0.190473007403802
200308 0.0257652078860264 0.0857188754025374 -0.00440970848870007 0.0380662008064563 0.0238141780992549 0.230360091976801 0.270908824929726 0.211489563863032 0.231096733585878 0.12615577272245
200309 0.0337248694016209 0.054109325647032 0.0267392971896215 0.0172503534065277 -0.0116678048676821 0.206792467634261 0.19593204605909 0.213195620777417 0.21057571199517 0.104239791906276
200310 0.0618474033260802 0.0484091392076876 0.0656941031953625 0.0854434818174674 0.0596830021611738 0.200974551485648 0.132882878842584 0.223366677607893 0.27573449482936 0.132863037423371
200311 0.021467906615241 -0.0244976316004002 0.0412379080162448 0.0408539940082661 0.0141001243787816 0.175362640741663 0.112380692887904 0.194968359156227 0.226912196467538 0.0884626587933543
200312 0.0724136805090453 0.0640071299742924 0.078903597595466 0.0526873222790065 0.0427720918438691 0.219026829064205 0.192218419521469 0.222323242605594 0.293476599226542 0.120195950757745
200401 0.0169554406494134 0.0199006617063362 0.0134096869099177 0.0575139062006066 0.0219571673520421 0.190151450569643 0.175953285532598 0.189921478661548 0.256071900478693 0.112694472995795
200402 0.0237165266173161 0.0104452578615386 0.0277124385665358 0.0505029821731068 0.0144944461504525 0.157473049454993 0.143676352758206 0.163223897424695 0.162930816634935 0.064393330304151
200403 0.00578324475572736 0.0957646219843793 -0.0328331570952402 -0.0367677241922146 -0.0123762710680554 0.174322484584339 0.156654609840255 0.179528344274933 0.189111059232786 0.0701915874214609
200404 -0.026343975339602 -0.0500309336055649 -0.00581688532156485 -0.0753703070247766 -0.0176549352387207 0.145577628191264 0.0344433378408927 0.187043693385884 0.197170619288257 0.0648111369002573
200405 0.00329456694943011 -0.0214279474136204 0.0123237496888319 0.00876150566857267 0.0122249696225689 0.144755935458097 0.0683448895165739 0.164049496853329 0.238984142784191 0.0581733795699334
200406 0.0213700257361925 0.0338215484755107 0.0127187724077746 0.0389322100017875 0.0192142189238044 0.138657441175932 0.0750652080579201 0.149222616946379 0.252766601550512 0.0841108710417133
200407 -0.0296348051296907 -0.0453112227100031 -0.0241902388012177 -0.0467771915589289 -0.0404054146350389 0.137972006632573 0.0591818047134224 0.153950758142325 0.235791558900767 0.0728648217670858
200408 0.0021975835434872 0.010742096531902 -0.00270365157431482 0.0175451792157489 0.00189819728308027 0.200461148633211 0.121841665758039 0.215533116160605 0.324190425150515 0.154028228874293
200409 0.0279069532530079 -0.0089398415694743 0.0369103540200972 0.0824091362407178 0.0169554406494134 0.230052887579131 0.163027662086496 0.237647161254743 0.336398204084114 0.14288745022428
200410 0.0362354925820954 0.0279069532530079 0.0372957847436969 0.0366211834556454 0.015282623531157 0.239345375315229 0.246054047008668 0.218576725362977 0.280241438987462 0.133701746839227
200411 0.0651320949377821 0.0553400950331645 0.0685927914656117 0.10741839676727 0.0458334163431722 0.175430313626391 0.198862332343793 0.157295577868769 0.197052619715482 0.100764188069349
200412 0.0435383020144834 0.0477419959854211 0.0465018336514199 0.015282623531157 0.0352706140819193 0.133233189971105 0.177343785786139 0.10319723255361 0.10560599245791 0.0933819581004298
200501 -0.0157229604652362 -0.0123762710680554 -0.0132878943269354 -0.0356271776431512 -0.026343975339602 0.139436979851436 0.200153445751663 0.0941838433131815 0.157888555089177 0.0588110991327837
200502 0.0405659617466618 0.0234235149435881 0.0440168854167743 0.0766832247709575 0.0202927032677624 0.215408020662029 0.260652992001446 0.172697522557824 0.254046232472361 0.118493134082896
200503 -0.022961611637347 -0.0264466500149835 -0.0253178079842899 -0.0287081641367437 -0.017756721589259 0.172739850823497 0.226977100593507 0.131875528037569 0.182051997187535 0.0986003508364606
200504 -0.0271656680727696 -0.0161293819298836 -0.0288110818541196 -0.0335567835288428 -0.0242926925690446 0.226909389585037 0.272736061640863 0.192946505727677 0.290310440082287 0.134491642621202
200505 -0.00280392733273426 -0.0147076288722743 -0.00250313021811848 0.0225439644348944 0.0381624610943489 0.300672343034589 0.327701467355945 0.271975303742414 0.376175003234475 0.169625358368122
200506 0.0206845911928326 0.017938145131013 0.0174469136037207 0.0219571673520421 0.00796816964917688 0.259106322631383 0.278297150760975 0.241231840166897 0.287598068195143 0.0995593482607645
200507 0.0328543368709473 0.0173486383346131 0.0373921192170627 0.0416216746908194 0.0407579924721678 0.238021651417211 0.253837788639697 0.228871965611733 0.259824015521536 0.0920910536532386
200508 0.0317893224894073 0.0519280928603591 0.0194103935198234 0.0297529581493478 -0.00924258136693254 0.215711528421934 0.234386942213213 0.210301600635258 0.219701216954452 0.0475258228381167
200509 0.0371994409891063 0.0740865433526982 0.017839918128331 0.0262523711440657 0.00776973726436069 0.210758859886087 0.200887984821221 0.219089861474114 0.221834447667426 0.0809730929018666
200510 -0.0276795691067424 -0.0192847614118671 -0.0239853627505113 -0.0465676358163347 -0.0176549352387207 0.175058295020716 0.111281629810487 0.213869974701885 0.205136289328172 0.0954539645723257
200511 0.022934971282496 0.0338215484755107 0.0144944461504525 0.0159717695096987 0.0384511863742526 0.242919653760291 0.162161952812104 0.279668840265807 0.312610860048028 0.148862069516864
200512 0.049742091894814 0.0705516559509446 0.0374884444109916 0.0675651861624239 0.000699755114273265 0.248960790714312 0.142834850487046 0.299479197807344 0.346190869367577 0.131487208744528
200601 0.0602480803453569 0.0481232751817282 0.0652257849177073 0.0605304997400324 0.0333380596105104 0.229844892361259 0.10155069221667 0.294554744269615 0.337931789102561 0.143407484986357
200602 -0.0021022080918702 -0.0102523764643514 0.00319489089651929 0.00468898948613147 0.000399920021326891 0.176969566345315 0.061792333366569 0.235112204107635 0.303945844584641 0.128302193636906
200603 0.0312079271241932 0.0193123110323729 0.0357531697058178 0.079550278758009 0.0181345701954827 0.187734147515838 0.105286043610722 0.230516332295488 0.282822548635085 0.11197612306532
200604 0.0465972853767823 0.0388360237851982 0.0502177161606175 0.0523077796233449 0.0108410231778748 0.184433173644652 0.0902645139955057 0.232444229557359 0.258706976765176 0.104880399985054
200605 -0.0443699477359405 -0.0641119454672443 -0.0332465937936357 -0.066032970604438 -0.0319035490130083 0.179265698031009 0.0494264875396344 0.23870136032472 0.29514240697622 0.132586786419418
200606 -0.000400080021339691 -0.00652121699026546 0.00508703904855721 -0.00581688532156485 0.000499875041650993 0.246375132736439 0.129116462970197 0.291750581414535 0.374289016726041 0.200339988326123
200607 0.0105442138756711 -0.0021022080918702 0.0188217542405877 0.00149887612373595 -0.00380723834295407 0.249870417665082 0.14132149642876 0.2890606669657 0.383201106954908 0.184117152819236
200608 0.0268366539535598 0.0184291354683671 0.0281986543586787 0.0318861888623217 0.0242046886968174 0.223704822886454 0.142022723605002 0.244305530698608 0.386490747562969 0.154057321650613
200609 0.00149887612373595 -0.0155198116580368 0.0126200313561022 0.00955421280481171 0.0222506089348197 0.18185604881239 0.098173210789724 0.204641398230651 0.336847837111389 0.143163647013468
200610 0.0401817896328318 0.0315955615897506 0.0418135028134103 0.0609069349035214 0.0357531697058178 0.235697267721819 0.167707610753999 0.24004933588513 0.417499892192726 0.155700863564312
200611 0.0289761082365172 0.0144944461504525 0.0343048036919902 0.0495517788292477 0.0210763256019163 0.239149515109048 0.1622670066411 0.246930754610478 0.37305668331987 0.140926100243686
200612 0.0306261935417607 0.0292674976805681 0.0325639908732626 0.0593061058974075 0.0126200313561022 0.167579009240111 0.111419731024849 0.178551970584737 0.263011524061659 0.0739105427003246
200701 0.00737275432941316 0.00836491633162767 0.00578324475572736 0.0265445552221122 0.0182327682610597 0.11644393906681 0.052620430738243 0.125070731456086 0.183502710846732 0.0552724390186594
200702 0.00866237307865259 0.0332413337798019 -0.0014009809156281 -0.0164343064634248 -0.0159261505502593 0.0198027169792141 -0.0270256875983483 0.0212335462249701 0.0295792262947897 -0.0264327521979738
200703 0.0279069532530079 0.00429078141715625 0.0376810669676885 0.0554347068881005 0.0110388471152164 0.0330975112526036 -0.0431149625605846 0.0380156291789006 0.117031019993495 -0.0405535230000112
200704 0.0414298097631396 -0.00200200267067308 0.056474846927979 0.0887432098343886 0.0385474096122388 -0.00860415302259349 -0.089687136234347 0.00502355169734362 0.0623959932759584 -0.0592213972797188
200705 0.0227394869694893 0.0155780299633185 0.0198026272961797 0.0131136391453832 0.0358496528936972 0.00189413007462605 -0.0226467373844517 -0.00657353645254986 0.0181480233281212 -0.0510760788999753
200706 0.00309520490730252 0.00568381646829771 0.00239712459972145 0.00309520490730252 -0.0157229604652362 -0.00182735105910133 -0.0139224748248054 -0.0188048982524115 0.0400153530779835 -0.0667310245081532
200707 -0.0156213809029568 -0.0014009809156281 -0.0259333820265044 0.00478851673179709 -0.0338670695115773 -0.0859157151759357 -0.093037569378986 -0.108286129759246 -0.0702197273872226 -0.137328770509444
200708 -0.0150121201205036 -0.0254203773469112 -0.0114654781092781 -0.017756721589259 0.0133110140596724 -0.109659057795256 -0.129442303199257 -0.11870557719854 -0.115309540892545 -0.109681000811784
200709 0.0553400950331645 0.0540145883062383 0.0480279690105815 0.090206267886149 0.034787825485664 -0.139748911587172 -0.154683840654573 -0.151296485286182 -0.153171243066299 -0.106528288840791
200710 0.0436340370200613 0.0261549574768512 0.0486949215387586 0.016463726030665 0.0209784063851918 -0.348007113045049 -0.34577896950918 -0.349682335885325 -0.492223559619031 -0.23661629418078
200711 -0.0425943976324205 -0.0363528294657983 -0.0340739803337514 -0.0604933804289625 -0.0459392319414452 -0.627996595351551 -0.565033356951864 -0.640576215273453 -0.815212445902956 -0.445733142681491
200712 -0.0205088766315404 -0.0295318026060379 -0.0209172482553883 -0.0202027073175195 -0.00601807232556302 -0.641655139269929 -0.546844498113737 -0.679933513025585 -0.8468343543818 -0.481329398722564
200801 -0.0892684677581823 -0.0712812020049636 -0.0980539404753882 -0.12737892932983 -0.0634724229555735 -0.557139132664096 -0.439981352571375 -0.592386182472433 -0.777079868235032 -0.458060972990473
200802 0.0219571673520421 0.0171520588175657 0.0153811020383024 0.0710174872352802 -0.0300469213522966 -0.563720990562748 -0.440088746654065 -0.615483443561196 -0.737658217664344 -0.479275358202094
200803 -0.0137947110221893 -0.0422813922566061 0.00468898948613147 0.000799680170564244 -0.00762902716449116 -0.691372062473854 -0.563490605314341 -0.739118131039752 -0.89173128003695 -0.555589452841207
200804 0.0519280928603591 0.0650383961792221 0.0448777587780855 0.0444952398865513 0.0466927279919824 -0.617894349290491 -0.479395710244324 -0.678487654405241 -0.811504121565141 -0.462057996676012
200805 0.019018005835762 0.0243022925229648 0.00757126549631813 0.0349809688952456 0.0201947072855193 -0.551506215332808 -0.451399240456357 -0.598849538485759 -0.662408212399507 -0.411624013937272
200806 -0.0809931592095319 -0.0734312780858829 -0.0870841069071134 -0.107139875557904 -0.0863207064665272 -0.442394893458042 -0.35127395460427 -0.485797361658338 -0.576677106132489 -0.381030554390686
200807 -0.0393647235222767 -0.0378057147358988 -0.0363528294657983 -0.0403012967735257 -0.00621929981391683 -0.368930000669302 -0.252467370187159 -0.416775397569633 -0.496394684744468 -0.290319499622866
200808 -0.0451019739124202 -0.050661914802228 -0.0440563861969199 -0.0556184237630123 0.016463726030665 -0.241371266411109 -0.148218698902546 -0.284839698210105 -0.344999340465355 -0.20964228889094
200809 -0.152918106424713 -0.137080540548368 -0.150357881588562 -0.248846048666583 -0.0953001798543245 -0.15474354567019 -0.068677824549941 -0.185916410572345 -0.233473284764047 -0.193251678050657
200810 -0.23635544528644 -0.193099429965833 -0.242198957849369 -0.306525160253261 -0.188138442115519 0.0438169186332235 0.093778022329655 0.0185507966632489 0.0602505226806214 -0.0578657746570473
200811 -0.0562529415507984 -0.0181639706276712 -0.0734312780858829 -0.0921152889078056 -0.0815354879825185 0.261499098654043 0.275007279725001 0.240445001172254 0.369771191913681 0.104031356253245
200812 0.0640071299742924 0.0773313429363235 0.066630082297763 0.0495517788292477 0.0172503534065277 0.340687011487337 0.290367323019938 0.343532164165647 0.494740817692433 0.239676169882796
200901 -0.0958503256568342 -0.0713885960876529 -0.12115120156415 -0.087957278759142 -0.0846868081671938 0.290089568422962 0.224668064313322 0.288435317681557 0.448682928117442 0.249651802729859
200902 -0.105693904559064 -0.10624979984271 -0.108253585440254 -0.0830555751373258 -0.10636101599141 0.344909544521805 0.285703248321483 0.350685411325547 0.522135520673702 0.300161159095467
200903 0.0596830021611738 0.0418135028134103 0.0653194661206425 0.0810268386423734 0.0859024290007033 0.44810031886275 0.405658695220305 0.43495363401529 0.605291090811361 0.439956951173114
200904 0.118316226818042 0.0930348659671893 0.124515874697568 0.193591149052185 0.0971267107307228 0.450170712977058 0.420414543894789 0.4316695588141 0.595374879626941 0.415337750589309
200905 0.128129327710528 0.124427578375052 0.120623442323739 0.120712075162263 0.0507881668321051 0.324124688097075 0.334653161894099 0.281835876132242 0.425793183035107 0.338111701564922
200906 -0.00752826642079152 0.0253753063312283 -0.0180621428184085 -0.0268574541698826 0.00439034830129285 0.0822665950582042 0.108635727757413 0.0348552449319812 0.154839444542301 0.20524542369721
200907 0.0881940107359163 0.066442956548714 0.09558286989373 0.111094047505587 0.0744579109180097 0.076810933920701 0.0775441144300757 0.0427660366940144 0.170534834005991 0.143755483355345
200908 0.0415257468284983 0.0288789595503768 0.0548669014408401 0.0559076319382961 0.0328543368709473 0.0778175686430866 0.0645471335869877 0.059261070205635 0.179975588129142 0.136395315969829
200909 0.045642357878701 0.0253753063312283 0.054109325647032 0.0448777587780855 0.0400857235392856 0.00376863010902826 0.0175042034089398 -0.0369487947695875 0.0673917789972893 0.0547708147294526
200910 -0.0186732652656213 -0.0118701725704874 -0.0203047533403643 0.00299550897979837 -0.0262413112052271 0.0538000222986097 0.067236369564517 0.0135721286614634 0.177036059655375 0.105895971243551
200911 0.022934971282496 -0.00280392733273426 0.0296558849075107 0.0328543368709473 0.054109325647032 0.111597842248281 0.101357151069824 0.0849501521858283 0.204569755710399 0.170299743543127
200912 0.0134096869099177 0.0116320842297077 0.0115332358136731 0.00349388925425584 0.0272259862535915 0.0437701020750483 0.109447082831796 -0.0317898396287958 0.111753077666769 0.122271888211963
201001 -0.0410303495579919 -0.0103534120794916 -0.058901107920161 -0.0145046862028817 -0.0341774518015865 0.110280038341004 0.168180261262652 0.0397304796928168 0.225508748462753 0.161114501928076
201002 -0.00250313021811848 0.013705647056112 -0.0239853627505113 9.99950003332973e-05 0.0334347760862374 0.171799054326312 0.177332952765624 0.136216347940249 0.263534629706981 0.215094581025842
201003 0.0617533962754822 0.0565693514878943 0.0620353909194527 0.0711106274579529 0.0612832284168984 0.208317063131708 0.192409107134964 0.193056047561708 0.27783051499038 0.216061231656937
201004 -0.00772979806194127 0.00727348396649847 -0.0253178079842899 0.0240094524603519 0.0199006617063362 0.131348501049745 0.0904238921165874 0.126410044084572 0.230924576229244 0.159367455573846
201005 -0.113728765328343 -0.101589855761633 -0.126357188876522 -0.150241663330543 -0.0820781110356069 0.194323773337665 0.108330706680387 0.230723858295359 0.276814251148559 0.168054250719422
201006 -0.0129839275582948 -0.00571630699610919 -0.0101513510563754 -0.0111620647061919 -0.0570995920405728 0.280167335176472 0.190125935113841 0.327343228907925 0.385087429656601 0.237351027390296
201007 0.089200645458302 0.053445975705626 0.112077903405351 0.120534801628738 0.0670977435324941 0.279153753090913 0.200531231596082 0.320958611324201 0.341898899612711 0.276795684192148
201008 -0.0325231917055601 -0.0181639706276712 -0.0413429635343824 -0.0566761771935569 -0.0487701643694293 0.177678076756999 0.174797694456992 0.175944207672586 0.178560975658664 0.185815000196322
201009 0.0956737500682825 0.0751074724868055 0.104630249078083 0.154522039436171 0.0912108800533841 0.120823457311342 0.119960772200172 0.110926155215558 0.128097277294317 0.172922504173645
201010 0.0391245546840501 0.0222506089348197 0.0510732701840006 0.0305292050348228 0.0381624610943489 -0.0834382331738396 -0.0246039653018548 -0.114968181355564 -0.16983334543721 0.00277663603211826
201011 -0.0448927688907367 0.00528600442923744 -0.0870841069071134 -0.0599623411726829 0.00608147031586795 -0.0385893540817112 -0.00274199961835367 -0.0646588372509619 -0.0717934496773248 0.0721223826530546
201012 0.0799196231758734 0.0703652626605634 0.0830535551352857 0.11724956005024 0.0660685999697047 -0.0401594596013154 -0.0572182482383629 -0.0273954253278044 -0.0518201167210052 0.0632369850044524
201101 0.0204886664273156 -0.00120072057651888 0.0375847603272712 0.0235211950413459 0.0198026272961797 -0.133468319896205 -0.12498688505166 -0.13249011133997 -0.194797825343976 0.00454113936416084
201102 0.0340148785872776 0.0287818014254519 0.0328543368709473 0.0143958802837323 0.0344014267173323 -0.0949336458740595 -0.0604358489743799 -0.11568138783691 -0.151127770844999 0.0340047533708992
201103 -0.0152151658064804 -0.0454158635304826 -0.00461061255768329 0.0242046886968174 0.00458945233380722 -0.0756921581609056 -0.0480757070686567 -0.0881934957016954 -0.0658593280157857 0.0428543686478818
201104 0.0552454742259785 0.0251802985302983 0.0789960062264979 0.0698991273796672 0.0285874568519125 -0.0643846171854423 -0.00366034387175762 -0.0843832033147812 -0.102642798919463 0.0688911098558353
201105 -0.0278852034895357 -0.0197946273281795 -0.0297378182639564 -0.0419684848225016 -0.0127813343647332 -0.134439207065129 -0.0347581161660936 -0.187774366376001 -0.18603251648163 0.0317673219816365
201106 -0.0139975096438537 0.00468898948613147 -0.0165359686400995 -0.0543505947500813 -0.0176549352387207 -0.225788091499292 -0.11577879407673 -0.28780360617111 -0.292680055987911 -0.0192434767414097
201107 -0.0122750308756126 0.0277124385665358 -0.0329365002462648 -0.0428031223253094 -0.023882940463332 -0.15541024841933 -0.073965949911442 -0.202301433066287 -0.17282265903571 0.0365739195916599
201108 -0.0893778111512167 -0.0730008928844903 -0.10636101599141 -0.107139875557904 -0.0616626603921069 -0.133779122619693 -0.0911341746023067 -0.167366930157349 -0.0886856732174237 0.0683258184336871
201109 -0.108587940416899 -0.0694572650152217 -0.121264087493039 -0.143408583295356 -0.0789349880881423 -0.0155223519180992 -0.0170338862745153 -0.0151724978227674 0.0473331618908567 0.155266286010063
201110 0.0839734337761785 0.0441125746183209 0.101382614288603 0.128569100794708 0.107508207715285 0.126693769478784 0.0836313058648996 0.140299761000009 0.226784336533142 0.261232613149235
201111 -0.0464628744103409 -0.0491902441907718 -0.0498206949839559 -0.0399890082163633 -0.00280392733273426 0.0510852520342332 0.0373163076913787 0.0596017379042387 0.0864462521384356 0.136069470195229
201112 -0.0133892371190161 0.00259662584726591 -0.0220411308768803 -0.0257281485727312 0.00737275432941316 0.115486271575587 0.103068640181129 0.132455131998767 0.145551377547029 0.146742355906659
201201 0.059023340449461 0.0633503155007616 0.0543934838303317 0.0671912495403234 0.049266241302918 0.161342698832105 0.134100195313847 0.187544116921848 0.207515018701856 0.151199353330823
201202 0.0532563663004315 0.0411419433311752 0.0603422290061618 0.0996643231129453 0.043251041994315 0.152727260926489 0.114096684316451 0.190381266545788 0.218765195468095 0.156137166041417
201203 -0.00390762483101708 -0.00100050033358353 -0.000800320170769155 -0.0125787822068601 0.0306261935417607 0.0905310530565835 0.0946183806213023 0.102153834050091 0.11619665920776 0.125703627757716
201204 -0.0148091156537082 -0.00591747376403762 -0.0243951568347216 -0.0134905901824991 -0.00853633102228634 0.102704422304633 0.125274765862396 0.0980421098598392 0.117916698079744 0.134586567310668
201205 -0.119234087923698 -0.100815305238816 -0.129767058059065 -0.148616024328783 -0.0637921330877794 0.160477237390457 0.190875241787608 0.165305166921737 0.161257310231128 0.158602469181341
201206 0.0563803334361077 0.0465018336514199 0.0689662044647228 0.0655068022021197 0.0381624610943489 0.263277018850731 0.229708754670543 0.30709960519352 0.310073314562578 0.250009769302094
201207 0.00935609492402503 0.0105442138756711 0.00199800266267306 0.0413338634929772 0.0078689583786952 0.168987112341403 0.164024101602349 0.192089462227391 0.184073131931496 0.199774726973476
201208 0.0288789595503768 0.00109939544330106 0.0458334163431722 0.0288789595503768 0.0252778071842686 0.212602902183483 0.173086417365596 0.261108946799998 0.230475382742605 0.246867326668755
201209 0.0336281809799841 0.0312079271241932 0.034208171329737 0.0360425913469293 0.0270313390510305 0.172359612554057 0.15555271545887 0.207747264036034 0.18678730753852 0.194115542483731
201210 0.00836491633162767 -0.00220242355520004 0.0206845911928326 -0.0117689835999989 -0.0176549352387207 0.207137464238133 0.200286791909835 0.242598628637792 0.215501963406869 0.204090929061796
201211 0.017938145131013 0.0165620882989782 0.0230326991105728 0.0191161171922301 0.0078689583786952 0.231046108456801 0.215306719175649 0.26755639532366 0.254204948246949 0.262695850629471
201212 0.0324671901375014 0.0336281809799841 0.0330478540462004 0.0362354925820954 0.0118297517535772 0.218692341619689 0.194435359288572 0.257637335358471 0.248202470200102 0.285550064893616
201301 0.0504079025438458 0.0433468045033659 0.0572306334542717 0.0784414263065625 0.0542040540135122 0.202787239781166 0.164002069205108 0.246742285953404 0.244821314488954 0.301432751706575
201302 -0.0089398415694743 0.0216636396360264 -0.0278852034895357 -0.00290421314738983 0.0128175037106143 0.120269283319086 0.0865812843679902 0.159052445014423 0.135405083882961 0.213465067540254
201303 0.00826574441703259 0.0296558849075107 -0.00491204436102064 -0.0108587433348759 0.0395091330947125 0.181327079150667 0.084033761924194 0.254970058895786 0.229063660298815 0.246098826733557
201304 0.0429636994321157 0.0596830021611738 0.0428679002271759 0.0298500219688853 0.0154795708483864 0.170758685670959 0.0553773773497668 0.253360886266541 0.237218752059376 0.210880475056
201305 -0.0164343064634248 -0.0619817923558814 0.0120273802127185 0.000199980002666245 0.0276151670329734 0.139525909114542 -0.0107261926143298 0.228725754300425 0.227269391796827 0.193499096918018
201306 -0.0379095730732202 -0.019182819416774 -0.0460439385014068 -0.0604933804289625 -0.0120725812342692 0.17045466172842 0.0801345592919284 0.223673987824132 0.245891166034749 0.186274619532778
201307 0.0529718847661057 0.0196065296389183 0.0710174872352802 0.0877361143040867 0.0549615580739743 0.223154320274275 0.133042248110323 0.26851720574902 0.306084501454709 0.224112408653074
201308 -0.0113643300790498 -0.0164343064634248 -0.00752826642079152 -0.0148091156537082 -0.0274739770007551 0.151203468910366 0.130686071877933 0.155948291355504 0.184377867579469 0.148539896674975
201309 0.0684060326640604 0.0759420035751573 0.0690595359314946 0.0647572472152785 0.0370067256290957 0.16066599169982 0.135452573473675 0.164176312890569 0.193168910907614 0.21744368343887
201310 0.0322735605502956 0.0128175037106143 0.045642357878701 0.026934001240081 0.0409499863289542 0.051021211019162 0.0195215616821546 0.0560640496953736 0.0983647423400391 0.160540326095318
201311 0.00558437829390066 -0.0043092715880984 0.0131136391453832 0.0131136391453832 0.0307231726428405 0.00221168182876683 0.00920093817012742 -0.0147935573243912 0.0417959359702674 0.144478055274142
201312 0.0165620882989782 0.00319489089651929 0.0221528046411333 0.0328543368709473 0.0277124385665358 0.00489304795189876 0.00214587967917606 -0.00331214961439427 0.022965989828775 0.1389351811616
201401 -0.0321100539182336 -0.0340739803337514 -0.0304592074847086 -0.0309748042994305 -0.0337636301528091 -0.0402742973574139 -0.0163657153292365 -0.0624401903804229 -0.0524827446745928 0.110622562523032
201402 0.0521179542621068 0.0191161171922301 0.068032410391827 0.0907543632684641 0.0454512629039174 -0.0101662461098534 0.0358428351999976 -0.0346846344700291 -0.0144330267032003 0.112792321084662
201403 -0.00230264906267556 0.000999500333083423 -0.00652121699026546 -0.00270365157431482 0.00429078141715625 -0.00789071654162847 0.0612219578943188 -0.0435994403787673 -0.0392124010481315 0.126835629966385
201404 0.0117309228756987 -0.00642056780292269 0.0182327682610597 0.0199006617063362 -0.00190180728959633 -0.018166849685813 0.0675952118906485 -0.059732913953308 -0.0544690748508096 0.111281656270518
201405 0.0144944461504525 0.0288789595503768 0.00697561373642514 0.0188217542405877 0.020390689647734 0.0175581685947836 0.118415366990256 -0.0325144193104503 -0.0249131278445532 0.11906612671827
201406 0.0147900854726353 0.0337248694016209 -0.00120072057651888 -0.000300045009001992 0.0257652078860264 -0.00164735728578808 0.0884358019958459 -0.0397900780558775 -0.0561111531531963 0.112183787095328
201407 -0.0189789665978029 0.0172503534065277 -0.0415514271582351 -0.0339705195711533 -0.0206109539041243 -0.04298677799196 0.0326698017173448 -0.0669888320010566 -0.0889543267374485 0.0710003264809208
201408 -0.00190180728959633 -0.0116678048676821 0.000699755114273265 -0.00601807232556302 0.0414298097631396 -0.0152463057255844 0.00930076730263991 0.000132871268708566 -0.0410809019973037 0.106893903916202
201409 -0.0412387480165975 -0.0399890082163633 -0.039052727263701 -0.0300469213522966 -0.0198966317144566 -0.0774564439032324 -0.0510646307295096 -0.0636131855632 -0.0858299467253939 0.00316306795568324
201410 -0.0165359686400995 0.00249688019858715 -0.0252152491410638 -0.0296348051296907 0.0248877155077789 -0.0826805702969757 -0.0621584127424624 -0.068616844496419 -0.0912029706043576 -0.00812141781343485
201411 0.00826574441703259 -0.0113643300790498 0.0245950468553801 -0.00571630699610919 0.0251802985302983 1.76005967925806e-05 0.0176617495481642 0.0194793026838458 -0.0227321416894686 0.041634409674552
201412 -0.0286052570103344 -0.0153167041118933 -0.0369752361248953 -0.0425943976324205 -0.000600180072032461 -0.0212320713785348 0.0219007546846254 -0.0242985635883083 -0.000650480607095195 0.0220384894381543
201501 -0.00200200267067308 0.0181345701954827 -0.00270365157431482 0.00707491367196198 -0.0315938715911786 -0.00480061529990912 0.0472667946495201 -0.00813846717733303 0.0345164011965287 0.000801974901012368
201502 0.0543934838303317 0.0444952398865513 0.0591176044830888 0.0659749889235329 0.0594945717856397 NA NA NA NA NA
201503 -0.0125787822068601 0.00737275432941316 -0.0226546905648062 -0.0179603253769929 -0.0112631922787107 NA NA NA NA NA
201504 0.0474559411562953 0.0443995872966845 0.0454512629039174 0.0494566087125925 0.00588266315815551 NA NA NA NA NA
201505 -0.00471107973011922 -0.001100605444033 -0.000300045009001992 -0.0123762710680554 0.0135083500247923 NA NA NA NA NA
201506 -0.0265493352335365 -0.0220411308768803 -0.028399474521698 -0.0331432185932542 -0.0154182527283806 NA NA NA NA NA
201507 0.00876150566857267 -0.00611868100817718 0.02557027611153 0.0139029051689914 0.015282623531157 NA NA NA NA NA
201508 -0.0641119454672443 -0.0720332028998316 -0.0630463017176353 -0.0507671170536532 -0.0623010261973793 NA NA NA NA NA
201509 -0.0464628744103409 -0.0510827902293161 -0.0440563861969199 -0.0354199452312603 -0.0311811174835747 NA NA NA NA NA
201510 0.0661622022536688 0.0823170424892137 0.062880898039201 0.0388360237851982 0.0746435429957657 NA NA NA NA NA
201511 -0.0129839275582948 -0.00712532494258863 -0.019182819416774 0.0163653540862642 0.00558437829390066 NA NA NA NA NA
201512 -0.0121738009317088 0.0100493358530014 -0.02081513971392 -0.00742751582879658 -0.0218366946091744 NA NA NA NA NA
