"V1" "V2" "V3" "V4" "V5" "V6" "V7" "V8" "V9" "V10" "V11" "V12" "V13"
199507 0.219390573782796 3.12023323893931e-13 -2.51674585740669 0.00137105219203698 -4.13960280617778 0.00599328624194839 1.88902631065938 1.12556943508898e-21 -1.41419179930746 1.54542182102723e-05 -1.80638471049959 1.04767988827459e-05
199508 0.218648543474176 3.8168839385778e-13 -2.51648560606617 0.00143216267640293 -4.13918561891151 0.00617434627619376 1.90141981312948 1.28571137694489e-21 -1.41377261131987 1.6206671352085e-05 -1.80815675747594 1.123079672749e-05
199509 0.216509140461663 4.68151743011435e-13 -2.51638348770444 0.00149504603690749 -4.14089128532757 0.00642451381861834 1.91185181873428 1.47771715003465e-21 -1.40219638524333 1.63306721350558e-05 -1.80101736122822 1.16977604394931e-05
199510 0.224381159727172 4.92720648550086e-13 -2.53405718874695 0.00157746585215572 -4.18716913445292 0.00739350333040681 1.91294801496894 1.89836640670228e-21 -1.41394786939195 1.84470143060669e-05 -1.82045485035316 1.36393301181626e-05
199511 0.226531305494304 5.7866866953568e-13 -2.52572133966515 0.00159617711867555 -4.1605193106685 0.00703912114103948 1.92015074649524 2.17413472885117e-21 -1.39457880948668 1.76794562480849e-05 -1.78955733030814 1.22768197782948e-05
199512 0.209701806740747 7.81587252632273e-13 -2.53146924426211 0.00167185588494054 -4.1480302180932 0.00677927375466012 1.90501252001698 3.33720088386443e-21 -1.40167335308459 1.91649378808619e-05 -1.78761918981758 1.27482545812298e-05
199601 0.20189772459418 1.0246341996458e-12 -2.53879522136375 0.00179879495481725 -4.1517076296709 0.00708787208358862 1.90002723082643 4.82785407922603e-21 -1.40967072390414 2.15146522951688e-05 -1.79428608728061 1.41765257131161e-05
199602 0.178447524134018 1.46618251916853e-12 -2.54663919704106 0.0019349732630272 -4.15541966929156 0.00740576262328703 1.90066854131331 6.60669841173262e-21 -1.41250097924859 2.35803324164344e-05 -1.79399335670589 1.53299110719672e-05
199603 0.161504973278159 2.06619013047506e-12 -2.55894785537374 0.00212015393950598 -4.16146629991827 0.00779479284678459 1.89181627604796 9.87327596829317e-21 -1.42448873823833 2.69203511513698e-05 -1.79822377737346 1.69074593334216e-05
199604 0.0776184233334254 3.81290674596136e-12 -2.60845372133667 0.00244519859473287 -4.18825143442156 0.00813170341539835 1.8684264818612 1.59351195463973e-20 -1.44398134581929 3.09939663627981e-05 -1.80275861932251 1.84824945391013e-05
199605 0.0434585704993551 6.06493034662417e-12 -2.62509282830987 0.00272184286329161 -4.20208304030349 0.00873744350302716 1.86554864486986 2.23274895351887e-20 -1.43605457062401 3.20226711160945e-05 -1.80267719354295 1.99335142654172e-05
199606 0.0965831493910052 4.55564886683121e-12 -2.62076836101555 0.00270027561594396 -4.20956614433754 0.00906818518793254 1.8669136894166 2.94926205837062e-20 -1.44080418343684 3.52478221762424e-05 -1.80188767556997 2.15907294773035e-05
199607 0.0381939908156492 5.20184820473865e-12 -2.74053463505108 0.00382950264845022 -4.32370788254701 0.0126054798217475 1.83835232520039 3.80225649970195e-20 -1.5173625109929 5.07263926306155e-05 -1.86827927298099 3.07689179709654e-05
199608 0.0508167960246331 5.49655431846057e-12 -2.73059029208687 0.00379213169484652 -4.32443788237988 0.0129972079160442 1.84294046637276 4.96178289098509e-20 -1.5056795811188 5.17676753683927e-05 -1.86329753080647 3.23567578851143e-05
199609 0.0444743670603209 7.05169567228679e-12 -2.73068700122794 0.00398311464183316 -4.32270238761161 0.0134659509282638 1.83141120824851 6.28323970204263e-20 -1.52160863473652 5.76274162067055e-05 -1.87957474222131 3.69281582861559e-05
199610 0.0739227131061115 6.72723827487653e-12 -2.721073386148 0.00401606630944788 -4.31412357909362 0.0135939541843043 1.84165561590425 7.60680940867818e-20 -1.51866716681073 6.10558173740411e-05 -1.88391491133224 4.06750394262553e-05
199611 0.0720616993572065 8.25222839227624e-12 -2.73805704213237 0.00441593353550363 -4.34215208777391 0.0151716804312553 1.8261002307067 9.86181820380048e-20 -1.54877636647404 6.8970321972604e-05 -1.94177608818609 5.1223941628288e-05
199612 0.126028687492163 7.12997623417931e-12 -2.69873655115398 0.00417083169678678 -4.27999722701571 0.0135696257378162 1.92821708433236 5.6006708435666e-20 -1.48996470018141 5.86934523396464e-05 -1.8667085061012 4.13010297372955e-05
199701 0.154513744292351 7.80461944001235e-12 -2.68065080484303 0.00435563653584353 -4.23639015591888 0.0131672853174578 1.94140400957428 7.47476229237036e-20 -1.45522624223262 5.73676974104578e-05 -1.84922572300046 4.4709119408555e-05
199702 0.22863171831311 5.70105747640219e-12 -2.62907498457206 0.00393063051152432 -4.22839601522378 0.0137840963727576 1.94356606826526 1.05193916286737e-19 -1.4327795212667 5.76515133484095e-05 -1.86468444558208 5.43547843785048e-05
199703 0.319881549503576 3.09193339775648e-12 -2.54582437503872 0.00297864309516871 -4.16116393196095 0.0115482135201758 2.05669682841246 4.90911075716464e-20 -1.39435262615837 5.24687183107857e-05 -1.77775001006235 3.90906126271673e-05
199704 0.368363418423734 2.63732571088263e-12 -2.47989564537046 0.00248809961560056 -4.09291730295831 0.00987651314683471 1.98190175025897 1.1788963149746e-19 -1.42172624313106 6.62990648497839e-05 -1.80521019524613 4.98986814361159e-05
199705 0.199483984601723 7.01725874923864e-12 -2.7429551709921 0.00544883823309073 -4.35999506447422 0.0198954703566229 1.72008184627206 9.99416709080321e-19 -1.67993231531198 0.000201579181856654 -1.99677172741777 0.000123835844990597
199706 0.189379141972246 1.21154177246298e-11 -2.81971515530735 0.00858936158955092 -4.53030751588783 0.0375940074335159 1.48138827513566 1.35756298752622e-17 -1.88655636972452 0.000610966698996045 -2.13674340320156 0.000288736810003162
199707 0.249104619907126 1.1447152854821e-11 -2.76208239567903 0.00840143087733451 -4.4005037077075 0.0316309055777933 1.26828717394154 1.34125071849069e-16 -2.08643871100058 0.00162441065143289 -2.30340658778967 0.000692677072701634
199708 0.260062472285894 1.32684724278356e-11 -2.727101506055 0.00797387324076849 -4.33826409981291 0.0280329323236765 1.609632796548 7.31643080557959e-18 -1.86761149189614 0.000690009115773468 -2.10922109534584 0.000315901944522845
199709 0.200776247782863 2.32143227665018e-11 -2.79231255175236 0.0101490531477594 -4.3813412870841 0.0327354242106276 1.5011840529947 2.01306034052958e-17 -2.0095588530145 0.00117620105634308 -2.229677441448 0.00051406055732289
199710 0.26103357915519 1.6197087140364e-11 -2.7209119770232 0.00767701562100291 -4.32905776664114 0.0277362458441931 1.63548193590335 6.25222245862922e-18 -1.8836941706426 0.000663943529001664 -2.13789051478479 0.000354102215330285
199711 0.241441467131387 1.89910388288413e-11 -2.7595280288301 0.00824045253887434 -4.37975186075867 0.0294849997111859 1.63934511619485 7.92204037363987e-18 -1.88350741112857 0.000700504718491886 -2.13578577158409 0.000372345721391219
199712 0.219345886363975 2.48211146929552e-11 -2.79463136057483 0.0092225151149418 -4.40451826908856 0.0320689667546167 1.6420438848903 1.03205856462045e-17 -1.8837509811479 0.000741770185984139 -2.14807017731153 0.000410405702472931
199801 0.208686224801202 3.14441110745684e-11 -2.79707357178427 0.00961453615606499 -4.4143752455666 0.0334154660193265 1.56908880696525 2.30043022553802e-17 -1.89307332163315 0.000831032827086973 -2.15365208447034 0.000456977273036611
199802 0.0712081085715077 8.02385786179376e-11 -2.95896644727798 0.0147430520330197 -4.60610104069521 0.0502111861233449 1.32791120636633 1.74469309273678e-16 -2.13464098924199 0.00199632927214882 -2.38624834466572 0.00107720597270066
199803 0.000664967573105191 1.61237148685409e-10 -3.04005460944738 0.0195870971264287 -4.732205217107 0.0692547297892153 1.2633310971038 4.87753354704796e-16 -2.30513308015341 0.00394282529715926 -2.6026304490703 0.002456016903688
199804 -0.0127431437484615 2.37350432592942e-10 -3.05412449501781 0.0221296827774282 -4.71920900796907 0.0728736043252033 1.30257614811934 6.67919848904358e-16 -2.30262885767867 0.00466330774349848 -2.54811130082664 0.00246858395804005
199805 0.115443903441681 1.37306919841262e-10 -2.91670439713863 0.0159615156705719 -4.61663628386491 0.0613203666326071 1.51990571099446 2.11138716884595e-16 -2.18101708997585 0.00361510629712389 -2.46699517004028 0.00216981802603808
199806 0.176299411966052 1.19257755971817e-10 -2.81746678895332 0.0123812814094936 -4.50782468259519 0.0489552374590352 1.41861157046206 6.51483256543306e-16 -2.15905833490073 0.00379855001495984 -2.43238793748533 0.00218617217400559
199807 0.320484226851125 6.02520549359563e-11 -2.66156118364844 0.00779727510166767 -4.32056860836263 0.0303362696612691 1.51087964124381 6.04627730150604e-16 -2.00685961953209 0.00265642154730176 -2.32941836221057 0.0017810628621455
199808 0.41327491162837 7.302163630651e-12 -2.69672925740823 0.00378530244416842 -4.38172605964922 0.0160432822469945 1.80395983324809 1.54840244997676e-17 -1.86412841931178 0.000606017713001561 -2.18450427192416 0.00034671476506205
199809 0.425279030430559 8.1691040830285e-12 -2.68835063260653 0.00385782101695923 -4.39427942964665 0.0171323876312537 1.76796272781731 2.52409490467465e-17 -1.86248166145326 0.000638896769586338 -2.18335222520201 0.000366849826952645
199810 0.274677148842706 2.77165456971656e-11 -2.92802635019633 0.0082861013594312 -4.67137250984118 0.0334649583622812 1.30242054040035 7.98117697109943e-16 -2.28999353147832 0.00270623869262092 -2.53358080666037 0.00121298711323979
199811 0.0975106127920733 1.06866135000081e-10 -3.11715139141668 0.0156520215949125 -4.85030194432177 0.0551113813961487 0.972312920130647 1.26778932517955e-14 -2.51534073292601 0.00629771765533184 -2.69064840703439 0.00233548285014933
199812 -0.0326805399509356 3.33903402333678e-10 -3.19855283631458 0.0224011369805517 -4.85269909530295 0.0627821673962713 0.541534653069675 3.81439058152012e-13 -2.605777349508 0.009935459938499 -2.76796374024726 0.00353221728458682
199901 -0.121413962282579 7.64915889361474e-10 -3.17790319447904 0.0236303294622779 -4.76987876176247 0.0563502135656234 0.389597516405604 1.97584132232284e-12 -2.56227980875363 0.0100244867452618 -2.70030696745658 0.00321057741525019
199902 0.050215649427543 3.75992776862611e-10 -2.95014574404124 0.0132511306968114 -4.60078066240799 0.0381544435798152 0.866609829677345 1.416522588105e-13 -2.41929480683287 0.00720986104792685 -2.56796591783146 0.00221574880319759
199903 -0.000277109828905608 5.93710576801033e-10 -2.96018127922353 0.0140205042560933 -4.59962945542332 0.0376390454531835 0.738792743032368 4.12299588498054e-13 -2.46280668152337 0.00837858815254644 -2.58408740482892 0.00239405613607661
199904 -0.215606547688973 2.37891176026918e-09 -3.15708555147856 0.021961452976884 -4.85381645844489 0.0569775096103796 0.752169842683281 7.10431835081077e-13 -2.72516254307853 0.0169707963416462 -2.74614752256428 0.0038385510428032
199905 -0.0585598525858044 1.79658095074308e-09 -3.08258291804717 0.021739820527266 -4.72571747929267 0.0515460684700397 1.24232118251557 5.67323532235522e-14 -2.35287605205639 0.00723205599031827 -2.49755955574362 0.00198170111913939
199906 -0.375928862939423 1.34387687619108e-08 -3.43742592176262 0.0524141854237298 -5.15367506122621 0.123204348276581 0.942213830260552 5.11031623073156e-13 -2.44217838301084 0.0103288577401345 -2.55485753179507 0.00256969951713238
199907 -0.387555802257977 2.4655879542559e-08 -3.45716579710891 0.0656520766269903 -5.19413408871092 0.156965891229641 1.11785705321884 2.98094806280452e-13 -2.36716385677054 0.00944859279106522 -2.52372510596168 0.0025711179845872
199908 -0.4079453495899 3.14531863454288e-08 -3.45434680932113 0.0668608086590552 -5.1857948888397 0.157724449242356 1.11530676143635 3.86774230447341e-13 -2.3633761261985 0.00957854705055189 -2.52316937323083 0.00269254247092646
199909 -0.416450428545767 3.75869734973241e-08 -3.45622611547158 0.0684229262583429 -5.18225790147131 0.158784612364535 1.1154398611229 4.88409176759663e-13 -2.38894013742625 0.010578955991799 -2.54434553586456 0.00297468563554889
199910 -0.435213885208974 4.80402568908535e-08 -3.44230600561992 0.067872387405311 -5.15452544017172 0.151220933129544 1.08656295785048 5.38059600730397e-13 -2.36363650394746 0.00994398663981645 -2.52809461371619 0.00291069283947605
199911 -0.506315991073958 5.90572547835504e-08 -3.44543707043734 0.0684694502985077 -5.16005639023887 0.154497741328248 1.06597881089394 5.74377572077268e-13 -2.33774612401934 0.00962980840764478 -2.58331635907225 0.00349970904818723
199912 -0.861779703387633 3.70461859301655e-07 -3.60211756661251 0.0943726199176348 -5.17558214956237 0.161425909917542 0.7345077303888 4.27719606002766e-12 -2.42013908968359 0.0109280155135499 -2.55864606906069 0.00332562623558875
200001 -0.88915340065534 5.59088404793062e-07 -3.57348904336665 0.0903762228459616 -5.21824444266945 0.175747866226209 1.02220155371014 6.80731185413173e-13 -2.48522312699861 0.0114635918873435 -2.81777260884446 0.00668563752236194
200002 -1.32798224956538 2.20627370073177e-06 -3.26254211576618 0.0406383142973589 -4.89103199368421 0.111098059518245 1.14728493229413 4.45452204293e-13 -2.35588160960656 0.0113681470016343 -3.20259982227378 0.0283714348583147
200003 -0.0962425759645447 1.36809977711936e-08 -3.10524887338899 0.0297036630861453 -4.78089398110613 0.100975264417735 1.44982016547501 9.48920605459906e-14 -1.40813282092784 0.000987697996533131 -1.68117658080993 0.000893493777559459
200004 -0.0717096227349723 5.23764039067217e-09 -3.65174658381195 0.086716541529499 -5.5790341722372 0.414100233584792 0.900258485766459 3.99780947543576e-12 -1.89274717068393 0.00688468291654508 -1.77958830865899 0.00361407861259317
200005 -0.568253802189966 1.87475385521104e-07 -3.78105487083555 0.161183372973661 -5.43982689311451 0.469845904139364 0.31712497733104 2.64521040044175e-10 -1.87611169596877 0.0104145707436124 -1.55257730201448 0.00311981515605912
200006 0.029098690690188 1.47534101404292e-08 -3.21798107986653 0.0594421675952997 -4.86778888529213 0.223862334628163 0.740378421233501 4.19246330848744e-11 -1.78802193286414 0.00975494208361203 -1.47550131985199 0.00304167274105719
200007 -0.0677697635058871 2.20166288165881e-08 -3.25664588804069 0.0630202797685788 -4.91563297436053 0.240793839246852 0.548582867625724 1.15964087537125e-10 -1.86536752594633 0.0126783009760708 -1.42064579169396 0.00290013778638546
200008 -0.148644500611894 3.73990517736204e-08 -3.31872185961661 0.0711137025958878 -4.94299872462713 0.247423305646268 0.569709940293961 1.04179736684687e-10 -1.8173896641515 0.0114122292505196 -1.36002456678128 0.00254331750741122
200009 0.4135899233352 2.33647892230731e-09 -2.99787917904268 0.0379598596942016 -4.81625761931213 0.21113834800737 1.05395895112655 4.22810116892285e-12 -1.75642543671912 0.00986214968668702 -1.35536985540903 0.00262465089771509
200010 0.819965919092569 1.17468217520087e-10 -2.82895356199766 0.0241278325814717 -4.68919838141368 0.169957305160928 1.07394041490549 3.41824509031025e-12 -1.75557432982312 0.0101977730180753 -1.3599262469888 0.0027954260221087
200011 0.699298457200626 5.27815365813355e-11 -2.83571127305591 0.023112451207685 -4.66859371059869 0.166266447681593 1.07843774389412 9.92707273734396e-13 -1.70646185577454 0.00871309425896098 -1.35110859010432 0.00276717603783703
200012 0.744601272415424 6.1874485735702e-11 -2.80414974383356 0.0214939739463214 -4.78421738996526 0.194488975055245 0.931071018506568 2.58354067981587e-12 -1.74459882411155 0.00950321780070122 -1.37934403734599 0.00290380412731595
200101 0.745726049008821 6.23481465257804e-11 -2.92267762009797 0.0305016353835 -4.86854405122268 0.248604225692776 0.937564133661783 2.86107401502729e-12 -1.70556895709248 0.010041072428071 -1.32346786948503 0.00289839109487617
200102 1.32858187232685 1.35229415468623e-12 -2.38093322393607 0.00960626042874542 -4.67543734809595 0.229720375356718 1.71305133837323 1.44722892167825e-15 -1.1532093841758 0.00248727064438027 -0.988475862673499 0.00124512699466015
200103 0.535894503023204 6.37334023982478e-11 -2.40108304827031 0.00894107962680534 -4.3098849423846 0.134049945039871 0.0934192256680011 2.29355845905318e-11 -1.09075748873024 0.00182052120394024 -0.89830679173486 0.0009521502439429
200104 1.26311030031478 1.72306627038649e-12 -2.29169078930322 0.00620011800094805 -4.66176200796811 0.230831406423891 2.54979171942069 1.96618320833875e-17 -1.06211613718974 0.0015786671770573 -0.980672291226781 0.00124721765381063
200105 1.26860927759577 2.23774176228987e-12 -2.30521492638693 0.00699769721680913 -4.72776363525975 0.286853607834893 2.39709795688499 7.76020031536481e-17 -1.00282260065563 0.00147298965717528 -0.926800618229362 0.00120545890832972
200106 1.11104217062999 7.12143710527209e-12 -2.30476083032043 0.00752895576840995 -4.60163887280649 0.275940666483689 1.9740394932907 2.34254692231741e-15 -0.923080409618526 0.00121875228496597 -0.833089992950886 0.000990623042293334
200107 0.545917283080877 1.67601276949863e-10 -2.21295350624049 0.00574890777718924 -4.32711821734024 0.200802215606258 1.76473715845156 3.09557670538842e-14 -0.923265567098541 0.00126416704917327 -0.778122367855349 0.000891339672440375
200108 0.220921367942062 1.64255907096304e-09 -2.31622919080481 0.00868410154814642 -4.32880690026318 0.20621296075973 1.10462219339093 1.84161645442475e-12 -1.10386159238505 0.00230808408791853 -0.886671839465647 0.00127829545884308
200109 -1.08296795864729 1.1492906054269e-07 -3.05084650367518 0.0260891852324332 -4.61117523984587 0.218066387607984 0.354790913055003 7.94995974207035e-11 -1.55236104516843 0.00536095326242585 -1.11541844727687 0.00191289841632501
200110 0.157477897162295 4.78649900329358e-10 -2.44542407405408 0.0077346819199917 -4.46365453428192 0.184535159034766 0.889372515146403 8.61576704817871e-12 -1.36988126702975 0.00395434870430472 -1.1117059431963 0.00214472038036514
200111 0.610037225961257 5.85975507567481e-11 -2.16090106287594 0.00388873491232102 -4.37851975909749 0.163880228907743 1.3013088297438 7.88049313400375e-13 -1.21214043123858 0.00269498031410075 -0.94283192772231 0.00130845874648369
200112 0.726666942040211 6.35219168689787e-11 -2.0336737049254 0.00334243077535897 -4.32788098086603 0.158591462707383 1.29132846801371 1.39428818101565e-12 -1.1445078550681 0.00257789846507804 -0.885157814456883 0.00120984652527244
200201 0.41963427621563 5.27056169482708e-10 -2.1695697093854 0.00555408520044223 -4.32630168232655 0.164492090398495 1.05398475456785 8.19346976463664e-12 -1.34789968854667 0.00484567635788534 -0.998984496151323 0.00174672177042306
200202 0.176715973274422 4.22260112201044e-09 -2.2006879825603 0.00799346281764077 -4.22279233854264 0.148905076622932 0.952794198637275 3.19562278985444e-11 -1.30827651093599 0.00550126469398713 -1.04912513914683 0.00228428792141817
200203 1.00390017502622 1.66856219550843e-10 -1.54225016125364 0.00173594403668628 -3.99091961357989 0.101850886777534 1.45327678504393 4.40256686628725e-12 -0.859002871306869 0.00186282448293918 -0.872657963628654 0.00152520851759935
200204 0.928000494813752 4.34114110691259e-10 -1.43131691146194 0.00145448042990772 -3.95905592839458 0.0961214567491169 1.04769264424588 4.12016695735897e-11 -0.917189733182022 0.00238748403524698 -0.909824389849789 0.00180783698943608
200205 0.95959350985988 7.44952016084677e-10 -1.3777696247012 0.00143556069380746 -3.95893146155406 0.0974536059457533 0.975630272896044 1.23558374867657e-10 -0.849816986484719 0.00225291605388897 -0.88216100918892 0.00183254955190453
200206 0.52863177355067 9.10620411646509e-09 -1.57082232951813 0.00261907542269411 -3.9575971364167 0.0979999537858575 0.263662546623844 4.5567891603384e-09 -1.08879865355358 0.0042477955468941 -1.04768224535456 0.00275494597487812
200207 -0.422024443123581 4.6537063097343e-07 -2.20980741757275 0.00970080199369979 -4.01277226097518 0.0827271376812834 -0.600866685405621 2.34011213259883e-07 -1.77532186282445 0.0171123326987537 -1.51334499999989 0.00764404399728429
200208 -0.463160026077336 6.8247666285295e-07 -2.21715293767635 0.010477533254764 -4.02044517801405 0.0854009782182229 -0.637510023320531 3.26118343673043e-07 -1.77146416587213 0.0177261812483147 -1.50999028537433 0.00791126218188113
200209 -0.85049499759573 2.1597559603974e-06 -2.34895894066098 0.0120277136421292 -4.03644381698713 0.0775391824610944 -0.992654940582205 5.31380293697442e-07 -1.80440262617834 0.0126078423145212 -1.33477982852144 0.0035105376466059
200210 -0.620790488546841 1.15324502770171e-06 -2.29379689234914 0.011597105436453 -4.05440516525946 0.0825171591605876 -0.320876051049179 2.39462943823865e-08 -1.48711030832862 0.00619673163472687 -1.17032180528078 0.0023776264454664
200211 -0.239014164242457 2.67084085128781e-07 -2.00455544181755 0.00597569690036559 -3.90258327197557 0.065822245122122 -0.162204305921065 1.23002777499456e-08 -1.32852998580433 0.00416206981974318 -1.06581325437758 0.00172533460898101
200212 -0.46642346484187 8.01135383617333e-07 -2.10200159082206 0.00795388645694643 -3.91137189417121 0.0695347843838012 -0.466609358273651 4.05046140763225e-08 -1.4361443412932 0.00542115136531399 -1.08858955995939 0.00186468610285941
200301 -0.464008463129439 1.31541121643106e-06 -2.17692265841936 0.010999684941303 -3.93485782493417 0.0771044527821061 -0.776190424243994 2.11500786989964e-07 -1.61358761377464 0.0090408234364376 -1.18152315673239 0.00254315391673038
200302 -0.615698124943886 2.98410514146611e-06 -2.22347629706634 0.0133322209165918 -3.94327750470651 0.0812927661107413 -0.895062222199239 4.49529468375569e-07 -1.71088693528623 0.012054655379924 -1.24266898607712 0.00313459178318029
200303 -0.569328142120407 3.37909916655463e-06 -2.21090053263358 0.0143200462195183 -3.96269258870214 0.0874256326085657 -0.831719522510133 4.70320959954299e-07 -1.76046574096707 0.0145875597995616 -1.27932239062176 0.00369159442209033
200304 0.149144750947505 1.85768094315012e-07 -1.76346039329673 0.00479605225953623 -3.73586221388174 0.0555530573606697 -0.165929680588084 2.45476220933573e-08 -1.24111609590565 0.00388003414559257 -0.985279033563957 0.00152821769132023
200305 0.583800414943925 2.15509788309035e-08 -1.59701223471911 0.00258450796771284 -3.73542684416572 0.0472703598592407 0.0635008518132141 9.0316299671854e-09 -1.12381248830102 0.0027053430579963 -0.96907356770739 0.00133863235233975
200306 0.711100961303945 1.42940045777448e-08 -1.59872839599298 0.00268242613936631 -3.79936506379437 0.0524178080434757 0.129278921271248 8.70531300326224e-09 -1.10601416734293 0.00273161174016288 -0.981451245905829 0.00147840451664195
200307 0.919560919782991 7.20374433263646e-09 -1.51574459818695 0.00224105831459286 -3.83622281811662 0.0547535239983066 0.203045439301774 9.05675583896134e-09 -1.01685901624831 0.00232152653499178 -0.970275800757592 0.00152202786992423
200308 1.01504007632186 5.10693698704454e-09 -1.30285777691592 0.00138663359670648 -3.56457902895759 0.033672400423017 0.213589145520621 1.03029010884058e-08 -0.948511285815301 0.00209997718081001 -0.911944281948451 0.0013999281591848
200309 1.14713261066516 3.31069709366426e-09 -1.10833036283287 0.000964020856969796 -3.34071670845983 0.0239245528900336 0.237088885872472 1.14888539940719e-08 -0.914989152858414 0.00214791714842201 -0.901448949221306 0.00150390252424134
200310 1.34011144100922 1.37234799671847e-09 -0.718014140017331 0.000342732789294627 -2.97943721463136 0.0114149066176351 0.33814333440062 8.52232256912119e-09 -0.574364378213099 0.000857527949895898 -0.649866096188911 0.000747707708676391
200311 1.3344917419415 1.76883962389388e-09 -0.667968352179837 0.000327753414487024 -2.93970085232991 0.0113358821496644 0.328743893853201 1.07852149596576e-08 -0.561427183506802 0.000891997018868309 -0.643632750282119 0.000791777501860655
200312 1.33466154125863 2.04069736594304e-09 -0.548730598793568 0.000248821843917702 -2.7609946696447 0.00807245243888331 0.345241747294833 9.24561743240667e-09 -0.474568437206258 0.000692451086458963 -0.605233999398913 0.000702842808622077
200401 1.31720517592466 2.56038548844622e-09 -0.471539694641665 0.000209509588313827 -2.61295434402522 0.0057709985989589 0.327092792795414 1.21116590013644e-08 -0.478852580421396 0.000756329311088766 -0.634141193440674 0.000812159512028953
200402 1.29103297254144 3.6772282452068e-09 -0.487774284182207 0.000239523157118436 -2.62149851485618 0.00619033196099618 0.291467286950076 1.76206262335299e-08 -0.510213805162119 0.000885461320237334 -0.667758279464947 0.000973448820027054
200403 1.17063181197742 7.2453589650675e-09 -0.514524239558511 0.000282409519206862 -2.65043410813945 0.00680897109132624 0.375960688369559 1.60987929880308e-08 -0.49276752746783 0.000930483151720162 -0.600182290827878 0.000909137087867985
200404 1.31355502809193 5.34891789304962e-09 -0.390209129408081 0.000212675276742279 -2.46253761610249 0.00452558299837934 0.451035657991716 1.50284260613832e-08 -0.383083557172981 0.000729986193030691 -0.48712515394107 0.000728958813417961
200405 1.3973196839197 5.03385683602678e-09 -0.386211972706252 0.000232590240021619 -2.46985660232701 0.0048335539845734 0.446998040906477 1.93377380410371e-08 -0.384568224758541 0.000796047274782859 -0.489065389677923 0.000799109456331631
200406 1.2960093177577 8.89071551417682e-09 -0.409009063601795 0.000260458523094246 -2.43344651068031 0.00446847921380398 0.413844275486441 2.67341202683768e-08 -0.388183340122383 0.000866401346862284 -0.505015427594979 0.00089471119176974
200407 1.57925460674592 2.79350424860841e-09 -0.258894876197813 0.000169898085212291 -2.32533127849408 0.00346659151937592 0.540100427929036 1.4571671008192e-08 -0.363529100236248 0.000852580393654605 -0.453287930437996 0.000831066333223291
200408 1.63108047835799 3.0056576147962e-09 -0.253396782199578 0.000185559821073705 -2.32659299719444 0.00372077474510165 0.579600499990651 1.65497952388356e-08 -0.366491971647553 0.000936594166339253 -0.454586455262085 0.000911770775974065
200409 1.42648883550329 9.4149120575659e-09 -0.373524505355349 0.000283411300338351 -2.36875934688772 0.00429786035995925 0.562179929379081 2.7698859891583e-08 -0.444653155957653 0.00126797783492034 -0.5380457008898 0.00123933671643401
200410 1.24559698676781 2.97272421517726e-08 -0.516396559967336 0.000482126895622078 -2.43375346227834 0.00533396540998086 0.438499563036154 7.3637508691125e-08 -0.571247547623055 0.00196066452828263 -0.624541101735177 0.0017364352395779
200411 0.757025798497724 2.07355467377348e-07 -0.907995537564688 0.00123759674070036 -2.72326212816947 0.00883188385420508 0.098714018213697 3.2000347438344e-07 -0.82177707176454 0.00358942745873461 -0.880983235069577 0.00318840761185658
200412 0.565213784445362 5.76212953193365e-07 -1.11054535002744 0.00227493957390903 -2.92390043762942 0.0140271657391532 -0.197910326324102 1.1042071762675e-06 -0.981753675271557 0.00557051976376003 -1.04101779654369 0.0049563348446713
200501 0.675695155535394 5.68131397237583e-07 -1.01254946864016 0.00213936263285348 -2.88335429160405 0.0145989860735837 0.105771992999648 5.04722455461395e-07 -0.821028843293914 0.0043646075880458 -0.916031038259679 0.00424470129829255
200502 0.541560869220581 1.18561288675425e-06 -1.12880825564503 0.00310910116070826 -3.07647106093338 0.0219238795734538 0.0096293829423888 8.72182768335774e-07 -0.937311503896021 0.00587100806739644 -1.0100644375818 0.00559775337724618
200503 0.987623653371794 3.90538439028674e-07 -0.820791945463251 0.00190883041638205 -2.83925299280605 0.0167898151451293 0.265196120063993 5.15802556428537e-07 -0.693804244864027 0.003969914244803 -0.853365867196354 0.0046157005185081
200504 1.41670079667998 1.26719162949287e-07 -0.423186925863184 0.000884451439008082 -2.474813935389 0.00964989249148461 0.493665725976256 3.24383395471078e-07 -0.466380788047771 0.00266267115876705 -0.639122562883787 0.00327008911905613
200505 1.47935214281248 1.61319509028188e-07 -0.459166701069735 0.0011725437369278 -2.37526573516771 0.00946365160456156 0.383748086425695 6.51850612322673e-07 -0.468114605903946 0.00301698859404946 -0.688874982606991 0.0041077496840344
200506 1.32873981826743 4.46579068641502e-07 -0.647158117096591 0.00227635721349281 -2.53805856740132 0.0151994780408223 0.583154944576025 5.47993571357371e-07 -0.55130104007135 0.00415494192940595 -0.739670024675387 0.00531112958422649
200507 1.05082859252073 1.49906894181516e-06 -0.962810648620471 0.00500985596696887 -2.77279215179389 0.0254428095477759 0.349090786882655 1.42133578271425e-06 -0.680536927799014 0.00589983924381891 -0.896288071215712 0.00794472225394775
200508 1.03687727685083 2.43566243697758e-06 -1.03267025229885 0.00670549492153106 -2.79962999635628 0.0288418470137323 0.364266334422692 2.12021542597822e-06 -0.680778164371532 0.00671524400736197 -0.90815993743889 0.00906592076987909
200509 0.978516351679948 4.17126745424873e-06 -1.11637549289207 0.00886595445190518 -2.83886826567783 0.0327893556513257 0.292050641026165 3.74655216846123e-06 -0.778765773177525 0.00884315275574773 -0.96846408792679 0.0110840158001853
200510 1.40072011068174 1.73757744968394e-06 -0.78691873397152 0.00546170327214878 -2.63646848737904 0.0253202945056153 0.630375949700912 2.08631535388277e-06 -0.447064914063455 0.00517869181735018 -0.758363183292432 0.00833388340524233
200511 1.14776101428113 5.79534408595537e-06 -0.97258249019021 0.00907702278567571 -2.6993070612173 0.0304315992321448 0.407642151420939 6.38503979244077e-06 -0.633569678231005 0.0082711284444671 -0.842658258120266 0.0108983560703569
200512 0.669604605311103 3.06325428578221e-05 -1.17390986357369 0.0148726895169258 -2.86141368296777 0.0410172952838419 0.265963807386471 1.52176946415682e-05 -0.783850211383763 0.0122488120537618 -0.888258246985063 0.0132109542184533
200601 0.152128132845486 0.000137515289949139 -1.67369972165523 0.0331255041433523 -3.19994692566048 0.0640074648528963 -0.0229409774442635 4.36397486477432e-05 -1.0256066351727 0.0195920441398328 -1.09839686037656 0.0196957336745739
200602 0.453965026800329 9.0811154018633e-05 -1.54607321821434 0.0309984030830748 -3.08092610157302 0.0586044475152808 0.208013155068376 3.35912020634921e-05 -0.955690568315282 0.0195334990562198 -1.0511445085116 0.020039203294489
200603 0.205193706644324 0.000212446010038361 -1.8055057763892 0.0483437737468276 -3.26032315072069 0.0764585214150083 0.0583167738943069 6.38348052039624e-05 -1.03987964849448 0.0242297009116939 -1.11861290302266 0.0240525906317025
200604 -0.0131956292419355 0.000459448916681479 -2.00176485790062 0.0685560730309189 -3.3811829153761 0.0933128329361723 -0.0568189093014482 0.000113307170259843 -1.18812856696031 0.0327264430653635 -1.26404342078545 0.0319222234872713
200605 0.672655233148245 9.85059348883862e-05 -1.58309179642586 0.0393073493970005 -3.09358291185178 0.0623930894690298 0.340513681760024 4.97251187414524e-05 -0.907619334418452 0.0218939956293992 -1.08035235213169 0.0254575414648212
200606 0.987385992120293 6.08633497415506e-05 -1.36768649850341 0.031880309403208 -2.93027030799422 0.0528269853509034 0.42870545060939 5.31691619654764e-05 -0.833846502838664 0.0212816432925704 -1.00105319504844 0.0245304220717555
200607 1.5516734199865 2.12641807396679e-05 -1.01049803149325 0.0213607512367516 -2.7366303899713 0.0434655121428114 0.783326106594195 3.2735609138608e-05 -0.818816592517657 0.0233871989360383 -0.994875041988608 0.0269197933206527
200608 1.54754531011272 2.43944111635783e-05 -0.992985077022168 0.0217710032022067 -2.70308814645002 0.0432744996886171 0.746284615198245 4.04879992594563e-05 -0.814563238363308 0.0241996632559246 -1.00066880988088 0.0284141865347901
200609 1.57167906154642 2.74126077496586e-05 -0.975651486454843 0.0223208630045197 -2.70590846051726 0.0451903011826078 0.732903969120702 5.09112327122809e-05 -0.814311741853868 0.0255830590911956 -1.01330991637223 0.0304555000701574
200610 1.48675999460358 3.73742466293296e-05 -0.996594529474848 0.023639988296927 -2.6899122970623 0.0452866710601815 0.598812414591166 7.8176146036935e-05 -0.852395520005222 0.0279553396712416 -1.05017160579786 0.0332259300830122
200611 1.41844529595224 5.09359247157794e-05 -1.02478284094563 0.0256810760668293 -2.6943360696488 0.0470547797934607 0.525827369069831 0.00010891954435753 -0.896264787377188 0.0310149742524841 -1.07980065631679 0.036174488707471
200612 1.37996631407786 6.49886004547161e-05 -1.0325910342925 0.0272991610849866 -2.69131302358501 0.0486840716946407 0.522006012417164 0.00013002819782262 -0.932522705225702 0.0340117651881625 -1.11129071248213 0.0393530251105723
200701 1.35725665578956 7.91703659484948e-05 -1.03628301337078 0.0287778550468024 -2.68378197739856 0.0500023293895311 0.48798806676682 0.000161378174428953 -0.933195200015979 0.0357220645373517 -1.11552047328991 0.0414418139150479
200702 1.35498837486122 9.40254456820457e-05 -1.04378015544668 0.0306352921191696 -2.68570650670392 0.052230921602538 0.573809441504425 0.000158206180292483 -0.905062725168038 0.0362242708340269 -1.08077362246251 0.0415024645421586
200703 1.3090270290222 0.000121544233574881 -1.07183926747851 0.0333928007695865 -2.70298127927113 0.055329449310234 0.523271648142487 0.000206392838448815 -0.950446791626369 0.0402047892804649 -1.09377399736545 0.0443049864087692
200704 1.22520449453828 0.000167596567832643 -1.13557973378418 0.0377375390374432 -2.74095770808851 0.059623693732457 0.346317918789962 0.000327451325838541 -1.05429287934173 0.0471025347497382 -1.16140456263893 0.0499380696312239
200705 1.19921150038804 0.000208757785704355 -1.18040635064851 0.0420622875906842 -2.76718939879483 0.064067015820937 0.23199683266848 0.000475200660390802 -1.13308977919542 0.0542594810256178 -1.2025697123655 0.0550270367694141
200706 1.24077528265911 0.000225539415924554 -1.16089483227126 0.0435477758401237 -2.75091476209772 0.065953181963971 0.295662995076407 0.000491021745885667 -1.07124771118283 0.0531321436048374 -1.1361435724011 0.0531654056252772
200707 1.31261547733283 0.000221324807389845 -1.08503232583692 0.041356357085022 -2.67352539992969 0.0620574344726309 0.352110739473299 0.000499699017610904 -0.975190826050332 0.0489007326294353 -1.04485734128341 0.0486993436081884
200708 1.29321987119667 0.000244796653313944 -1.09243543684023 0.042182694310722 -2.68727872728476 0.0620757724899583 0.352429756933859 0.000564658944118122 -0.977841794672329 0.0510969788161279 -1.04000250353482 0.0503743433875912
200709 1.34297706755637 0.000245191150194854 -1.08470648701029 0.0435522448723984 -2.68530884889364 0.0643762605334483 0.444137988157878 0.000464219251618437 -0.968711332932215 0.0514518780147864 -1.04001336165809 0.0517608447447442
200710 1.51320390019632 0.00018050440310286 -1.03970973413399 0.0426332838084432 -2.67245280578032 0.0659251361281631 0.545998366559264 0.000410459516335078 -0.939010001791396 0.0513341568254857 -1.02668783864641 0.0529873376884845
200711 1.27749729472968 0.000267105289771983 -1.20819185928174 0.047201202000547 -2.76486218963878 0.0652893734907198 0.41728526653565 0.000571728381544132 -1.01868148515813 0.0560989599189636 -1.08076650511133 0.0558907947257867
200712 1.15145062562141 0.000390943371148532 -1.26958570759754 0.0530083013843582 -2.82460269189724 0.0713667596791223 0.333768874498686 0.000763167994878045 -1.0667638717901 0.0616809121253684 -1.11165436731702 0.0602629544117035
200801 0.622235510231184 0.000823844892599188 -1.6401416822498 0.0696827493288568 -3.04635476853572 0.0821817479702074 -0.186072717167218 0.00145982813096771 -1.33224678989023 0.0755603356450252 -1.28846368507909 0.0700967674260704
200802 0.787833350219114 0.000731609788634156 -1.55778959408315 0.0677651754178007 -3.0004645754683 0.0824235611584251 -0.161683177825278 0.00165500430305309 -1.32993788836939 0.0796744924823398 -1.3542490405978 0.0784988167230956
200803 0.694504402905061 0.000961203750270834 -1.60672382610287 0.0741155241035356 -3.04135730555952 0.0885752725222845 -0.235225204644895 0.00206174869044612 -1.36744429144795 0.0859517530335053 -1.37052883673894 0.083229212156396
200804 0.79851696135147 0.000916401991475806 -1.52979887633711 0.0707298144825096 -3.02363795251561 0.0904854710277749 0.0442978115849924 0.00131220881391006 -1.23650517345513 0.0756127846209231 -1.28500200626842 0.0780785445286406
200805 0.943500620670579 0.000801269579463623 -1.45096240515321 0.0670050841837898 -2.9821957775567 0.0897754922596722 0.14157075199428 0.00123644569197617 -1.20803428662195 0.0764258720702354 -1.29144116723532 0.0820059680879546
200806 0.544127269080852 0.00149310686106711 -1.63765976402843 0.076269358885839 -3.12159738422741 0.0940911240749181 -0.246655341336588 0.00212860652904962 -1.46913882904227 0.0880082829422814 -1.60294404658483 0.0977599516767357
200807 0.205144622099052 0.00301968151923435 -1.8171484819864 0.0950603524450128 -3.25623701940128 0.11065257995551 -0.59576632771261 0.0042801397375226 -1.77419899096212 0.122531431473763 -1.66908624056628 0.111454899321747
200808 -0.0154986331740048 0.00484290299331488 -1.95281411997708 0.112671102560747 -3.35565527464916 0.124629329269822 -0.728817553888295 0.00614442616560801 -1.95416617708191 0.14935753047542 -1.76943965216549 0.127339366518725
200809 -1.43469279286221 0.0188738870657184 -3.19930672542659 0.224261010204166 -4.37258748841653 0.204507147243757 -2.46343033542451 0.0268760024617411 -3.18827034430353 0.292817823195801 -2.41566689164432 0.193510775373564
200810 -6.76258626830779 0.305601612918817 -7.88781867681749 0.997041482836621 -8.29177590564534 0.721422824488015 -7.3242131704188 0.396471596062896 -7.07201789298357 0.933713729706049 -5.19656567295366 0.539104348278458
200811 -8.29864590668761 0.663022668521771 -9.62744250502956 0.505114342889155 -10.1743892577077 0.720815750532503 -8.42406049532012 0.68118229495745 -8.25716965969245 0.57543583761461 -6.75737261757368 0.970015514331954
200812 -7.77239920823773 0.495344514308147 -8.71257405341515 0.755226366352298 -8.84996585337936 0.893709095020541 -8.22613183115082 0.613253443134279 -7.71838516532435 0.730630176037024 -6.32361356021007 0.856531039055848
200901 -8.20237484155517 0.580769230381562 -9.80199136989586 0.505636295494186 -10.6469416823732 0.658596917567553 -8.60048410696479 0.649334897052423 -8.95488931436064 0.50124036409424 -8.12241991920482 0.719680760933853
200902 -9.51080859426055 0.882065737862208 -12.1477051344976 0.149501926481865 -14.8401249668741 0.0769476371093547 -9.87282797929248 0.894951553594174 -11.8243712082364 0.119747403454276 -11.7179412357312 0.126921000249607
200903 -7.9099127600067 0.448467238341862 -10.0139797813712 0.442576533790436 -12.2782778406205 0.275419876369226 -8.35264801649047 0.452424443028758 -9.32995997403143 0.461629207789638 -8.50684521974125 0.633471777019987
200904 -5.12848544534561 0.0306531934433754 -6.49209422805903 0.476059576974847 -8.03406496980961 0.614367590688011 -6.68766661723919 0.132802843501677 -6.33332249662628 0.640209253361785 -4.27686376665626 0.194812856743023
200905 -2.82622371706212 0.000715710505178627 -4.10593394208782 0.0831769445703746 -4.78673829845224 0.0715425901205116 -4.85119815581765 0.0169886962200179 -4.02801565081921 0.145144810891837 -2.06591113998515 0.0282978168636861
200906 -2.16543698067979 0.000331006241898694 -3.6552550171691 0.0678916514126729 -4.36149666942867 0.0651333162522192 -4.61374375815691 0.0163144176450604 -4.27264537248622 0.195259415539019 -2.1990526761601 0.0398857710860657
200907 -1.07394829079983 5.2771746353263e-05 -2.09440800364988 0.0142674048016623 -1.95546569585143 0.00456532603054775 -3.34301763984235 0.00316450816906791 -2.35690569566251 0.0332689308352318 -0.121644847642322 0.00307207654704631
200908 -1.55919806685076 0.000151670160134444 -2.69853424042321 0.0287950469661033 -2.78408763956113 0.0115081115133629 -3.53706027087206 0.00485750361033899 -2.77165903701735 0.0533776007295383 -0.830541262524176 0.00739326008647585
200909 -2.47289504804484 0.000635562868007639 -3.53849205699037 0.0652920947787711 -3.83766475382266 0.0354960232861442 -4.10396320555551 0.00972145142723208 -3.26220664559305 0.0863750120367411 -1.37614832904622 0.0155275279450861
200910 -1.38934966290094 0.000223358219841094 -2.38173256272964 0.0300961299722467 -1.98818500489177 0.00739840703191803 -3.58684772475202 0.00750720223479723 -2.3970351663638 0.0504505563112001 0.131336573688279 0.00338537701263446
200911 -1.45163628228397 0.000416055936749801 -2.27519429019651 0.0357831056283558 -1.85415934610964 0.00929828774281602 -4.64751807388661 0.0243929072397195 -2.93541459731699 0.0908029871605455 -0.0534468036230251 0.00564237259185171
200912 -1.65919649796147 0.000898825519411517 -2.63140380947371 0.0633927375546401 -2.17475664948996 0.0195977182804255 -4.69175371043185 0.0330329129073843 -3.18501837613223 0.13115588032221 -0.130398090109307 0.0084428280583096
201001 -0.926276567383399 0.000518388084790825 -1.68823751029152 0.0362549264137849 -1.19612749466669 0.0110271494394703 -3.50332006606981 0.0118316528865377 -1.7314316101039 0.0451128792947143 1.17136728607973 0.00210909626885938
201002 -0.983501338494697 0.000791186019315164 -1.63203492394628 0.0420502463977445 -1.18919314706001 0.0148309610303374 -3.61465020581555 0.0155225616498847 -1.72340705004734 0.0505084074293207 1.16964875182211 0.0025956367843325
201003 -2.03774907435443 0.00388999372906122 -2.91503401543263 0.133307606394314 -3.11063787300785 0.0956398905463611 -4.62330608688128 0.0418722152586373 -2.90258597465138 0.128766184981366 -0.0439173508902657 0.0107184444378682
201004 -2.59079048165947 0.0107090463218906 -3.44149987514093 0.236341367007807 -4.10421192838764 0.256987851855377 -4.14963074292596 0.0362738429992347 -2.66602201241384 0.133776647026591 0.479617006041189 0.00870130986323627
201005 0.330427795151189 0.000260319354116506 0.144968415062996 0.0123594894420619 1.90036601485405 0.000711594871130785 -1.83329557760978 0.00184570216601099 0.24981474500898 0.00690662197775724 3.50980763743256 0.00011176347135101
201006 1.02914379695204 0.000150751672577883 1.1359626119155 0.00561072738433321 4.02265065729699 4.27341559716526e-05 -1.38384973224999 0.00130803936841575 1.02471013383305 0.00305572959277318 4.34523051128275 3.43949640897177e-05
201007 -0.212243609805096 0.000784606450698686 -0.0152379079919829 0.0181153228840633 3.09204961538447 0.000179361226436297 -2.4533973299449 0.00315552823057589 0.462285243561411 0.00438955942534693 4.08071290731544 3.57192846005421e-05
201008 0.72861841886469 0.000280188282473342 0.682720846920126 0.00926952124773662 3.64328802812612 7.1337701560379e-05 -1.42351881094482 0.00112274699915593 1.23349196978145 0.00198574376198044 5.13363509545547 6.11893109269167e-06
201009 -1.30477006906369 0.00126842550948936 -0.28718211141614 0.0139502448403105 3.76047564011116 3.3029663068027e-05 -3.58296503302746 0.00484835696068716 0.30841798323562 0.00349612476350847 4.85007547241508 6.61485291184451e-06
201010 -2.16336366848038 0.00398710274705385 -0.84970147912431 0.0257178111445673 3.50529792882109 6.40048585078317e-05 -4.66265346648158 0.0147104586637076 -0.324089816979556 0.00765180942185535 4.55478270240849 1.48746257860886e-05
201011 -1.92731038552894 0.00368395519596448 -0.76329638574637 0.026345422776895 3.55086623680488 7.60957232324426e-05 -4.3475335239382 0.0120723590879106 -0.0761411566197356 0.00637428419356158 4.85222898290657 9.92674736038622e-06
201012 -2.97124305614227 0.00597282790478573 -1.27906323180604 0.0277935691649253 3.85041473382453 2.58128418043374e-05 -5.09933857694298 0.0176656474617003 -0.396298983395793 0.00652594838310934 5.08717341481268 4.57954260954194e-06
201101 -2.95405229564645 0.00673998109542956 -1.27968768006055 0.0303925716646145 3.89698155530506 3.17401509548242e-05 -5.11594191564331 0.0197873462979462 -0.386948010670496 0.00718535360255828 5.26594642338468 4.07515052897679e-06
