"V1" "V2" "V3" "V4" "V5" "V6" "V7" "V8" "V9" "V10" "V11" "V12" "V13"
199507 -2.57680505190119 7.64189452208211e-13 -4.13791742276233 2.83553059545723e-06 -2.90261823146976 9.14037892369646e-13 -7.16602973780238 0.0104496464779575 -7.76380762711824 0.940444600114708 -9.21283811933533 0.963294383304995
199508 -2.5323690999806 6.63754803087613e-13 -4.0716182333798 2.12183158043052e-06 -2.8876193782978 8.79545818712479e-13 -7.12956876739912 0.00931899399937879 -7.72268546298918 0.994364673378014 -9.24874549911143 0.966991009232584
199509 -2.6288503052049 2.04335487363711e-12 -4.12734984049365 4.02472806085099e-06 -2.8973965726903 1.53449233555516e-12 -7.03710366357997 0.0070271882929506 -7.72058389381367 0.999023360987231 -9.22923211366527 0.981883145696109
199510 -2.63400537991803 2.52470340034771e-12 -4.12386049448625 4.2262098545649e-06 -2.89186546719198 1.70855266603024e-12 -7.03275664164518 0.00713706134208696 -7.71869495772981 0.996352580354716 -9.19740487802592 0.999758323656787
199511 -2.56200054605737 1.74638046898589e-12 -4.00026826966839 2.44070976181896e-06 -2.66307806558379 5.96972502559135e-13 -7.02529376581364 0.00719773825460497 -7.70177234873726 0.987159333126481 -9.04025210971862 0.997001254182034
199512 -2.53918978697245 1.9152993635182e-12 -3.94088429265493 2.14895387693834e-06 -2.48055763721653 3.06923580969597e-13 -6.81034304653874 0.00502603047986792 -7.4054214898535 0.811617552430074 -8.67186531693798 0.822714904789169
199601 -2.52402683975121 2.16043127041535e-12 -3.91859731626198 2.17952512893858e-06 -2.48317863045451 3.78680332399657e-13 -6.81325981696175 0.00527566156498567 -7.40488435437134 0.813151944767656 -8.56305377307347 0.82092588599063
199602 -2.51940606593288 2.3242921240337e-12 -3.87770435377452 1.85492401630038e-06 -2.46385648591736 3.60597637132187e-13 -6.84292471411423 0.00835952266278139 -7.43272494445297 0.909528247518023 -8.58462722681042 0.86587519952738
199603 -2.51248107662847 3.07508503721996e-12 -3.91267728744615 2.84896626201372e-06 -2.49465130843063 5.92868445043421e-13 -6.83914720890753 0.00850691713380954 -7.44221648139898 0.918186553186715 -8.58127958203687 0.8644189266744
199604 -2.50589039053937 3.49856920505159e-12 -3.90463460913111 2.95725944395093e-06 -2.44604586329846 5.50466714801741e-13 -6.84158850912229 0.00906294551524584 -7.39053494669715 0.888887901523597 -8.55070137548228 0.860220091302459
199605 -2.60466165419142 9.59175252167592e-12 -4.00029658361227 5.8673878484007e-06 -2.54677749649264 1.59090401202275e-12 -6.86793427565924 0.0104199929228282 -7.41305605812388 0.918018737808436 -8.5532242258584 0.87526324288267
199606 -2.60755422743941 1.17424036508902e-11 -4.00189097048942 6.47315498971172e-06 -2.53312495557583 1.92062559115294e-12 -6.85793160916823 0.0106270892917571 -7.41313980203735 0.918481552471633 -8.47068771804704 0.870437083282099
199607 -2.63114669508919 1.53465992702497e-11 -4.00865684596678 7.16377271411151e-06 -2.53773312542338 2.35436782220216e-12 -6.8867672843598 0.011886172080538 -7.428949352726 0.927553775444086 -8.48368641222017 0.879653621529785
199608 -2.56407575462618 1.19772819626828e-11 -3.96404228344511 6.33650307809604e-06 -2.53431784675282 2.7743817463276e-12 -6.79249660611763 0.00925065951788071 -7.35333372987867 0.876737309530927 -8.45313815338347 0.86085587136267
199609 -2.49650522363298 9.96907356637871e-12 -3.89921430241593 5.7800008582818e-06 -2.47731861417886 2.54215141468566e-12 -6.79068585671374 0.0103575435461412 -7.40515454686013 0.953343738400827 -8.45429755111489 0.893858930998865
199610 -2.58436871729488 2.40645356089522e-11 -3.95587673942297 8.78778028528298e-06 -2.51525753478068 4.18621854172065e-12 -6.78386469164434 0.0103476914662607 -7.39501785025507 0.944301835965383 -8.42512925674983 0.886866269447914
199611 -2.63202886409468 4.31047091638142e-11 -3.99326772930391 1.2589689905451e-05 -2.56451732075491 7.35994952250394e-12 -6.80272077395339 0.0106111651512105 -7.36863326101664 0.909944267634248 -8.25337631521628 0.748608793832659
199612 -2.64985433333946 5.765660702754e-11 -4.00642023780391 1.44383996024122e-05 -2.60361853094686 1.13250404084281e-11 -6.84443520345437 0.0133751718597478 -7.41095084807701 0.96298363882823 -8.29090847122993 0.794453002970117
199701 -2.64492903298019 6.6816219788454e-11 -4.02628580038298 1.75789562479647e-05 -2.63534110578771 1.76088389501951e-11 -6.8356178941092 0.013329679034108 -7.38034976438855 0.943658388526948 -8.28856386372989 0.79310128313104
199702 -2.65966762978782 1.03843403848676e-10 -4.01579665596845 2.19995014755817e-05 -2.59545813308566 2.69928843779318e-11 -6.6588071740419 0.0148799799102103 -7.17397878838733 0.959184551018987 -8.12447350723806 0.80403813792231
199703 -2.65305316085005 1.20513297864786e-10 -3.99874211991689 2.21593038493893e-05 -2.56049020179772 2.60264392913334e-11 -6.53006944794572 0.011684058767814 -7.06368344952018 0.891595779852743 -8.09237621506766 0.782718816169995
199704 -2.70447887206846 2.02218730933492e-10 -4.02732451112622 2.67878374289006e-05 -2.55636108145598 2.96611770204238e-11 -6.53771482171583 0.0123077886027485 -7.07078689566751 0.898851307957357 -8.07571392887381 0.770802219517355
199705 -2.72230614384805 2.65154898343703e-10 -4.06586905962001 3.21850266911556e-05 -2.58883009766135 4.03290689987155e-11 -6.64230585256007 0.016732907260133 -7.12719197535063 0.935800232827044 -8.13218276005554 0.808249231335291
199706 -2.66542268273429 3.47793671771482e-10 -3.92825393736249 2.97130599203254e-05 -2.33550859448814 2.46313384430884e-11 -6.56290303728944 0.0135260758378388 -7.0317612836426 0.849733436975773 -7.9856749701755 0.714218697022074
199707 -2.67882369764563 4.18559424467961e-10 -3.9449937676699 3.38209562648276e-05 -2.33865339669557 3.06797387487149e-11 -6.56076141156818 0.013202163937953 -7.01626087797711 0.833384815348305 -7.96012694751265 0.68548190385885
199708 -2.65018361279084 4.26036560153186e-10 -3.94728689137582 3.83113720987e-05 -2.34124319390066 3.81909847421646e-11 -6.36740026956362 0.00679494778165676 -6.73720823941057 0.608971018712467 -7.78832716847759 0.550605570760131
199709 -2.80337149448335 1.3177491626758e-09 -4.14638812729493 0.000104085616209502 -2.59046658903066 1.84361679782232e-10 -6.00353690490434 0.00179044835487998 -6.72013436393497 0.548821048947873 -7.47079622801272 0.328323680998914
199710 -2.77483447121236 1.37665672026899e-09 -4.07934021304885 8.86487822589054e-05 -2.54144906555052 1.90648950131248e-10 -5.71290897886045 0.000617562019926399 -6.57322864904959 0.442899842816933 -7.3866537588154 0.283237989848835
199711 -2.81867389044121 2.14559646651858e-09 -4.11152500435039 0.000108359798041714 -2.56454900718348 2.5074271974059e-10 -5.48505239103363 0.000520815750989672 -6.42215403583823 0.406607581436598 -7.38607719319293 0.296228943491675
199712 -2.8165431522589 2.4212624877752e-09 -4.10202726781632 0.00011159799307421 -2.56413675823448 3.00405699867321e-10 -5.51236089478118 0.000603934404259667 -6.44878811520817 0.425024325054795 -7.47967779309247 0.345578388150595
199801 -2.81278900551987 2.69778440381025e-09 -4.10188146985884 0.000119682452021002 -2.63012261265561 5.01778904760904e-10 -5.46962642372848 0.000500617382595734 -6.46354249081016 0.434289362881486 -7.51487517042575 0.364851400607384
199802 -2.60226191851787 8.87517820604697e-10 -3.90075395790768 5.31228802005323e-05 -2.35788707682156 1.00982221335893e-10 -4.61177619743036 2.26991551850123e-05 -5.8513091881448 0.188293499734938 -7.09528174293856 0.193386599354108
199803 -2.22364736665286 9.54117259704122e-11 -3.43619593879769 8.39013589018697e-06 -1.33815332512026 1.94645407124901e-13 -4.27222628059616 7.59559274822058e-06 -5.49598600654204 0.0937546347966177 -6.13269827116727 0.0321633723133078
199804 -2.3917772805645 3.68380895743857e-10 -3.5688608379808 1.96982746356946e-05 -1.41097422499452 1.14725527470731e-12 -4.06763832946699 1.81946988188721e-05 -5.50967719856235 0.150739599155718 -5.94780293226915 0.0485791167313732
199805 -2.27343231654056 1.97326821408324e-10 -3.47017560400684 1.38814191435618e-05 -1.2345456256428 4.71183045093364e-13 -3.91390003037668 1.67213231287302e-05 -5.26091597487721 0.115945729161603 -5.64701697694621 0.0332368095305946
199806 -2.30813579565747 2.73294720167546e-10 -3.54680608652214 1.96044663893613e-05 -1.20351902559868 4.05970104507322e-13 -3.87063519112361 1.69755933569644e-05 -5.26149483541982 0.117796686270006 -5.55823518585794 0.0277633128275757
199807 -2.30679662755016 3.17927427401811e-10 -3.5618919827104 2.25191928412143e-05 -1.22039459187051 5.67390328798928e-13 -3.77440812041601 1.46925975391173e-05 -5.21865823800154 0.114763620556299 -5.48756195019371 0.0236030726929783
199808 -2.99960727743731 1.04702823618684e-08 -4.31271277938805 0.000322858325756015 -1.78907789688134 1.38964781111963e-11 -4.62804568673705 0.000388116591300412 -6.47976509181956 0.676082252221991 -6.7280225661261 0.218759507889355
199809 -3.27819527324089 7.37805405596745e-08 -4.57398472517854 0.00105313718531701 -2.02720729654708 1.08927255271372e-10 -4.81491961744129 0.000875312321939641 -6.68891221386265 0.842206663473326 -7.11310460561567 0.35616425665618
199810 -3.17467830094766 1.22042395771815e-07 -4.47619654594125 0.00191077081344729 -1.93632460210751 3.43226618582093e-10 -5.49501024996877 0.016749270593387 -7.27739068425544 0.480242317099855 -7.71569065346667 0.876797772295414
199811 -3.08814680671099 9.89703146176951e-08 -4.43226572116295 0.00179077111038595 -1.85994010997892 3.07986148218512e-10 -5.55902168128888 0.0198298320609344 -7.35463955689171 0.443419244419946 -7.81477077602111 0.811940631100752
199812 -3.0924169631277 1.23233573978147e-07 -4.41811415982987 0.00188092974586588 -1.84838997450489 3.63848528570053e-10 -5.61835671317097 0.0225381706337157 -7.37289352454062 0.436875171317179 -7.82303831313158 0.805653026146072
199901 -2.95901793792039 9.72561945555522e-08 -4.4979285726467 0.00312693808094279 -1.89139891790444 8.85455431929365e-10 -5.56950110033159 0.0243683645607498 -7.35766023781639 0.393624487893316 -7.84211300757418 0.684857036324803
199902 -2.91565258484963 1.56744201708607e-07 -4.25200332692788 0.00239722791442578 -1.7503693154211 7.31404426017416e-10 -5.37449183378997 0.0157502244113337 -7.22836984847088 0.45340405577627 -7.58420511878934 0.843507470093387
199903 -2.91638596541473 1.79392715350352e-07 -4.2503311686787 0.00250265570039081 -1.75399747836926 8.9199267361996e-10 -5.38981415989923 0.0178452116589906 -7.23508746929702 0.449767849689202 -7.5755711487826 0.848823924420747
199904 -3.04266886044298 4.99249713552094e-07 -4.44756372708512 0.00588777148167185 -1.90775121770561 4.21191091426757e-09 -5.35167608459126 0.0174838590250852 -7.46025702403443 0.309095492400273 -7.67535828202088 0.702841078400418
199905 -2.8309525924852 3.71370780174131e-07 -4.33019099372876 0.00721928111664213 -1.71270823641925 5.74294675847319e-09 -5.12138546400598 0.0100205905307351 -6.89008396090081 0.547768250080102 -6.82992188610099 0.843652824914824
199906 -2.83389770569356 4.25740493851391e-07 -4.33560977739393 0.00760325340575904 -1.71274342826064 6.55295815641964e-09 -5.11918607610582 0.0102535726682845 -6.89966792183494 0.541822031701183 -6.83356640128108 0.846595008044337
199907 -2.84529464267316 4.73101825228876e-07 -4.41058595260027 0.00906786266925584 -1.70652480930333 6.95314909544954e-09 -5.11452419154432 0.010622606496838 -6.89558222380746 0.544451185344418 -6.83800616320069 0.850207251719671
199908 -2.75304127488813 3.00900260452769e-07 -4.35290748660566 0.00767819623046189 -1.65541241326626 6.00519110335338e-09 -5.00017659823899 0.0112903352921696 -6.82303206609198 0.556922530331767 -6.77859148026658 0.829565721014382
199909 -2.74839014068573 3.30683623808811e-07 -4.34109948189569 0.00770790003624288 -1.6564562448721 7.12546886054351e-09 -4.96077044042615 0.0109149863648163 -6.77691060302559 0.583333967867116 -6.75342347226593 0.814408633159818
199910 -2.73736070188344 3.56421314442068e-07 -4.32121233971552 0.00767266979205099 -1.68163018174714 9.83262344130166e-09 -4.86521880372457 0.00852103238465145 -6.75752901809721 0.593866659928417 -6.74220824230813 0.824123841952096
199911 -2.59886461960228 1.52700197465974e-07 -4.30674791750465 0.00781070425428903 -1.73614603984484 1.91614369699078e-08 -4.95896396301045 0.0107135086103579 -6.79548109905954 0.567708637481023 -6.7323998430818 0.81139889873166
199912 -3.10409160425769 2.4427148677957e-06 -4.45863417131156 0.0156433904511282 -1.77081831939545 3.38174412679744e-08 -5.90735483224532 0.0844084213839502 -7.31570112793134 0.27529496372343 -7.17397258526546 0.856946139349364
200001 -3.30381468335317 6.59910763465509e-06 -4.43618214037467 0.0153482153518154 -1.75787890849333 3.49545662925584e-08 -5.87059965968262 0.069188444000584 -7.54685809345137 0.232810087699918 -7.62148506747682 0.621705189995089
200002 -4.15957691333357 0.000169251522656177 -4.70067452828538 0.0323397686979876 -1.72724177091426 3.7577297557859e-08 -6.28331978776941 0.152124088466898 -7.87906087195414 0.13117595863793 -7.62425703580394 0.617575595794016
200003 -3.8011263313187 4.33185335457415e-05 -4.79521053202037 0.0398471202536702 -1.73278579846843 6.62778058700005e-08 -6.12676909609462 0.141784448325529 -7.92490762803808 0.122890537417915 -7.48617885511529 0.65002899846999
200004 -3.72508683093293 1.26323508905543e-05 -4.67833186296769 0.0251322497294847 -1.64005139357206 3.98033068453706e-08 -6.30765097783144 0.179592720631176 -7.96964323459652 0.123348291669231 -7.34480942931097 0.735337667937566
200005 -3.58917450103931 8.09998844256116e-06 -4.7122884667443 0.0299579279691492 -1.78531751716555 1.06185020895168e-07 -6.3363851234953 0.18704035923503 -7.97205402955665 0.125365559423636 -7.35907230381603 0.729241505500395
200006 -3.50936723690114 7.92527123381783e-06 -4.64614229740368 0.0280902999121616 -1.76618094347443 1.10993094550492e-07 -6.38227698530778 0.214711040895163 -7.93832778305135 0.131787846048275 -7.32085527261104 0.755976832637329
200007 -3.45676649325941 6.89101050047309e-06 -4.55915680359065 0.0248555674688636 -1.64908473482046 8.46937276772214e-08 -6.35807561988628 0.201169461432132 -7.92690996590446 0.13652623800236 -7.34335511844211 0.73657174235389
200008 -3.45665657012595 7.59511831257274e-06 -4.5424611886536 0.0245023132577658 -1.62212790527172 9.00498817012946e-08 -6.40515192121642 0.2167498927159 -7.93245390393471 0.137633928068708 -7.33337729864354 0.750557906515855
200009 -3.355266785308 5.37679996408295e-06 -4.46935893226708 0.0213806500314075 -1.57951591529104 8.64091186784813e-08 -6.15266442591988 0.132614199572266 -7.68396879631044 0.197859159973137 -7.08885143858962 0.887176911839519
200010 -3.99013455296873 2.87996244277873e-05 -4.51155167575785 0.0214500560098434 -1.43469845851008 4.89156615533522e-08 -6.37293674457722 0.188841899097832 -7.6910693852724 0.199204318192549 -7.10235278086095 0.856159868664229
200011 -4.92682109538165 0.000390607444222516 -4.6083430999482 0.0271053375421801 -1.43715553767632 5.75951152387011e-08 -6.92527757757804 0.34278159454038 -7.69946716265351 0.200283127396867 -7.06914692858349 0.880043177044153
200012 -4.66580509803858 0.000183730108164011 -4.69272280665494 0.0308047058507537 -1.74593704529087 2.56008599087395e-07 -6.51815860442 0.239811370825677 -7.41034376267689 0.304844745786337 -7.10326734664883 0.882129323830691
200101 -4.63754082202847 0.000197231251754282 -4.68147653521982 0.0307848559751113 -1.82969493808245 4.5976259495343e-07 -6.48253786524855 0.25376986384202 -7.4051410585166 0.306856066447716 -7.08694424512062 0.892492099885293
200102 -4.97222373138111 0.000437006965900643 -4.76136635739575 0.0359627370748648 -1.83823344382821 5.46478911973361e-07 -8.49344158283041 0.839783358595757 -7.76948884829318 0.185075091980929 -7.51658201277934 0.61877822427347
200103 -6.43095305468415 0.0164551361163525 -4.77703335566808 0.0302750363073773 -1.23645042212734 4.12363451564791e-08 -9.65185204665984 0.345286976048287 -7.62764207306403 0.255705545922992 -6.55764798144627 0.870372149174381
200104 -6.28874186615669 0.0123503328409947 -4.76929004355777 0.029217778894085 -1.24292675869984 4.50768312598431e-08 -9.24386965683308 0.664332069670443 -7.63276910205912 0.266155536275751 -6.61251542107804 0.893878664424053
200105 -5.94587962682385 0.00576717470541208 -4.71959832897733 0.0271125354553088 -1.24922427008098 5.41883236869011e-08 -8.45707640557847 0.81688127510451 -7.49339523360024 0.321355570265162 -6.57183551898746 0.854681148438778
200106 -5.28428404140258 0.000802123421830453 -4.33104571123026 0.0147025428150736 -0.97456989851763 2.80024854729125e-08 -7.63114123324222 0.386210730231687 -7.00130204955947 0.449369528923515 -5.84671565891497 0.608008670624026
200107 -5.65021295263153 0.00233097781932219 -4.33676292819827 0.0153757413178927 -0.967729195297307 3.3315540193158e-08 -7.63757879977476 0.405296669858845 -7.00895514997579 0.448695287643419 -5.79179133743353 0.59583234353177
200108 -5.73042518622482 0.00308878323090142 -4.31971458850615 0.0158196096442213 -0.957650746560645 3.71027028259491e-08 -7.83787248848888 0.483749585048767 -7.04186858340581 0.428869351569828 -5.82454372013863 0.618458279788272
200109 -9.03747349384854 0.41217690415433 -5.24860873355537 0.0512342122582218 -0.839869842101937 9.89617837339902e-09 -9.31848879541013 0.600289945862828 -8.14531103935909 0.118556202110782 -6.16314826422546 0.723563123218933
200110 -9.42890638457738 0.550244592932259 -5.40401152134009 0.0683923245510597 -0.827701798297586 1.10311077079167e-08 -9.63662720130272 0.404166473456561 -8.20167215350731 0.100296569477121 -6.28850181246907 0.834974385477169
200111 -10.4246438909825 0.804204012433442 -5.87999917151369 0.167685056294712 -1.0234610932452 4.36230973865811e-08 -10.0557800670698 0.218965473246089 -8.26722825580566 0.0834311333013706 -6.52072373708725 0.983180138429298
200112 -10.3133536878973 0.811405852543539 -5.84899583798784 0.166933715440409 -1.02989103736599 5.59547754358669e-08 -10.0887434913088 0.208296379328589 -8.28415876917068 0.083006696885811 -6.51105920183637 0.976052571802114
200201 -10.3166878566209 0.825785048879149 -5.82895039238387 0.162229191029318 -1.00916277449166 6.32721492365449e-08 -10.1852583014243 0.206251093909882 -8.2990895240717 0.0862803295910279 -6.50609592025135 0.951742925634773
200202 -10.4407368528051 0.714745290935639 -5.82910400154941 0.164926302896196 -1.05182490230888 9.26732444066967e-08 -9.96155685249594 0.233057396349565 -8.27981935264246 0.0886279578740306 -6.526825017712 0.96580683031854
200203 -10.3220840290968 0.791818004571445 -5.80566407185876 0.156007157644891 -1.02010604960656 8.80843183331229e-08 -9.78521395615508 0.29058154291414 -8.23114459782528 0.102111958887721 -6.49125026075066 0.937997004466477
200204 -10.3414745915067 0.764021083788959 -5.7147716186644 0.140894605567541 -0.908872968858798 5.97414406549766e-08 -10.0161909630561 0.215143774768801 -8.17745372138114 0.107717344626555 -6.49535849748166 0.951438935972984
200205 -9.87039338281324 0.693443912169073 -5.26228156062931 0.0879009723970379 -0.73703683737969 3.63707806856241e-08 -10.2573637621419 0.124361469235684 -8.04869881277332 0.117705412230221 -6.43099643719249 0.922672472592026
200206 -10.1785373818725 0.519104808587984 -5.27334296110833 0.092179805677611 -0.72875466771638 4.20188863628765e-08 -10.3436423714055 0.10288519790007 -8.24281124460564 0.0878240242881668 -6.47591216888292 0.946576627766795
200207 -10.8116452335067 0.329768110959716 -5.63289063227497 0.140876919133499 -0.917817168164792 8.54764858106719e-08 -11.1029292095565 0.0507696931006835 -8.89404334356023 0.0432301279075395 -6.88620664341228 0.819556137482552
200208 -10.7326693094965 0.361115591290447 -5.50766381882892 0.128534962291662 -0.809350774179762 7.27139916735452e-08 -11.0328226090112 0.0558575172910642 -8.87907430190658 0.0438490039497093 -6.86446935095066 0.781797453327115
200209 -10.5649328230877 0.560517013313323 -5.21834922528754 0.0603763762508232 -0.480684246093421 1.48367055389895e-08 -11.2433707456772 0.0562310369841201 -9.0622466374854 0.0650057032483601 -7.16153934372517 0.798891677745387
200210 -10.5701732294483 0.57321901722693 -5.25972544805742 0.0669407397436509 -0.480272219284283 1.7770257600819e-08 -11.9343460552803 0.0218549504742515 -9.27623011254171 0.0590090648228303 -7.4833224394077 0.642785809333379
200211 -11.211139479166 0.239083830920572 -5.49326921329589 0.101237073382855 -0.549388799275285 2.82050811353386e-08 -11.9687241559806 0.0216537746068048 -9.19512550278636 0.072896223362141 -7.02108809771489 0.891799619283413
200212 -10.9579723895606 0.299786046873679 -5.4988062527368 0.106586563513813 -0.594144660694695 3.98179860217842e-08 -11.8386254590898 0.0283096765611213 -9.01784772745413 0.0971664149706783 -6.99638581331801 0.912103348696602
200301 -10.9912407913601 0.183387596021091 -5.4328196705848 0.139348870353612 -0.455770436905434 5.85307116076869e-08 -12.4755755095611 0.00481216161604193 -9.41695613328881 0.0354233335601777 -7.02545437946154 0.763934135363725
200302 -11.116112087839 0.164500944233353 -5.40156268007388 0.133326012423877 -0.350806922034264 4.71618021516318e-08 -12.7382167477301 0.0031983567589456 -9.44624967460521 0.0356882276962756 -7.111881102398 0.722819226050588
200303 -10.9738164770955 0.176865088095629 -5.32613385240777 0.129700815977011 -0.322206991907548 5.081682182098e-08 -12.324152019127 0.00448466124207514 -9.00201055875258 0.056508918399332 -6.9155626539412 0.800899762880753
200304 -10.8768487930656 0.262659010435562 -5.35278909474806 0.108367299522529 -0.295255986552534 3.45900355487378e-08 -12.9181466082292 0.00276806023257463 -9.34697087092475 0.0481664622286241 -7.45686102200613 0.591891136665434
200305 -10.8103292390505 0.341612551755139 -5.13010578772206 0.0651833161001174 -0.374375793980919 3.70674758489396e-08 -11.5597037304409 0.0243897824970716 -8.39441061588231 0.153770679461189 -6.64420089362554 0.984376644554593
200306 -10.8274499395819 0.345403550224623 -5.1851835934895 0.0721872680846458 -0.430869942652357 6.1138530897832e-08 -11.5185485822784 0.0259889303764093 -8.41354943476267 0.146529235994533 -6.60454083234847 0.955971735253781
200307 -10.7594778270039 0.36767116853459 -5.10161125930262 0.0659299999416348 -0.155720759419564 2.69522065683227e-08 -11.5645249533768 0.0239253817390213 -8.26867202735089 0.174770405743091 -6.42706139918823 0.965789346071346
200308 -10.6705523088701 0.40577557234154 -5.1150489294806 0.0684030138176503 -0.209911736786017 4.01250579905956e-08 -11.5207511234676 0.025763755433743 -8.26471813446454 0.179191811589984 -6.40459710115553 0.95931050207111
200309 -10.7425015815786 0.39422239763025 -5.06199186678575 0.0617632323863098 0.142677273612679 1.25733414406209e-08 -11.6738099678293 0.0211098776457407 -8.2983225133612 0.174271728693195 -6.42278383714472 0.968870893338959
200310 -10.4890809513155 0.49352602204684 -4.8540164125872 0.0442222274294665 0.42063225187654 4.65291897758632e-09 -11.5621324150231 0.0273607247294499 -8.14109976141508 0.222272340550652 -6.36626641260978 0.90728425387978
200311 -10.7349078664317 0.395930236993412 -5.1181538089871 0.0743486314686153 0.187966274371076 2.05534949446121e-08 -11.4980216830705 0.0335108024578267 -8.17590010124476 0.220852632020261 -6.4758514533525 0.967008909213756
200312 -10.7151027481504 0.424226923360439 -5.02355835473947 0.0629387583108276 0.233660391558421 1.86845097511917e-08 -11.3876224451952 0.047523429331163 -7.95221918970084 0.296991506459446 -6.10993840911904 0.775756503659917
200401 -10.2723730269179 0.577907840566864 -4.70028279582506 0.0383965368249759 0.447476657833557 8.50154362832752e-09 -11.168517083901 0.0583388596499839 -7.80783719210794 0.329773742427544 -6.03035816059352 0.743829923077315
200402 -10.0732655219487 0.665673865406032 -4.48751262798426 0.0285613200033815 0.709800523541215 4.13680747728174e-09 -11.1008348618869 0.0666135511640677 -7.75429490938737 0.352516234900944 -6.00848529946725 0.735119615519994
200403 -10.0370961609545 0.692837894582737 -4.4644988614134 0.0279456940907203 0.766688111969516 3.95676232387183e-09 -11.1392025335419 0.0683236739629431 -7.78098486417287 0.352797500320231 -5.97196349072329 0.706020860169491
200404 -10.1258119794518 0.645843321274272 -4.5067060208255 0.0312255520550302 0.669490187512345 7.92996024744887e-09 -11.1766420345794 0.0670388380888174 -7.795072566201 0.353509273628984 -5.98091650288464 0.712971165771215
200405 -9.84564118297682 0.659602605063438 -4.3549428471372 0.0299382586059291 0.657436668558897 1.10186918333663e-08 -10.6133174256771 0.10245133405885 -7.60968611418398 0.380721686173291 -5.8998519535792 0.718929453321784
200406 -9.93370080009828 0.625687838199764 -4.39856093660449 0.0333105330466832 0.617484493884046 1.58354666883829e-08 -10.6235157699119 0.103840411301117 -7.6295452577579 0.376832386991338 -5.93104347080651 0.738058057675506
200407 -10.1157399402953 0.546278125353443 -4.56170711855952 0.0464765067580599 0.458796127750905 3.8636637667635e-08 -10.9715398454708 0.0674583226229168 -7.78471626105599 0.322189528785192 -6.12505287532616 0.848693345565357
200408 -10.1250437505876 0.532517170915503 -4.56447584654269 0.0486347308046027 0.459414099478106 4.75513822358326e-08 -10.9178978700506 0.0623158967628621 -7.74532597754349 0.329937833191024 -6.08697057953376 0.847992176064665
200409 -9.98316306110831 0.599546063405197 -4.50572402262495 0.0447737115973448 0.496909795433542 4.85706229276899e-08 -10.8282991497964 0.0729286938673842 -7.70498806563062 0.351677911294746 -6.09629695318452 0.848174659483795
200410 -10.1691246688711 0.532612592745465 -4.59418173553507 0.0515242281117644 0.430258767548775 7.47656577849576e-08 -10.8853642237794 0.0715506954648448 -7.73728923639643 0.350155568275736 -6.09733234341183 0.841568812785662
200411 -10.4266718523092 0.485443416124452 -4.72434405607012 0.0560558817040242 0.321530613813881 9.65896258410695e-08 -11.1456155348803 0.0577358172698395 -7.81722068810058 0.34261517407749 -6.17195133553914 0.857361520034413
200412 -10.429010951791 0.498105206929468 -4.7170075706817 0.0545381359950252 0.338261086248326 1.03833378790787e-07 -11.1009675720293 0.0656725870125366 -7.76304139939772 0.367214231833552 -6.12740720953864 0.831931556202517
200501 -10.264387059411 0.527742015795491 -4.5780942375736 0.0488828961395711 0.419784153050173 9.9319294574077e-08 -11.3101081364782 0.0488223077195114 -7.83334097428925 0.336957887579092 -6.19853138214632 0.881813014594274
200502 -10.2383320100952 0.557362604035632 -4.57064550907658 0.0478826262246264 0.456920642302783 9.52597621570822e-08 -11.2593473998039 0.0561374829377122 -7.81104184109866 0.353199977999058 -6.16418351431547 0.85989596575485
200503 -10.2440642569411 0.565762715408506 -4.59583902712037 0.0503882565276696 0.436295174964085 1.20214508721268e-07 -11.3548810175148 0.051534193033656 -7.93590525500032 0.322271163678905 -6.26185382428746 0.910710174044563
200504 -10.1041789130099 0.62405507578178 -4.55588061695853 0.0485218312393847 0.42398603544086 1.52766371193588e-07 -11.2316117461723 0.0595588036123538 -7.76684466500361 0.377628300250141 -6.18503134350883 0.868858925756448
200505 -10.1982509279277 0.580321137209526 -4.58520950893766 0.0528149672001639 0.387220627353446 2.16131850792725e-07 -11.2303704161337 0.0614227281428759 -7.7671217389814 0.381439717785074 -6.18545286990246 0.870215812036374
200506 -10.1994793599433 0.548699218099491 -4.69044126390856 0.0661225370697162 0.33276349414878 3.23268773979297e-07 -11.1776119086114 0.064400521025399 -7.86977102827418 0.342491416386796 -6.17474832152296 0.878739708472675
200507 -10.2847668390289 0.528901890614478 -4.75166802300402 0.0717478643824515 0.31790355098219 3.89531529148912e-07 -11.0525303907191 0.0774991558938017 -7.81337078651965 0.365212144604528 -6.07643631017651 0.831246839419003
200508 -10.3860063556453 0.509320477091709 -4.80491691530844 0.0773725848547339 0.268875467454766 5.41784582593196e-07 -11.0891017377539 0.0765072361917065 -7.84093114802888 0.358553037423604 -6.10687380980794 0.849849135786358
200509 -10.403254289669 0.505278214675906 -4.79154075623185 0.0784756531210529 0.327912861558177 5.92193958586934e-07 -11.1195550205672 0.0770327653479087 -7.83071201493704 0.364463797747037 -6.08031780723131 0.841452038509803
200510 -10.2348550757618 0.575772206724957 -4.57736973819693 0.0600075659593134 0.440469282343026 4.66823034371046e-07 -10.8739359216724 0.100594126555737 -7.61630376488709 0.437888567677744 -5.91953452064413 0.781642330897834
200511 -10.0061313004941 0.617726005768397 -4.42434413088317 0.0579282056602059 0.545054112457588 5.31998587139597e-07 -10.775285504206 0.108191574274355 -7.46221855332025 0.474067520287799 -5.80333732933644 0.758905699891095
200512 -9.89414497982635 0.673070005944001 -4.26214164312413 0.0477312248276716 0.672023482520889 4.41315050957027e-07 -10.6248433701531 0.12903090733584 -7.3514363493886 0.519245084630996 -5.63862129939821 0.699680774263467
200601 -10.1825463642087 0.616220163609891 -4.23750317947327 0.0424476451987989 0.996157293362221 1.61882219118411e-07 -10.8289791453131 0.112020649027108 -7.45174825181805 0.504818783157113 -5.64713069997498 0.689037412619813
200602 -10.2299327443886 0.602463354968842 -4.25499533869986 0.0445769136586429 0.996831122990505 1.97283846327795e-07 -10.8125911401584 0.116818407300014 -7.45183661525415 0.507785294509259 -5.63987808240849 0.688683142562163
200603 -10.0102707639286 0.685310695026628 -4.15442613263775 0.0387361211247983 1.02294715786265 2.08359053393608e-07 -10.6418468916919 0.14314647121992 -7.39166358122663 0.534270600058347 -5.56498306715731 0.655293099354993
200604 -10.6387064441848 0.471669823069726 -4.47383331868223 0.0588500641324741 0.942341125023549 2.94166989019024e-07 -11.0678064253628 0.0983462690867409 -7.56139313498709 0.48080601493028 -5.6581639637739 0.689577142847365
200605 -10.4910284535431 0.527351879136913 -4.22264514722006 0.0434028242502014 1.25792631299896 1.32997755709998e-07 -10.8672831789073 0.123118758124292 -7.38073864119155 0.547443731255531 -5.34894751070911 0.585267149691264
200606 -10.4358958039174 0.550208497562202 -4.14260052135274 0.0411046989185705 1.3737734805458 1.22689115965717e-07 -10.8699688543914 0.124186384908009 -7.34703203574736 0.557136197179589 -5.26548883860731 0.56381274788988
200607 -10.445103453678 0.551682636671587 -4.15343511470361 0.0434357663803359 1.3695157690594 1.57450154801262e-07 -10.8713529979641 0.127331774897346 -7.35269778307046 0.558973091580284 -5.26831586531935 0.567964281623609
200608 -10.361525110514 0.584988739763214 -4.13113396686269 0.0438741192862759 1.34831011535518 2.08603411718532e-07 -10.7694798200945 0.144109647911413 -7.28952780396723 0.582173887099989 -5.22424055048771 0.553971140608511
200609 -10.3648618788811 0.588775462510046 -4.13130231812437 0.045778958527803 1.34846818218866 2.62628306484677e-07 -10.7637376453401 0.148412573356442 -7.29096334685297 0.585000756486647 -5.22975903225418 0.559452580138153
200610 -9.97787910390597 0.695979673811518 -3.86978244226455 0.0346887240244063 1.45794523193729 2.30795732928908e-07 -10.4878570373976 0.189979000383235 -7.21204952782222 0.617615910496931 -5.17542005304235 0.54021895772805
200611 -10.1246028893964 0.671344931621868 -4.07579790876926 0.0453218503599692 1.30156419990748 4.2689488303635e-07 -10.4091193816306 0.209169285799128 -7.20548300783532 0.628828029391434 -5.19647971344857 0.54926645518403
200612 -10.1807806633741 0.671288653071198 -4.09938544248125 0.0477316503218604 1.26878388995526 5.64508829377457e-07 -10.5155666902981 0.194937933669041 -7.29534384048998 0.598626953017488 -5.29909686882779 0.590474939109436
200701 -10.0901729138043 0.699640320534789 -4.06795664170547 0.0473582156671596 1.26468342018733 7.03568984053825e-07 -10.4477083865197 0.204300215621493 -7.30687123572225 0.59522630226628 -5.28478582647307 0.59071112445293
200702 -10.0815532441308 0.703964993474482 -4.05166039296538 0.0485481140003071 1.26346248772312 8.92582632983172e-07 -10.4403223238514 0.209523352755309 -7.28964389854574 0.605220840504317 -5.26938701991631 0.589004476598793
200703 -10.2538323318115 0.646781016764594 -4.2038702914122 0.0604191853871563 1.20181233244268 1.25125943510566e-06 -10.6925962448176 0.171655605094962 -7.44388632629958 0.559399026522804 -5.31619095614737 0.619051098014556
200704 -10.5156083074981 0.573748413863775 -4.39737280747732 0.0756533369686523 1.08118321376993 2.02388796175986e-06 -10.8777983820657 0.155561547405307 -7.59186826185052 0.527508999934545 -5.4423464434562 0.658856949546041
200705 -10.4957114976092 0.562923432448482 -4.3875956672599 0.081298994122755 1.17317335277322 2.32431176855569e-06 -10.8771819972394 0.159775014123195 -7.60656020725599 0.52718374560295 -5.44613827835292 0.662923628540696
200706 -10.2347386076334 0.613001496748609 -4.24781608923324 0.0767682251729495 1.23841559639616 2.53670628668988e-06 -10.7383093589786 0.165942501907014 -7.47775149207093 0.549978115275484 -5.30013603421351 0.639576827923685
200707 -9.95295828345628 0.660817080169513 -4.14555521287929 0.075871324791714 1.2917330183861 2.80044448891695e-06 -10.5249096423875 0.192522917690096 -7.29389576024078 0.606334504928227 -5.14445510232739 0.593115622963816
200708 -10.2185401345193 0.591164859359167 -4.55899843629648 0.118807036929932 0.940067043799797 9.76896962534132e-06 -10.5309302084053 0.196398649190688 -7.28102018588324 0.616901761711943 -5.20342770881463 0.61569258110464
200709 -10.2858565486587 0.567636819023275 -4.58135345563213 0.126803685015605 0.927360015414425 1.25010455918563e-05 -10.9421471030833 0.153955451054117 -7.49101943532378 0.551291074562355 -5.36968722908315 0.680755332534885
200710 -10.838797794329 0.376452699984477 -4.94337517463477 0.189484675864833 0.839634159206637 1.88858150695216e-05 -11.4102162549626 0.105961709588459 -7.67547103950048 0.495127697694923 -5.48353411045253 0.729130619911403
200711 -11.3715667575623 0.305055192866341 -4.9985443591285 0.182128009117672 1.09206778472953 1.02691928869124e-05 -11.3714635404648 0.11305296084615 -7.57660389216728 0.531821156203841 -5.09946575086098 0.603188972770158
200712 -11.4546583088884 0.300312111412275 -5.02502745723044 0.18800968155025 1.05035046497 1.3192201538097e-05 -11.3116577506033 0.124862001107089 -7.5358652826333 0.549075481553291 -5.08968300584449 0.601498899186171
200801 -11.5227881787831 0.35778378193732 -5.18438161255601 0.184114143902248 0.927828230661309 1.53517179637539e-05 -11.5426138277476 0.131034027877367 -7.59425475925237 0.59523127373819 -5.39160322956638 0.656030829409901
200802 -11.5015252864487 0.374382163083455 -4.99244405432411 0.159955155557194 1.20576737946818 1.08673565288651e-05 -11.584098096906 0.130970979076044 -7.58613336801739 0.60302154472431 -5.3939088092569 0.662172383522233
200803 -11.3806776213233 0.393441335949924 -4.95520943808696 0.160726906969259 1.19973287602118 1.34689105567008e-05 -11.2434958466717 0.160734547799973 -7.45179700792955 0.629538333019953 -5.43481753548436 0.691628336616001
200804 -10.9138062704339 0.447631513943251 -4.54428815779657 0.127180820998752 1.23141371842463 1.59084676284534e-05 -10.4282466602838 0.255119176150053 -6.87811277947976 0.787543913820843 -5.14633445179675 0.62313826070166
200805 -10.9586446242377 0.434349109019523 -4.56143085314771 0.135158812223661 1.22983520046651 1.95588139129965e-05 -10.4464965577547 0.257479988704516 -6.87208367827759 0.792117092963068 -5.16876899252636 0.633751172549481
200806 -10.662090846107 0.553149968838627 -4.66986574344379 0.138564467885992 0.891679611285456 4.25691582200371e-05 -10.2752545605201 0.319281081969436 -6.90720012983941 0.832166780764982 -5.49896327390309 0.694308503142617
200807 -9.79552926648222 0.773037999671966 -4.45992339462951 0.114688461144655 0.552552343924695 9.06489053004733e-05 -9.65751214384778 0.433161587490909 -6.19361672218814 0.950012412561635 -5.49376368569208 0.694834944423428
200808 -9.97512712969451 0.732129866491045 -4.48874500316858 0.117187031221116 0.695684580565714 7.65718464691343e-05 -10.0572772384053 0.345756739855046 -6.40784042346951 0.997372836480177 -5.57772145073803 0.71808871055368
200809 -10.9764119256388 0.759861006740478 -4.67988548559655 0.0653757568316709 1.19703480253583 8.6001614952881e-06 -10.7856353095365 0.352478915637662 -6.59085016298702 0.865897987526243 -5.53116432248444 0.628879314367993
200810 -16.6573100500783 0.318276337014338 -6.25130161002529 0.012060431054617 1.98463873176465 4.62873275923492e-09 -15.8643219134761 0.0553262441611786 -7.29506561688411 0.69590889940822 -5.96578528305458 0.427912168424139
200811 -18.9477689895655 0.0789504388644522 -8.90066842856791 0.478133576096005 -1.46944140362719 0.00244134276858062 -17.4035386218545 0.00590658947957298 -9.04881034107776 0.42996752718705 -9.12478521405999 0.233609025470852
200812 -19.2849999857787 0.058995018382524 -9.16780548015767 0.529715601316963 -1.06816339684459 0.00136307469207551 -18.1357523284658 0.0035369121477348 -9.30859646211939 0.406185591445807 -8.97201724388657 0.264436137119724
200901 -19.7112718993624 0.0505679674803086 -10.2222109168793 0.74815852619344 -1.77232600816433 0.00355466905357377 -18.995947943716 0.00276772059656574 -10.3451048227651 0.293616376810581 -10.1313568688976 0.164866179405885
200902 -18.9712026288017 0.0912821501590878 -9.98448621817478 0.628083638883263 -2.33921567604596 0.00681082060144185 -16.3419336793798 0.0261524462269839 -7.87702112238953 0.939056944317079 -8.76130182765817 0.428102340765808
200903 -20.4010553402581 0.00299807001501944 -10.5856329140132 0.830153701123144 -2.81277464206675 0.0167819058131162 -17.8624407498526 0.00287143380700623 -9.13266916184501 0.53456346414016 -9.84164356829689 0.242650350402647
200904 -20.2257401024597 0.0147691120433525 -11.2812139533165 0.87636031008665 -4.09028501006652 0.0365540395929421 -17.003212182053 0.00936464302476836 -8.64213458440908 0.750924921322194 -9.49857824824332 0.417939974648358
200905 -20.1255678059975 0.0429755686391588 -13.6336052279707 0.478026780442851 -6.65056270307121 0.258917131595871 -15.0658577669998 0.0749975671518813 -10.2496473055783 0.476628334132715 -10.8493870320779 0.212901037087581
200906 -19.5799473615044 0.0473299163934393 -13.6556727891338 0.478085477194975 -6.48440533790793 0.240686764997605 -15.1077333793964 0.0766679787092942 -9.91826915118563 0.558288817074312 -10.51006528803 0.25025027854726
200907 -19.1975256096533 0.0752475190374119 -13.5980769567883 0.535641337588263 -6.37312737342397 0.205929956966544 -15.48420790769 0.0823481122621821 -10.1933293168608 0.577613295390325 -11.1594639181638 0.213283403235255
200908 -19.524980179545 0.0699520596150715 -15.1625505868464 0.264463334404356 -8.70755666465777 0.689571222706832 -15.6711420215865 0.0769923776386306 -10.803885660895 0.405392178962782 -12.8972746267106 0.0698819681602175
200909 -20.0185128070292 0.0648851321295129 -16.8904493515333 0.0902501271714349 -10.4629898599828 0.667558983567084 -15.8904586013675 0.0769699002379732 -11.4796968344819 0.28189846155514 -13.5834362662395 0.0365447234691617
200910 -19.4434073423291 0.0677219017945698 -15.8969419382921 0.125153681376104 -9.39116407051006 0.834425935924872 -15.3773275119076 0.0856986664756327 -10.671105857622 0.373679822350337 -12.3394325743796 0.0806176773390785
200911 -19.5374433687276 0.0628737896717866 -15.9077819713537 0.127559119496763 -9.39404413658176 0.835810816796044 -15.7895669817327 0.0698188620369005 -10.8956937245682 0.343482160827475 -12.3859495642123 0.0806807492438972
200912 -18.9113329950457 0.0714871689844523 -15.4680798399977 0.152802107858919 -9.10163404646147 0.898966457424107 -15.9302116115246 0.0565744427227978 -10.9299443736941 0.331309683264486 -12.2327621528171 0.0892772688910292
201001 -18.79791597309 0.0795586254498559 -15.3305080799421 0.170695232058392 -9.06008037202051 0.913549940530521 -15.957521789521 0.0638142198252685 -11.1256701681179 0.343799169424069 -12.4687391713987 0.0891782471760241
201002 -19.2449609251238 0.0576715976678216 -15.8442340421858 0.120275736784137 -9.76993206588923 0.694823499881069 -16.0850165291119 0.0564570211976792 -11.5505976763553 0.275592048336601 -12.8969998048243 0.0683097002981279
201003 -20.0517052767823 0.0360022501683767 -16.4614340457988 0.0950331381586076 -9.85913380609638 0.711394045853148 -16.7266047338376 0.0410620535324792 -12.0488596198937 0.233563666730406 -13.4812983893759 0.0553462914185028
201004 -20.1854172417794 0.0317323812560083 -16.385584250236 0.0975383557753212 -9.78580601664254 0.722399270737618 -15.7518448964618 0.0721082762667716 -11.6602599146514 0.277813233648571 -13.0456343496098 0.0743745816996069
201005 -22.8447703280417 0.0126321914492558 -19.432249325582 0.0330700927830489 -12.9183474922481 0.325810840960969 -19.2889288281305 0.0133789303480822 -14.4792797635815 0.100390242032537 -15.4854145246614 0.0244546516442205
201006 -22.8114248720651 0.0120578110016633 -18.9899541828125 0.0283948622526707 -13.2966288326038 0.196009469253497 -18.7209558365736 0.0176334832335817 -15.0701802891974 0.0551192445511803 -15.599659172218 0.0162885785711148
201007 -22.4831794458456 0.0275302410556966 -17.9372956073104 0.0762955145036344 -12.0807753205103 0.394905002640616 -18.9183575318971 0.0240836802859639 -14.9686928080564 0.0843596497682447 -15.2592871006974 0.0336109233899282
201008 -20.3974743940993 0.0769259108554578 -15.57989062452 0.202929393799919 -9.68247676508025 0.775957442164558 -17.6812417269472 0.0430110391629575 -12.685958444681 0.22176082661304 -12.8885476328027 0.1171703014149
201009 -22.0974949125443 0.0741295121877034 -16.2835989614231 0.24417782680663 -9.26980857684481 0.973122787370058 -18.4675391552128 0.0475853101773829 -13.2276565344549 0.241483458783542 -13.0704093982241 0.132937125580912
201010 -23.9745195696518 0.0270923528434679 -17.3826643663256 0.152931387892874 -9.89567383319947 0.82596758068549 -19.4184228165195 0.0303985042818191 -13.9683675496872 0.18195004390318 -13.4990499948325 0.113336443145862
201011 -27.058602881175 0.00652416776476187 -19.3371707401509 0.0710518308281255 -11.3241164316084 0.62407344315208 -22.7436443081884 0.00413434371496611 -16.9800308127627 0.0424386382774131 -17.1055099244085 0.0193895062496585
