"V1" "V2" "V3" "V4" "V5" "V6" "V7" "V8" "V9" "V10" "V11" "V12" "V13"
199507 -2.78953705464198 3.95861904011773e-18 -7.84925979984799 3.81664423143447e-05 -8.70763508976935 6.3390256634735e-13 -4.95506696491668 1.09951589921128e-07 -7.56228111344033 1.3022565556169e-05 -11.2922305806703 0.022471886850856
199508 -2.78412552809555 4.3253806030332e-18 -7.86209095540265 3.97348279823438e-05 -8.70936064266994 7.56661905416986e-13 -4.9456304247933 1.12573669712969e-07 -7.52007699560973 1.13290447627001e-05 -11.3197336432465 0.0239315726262311
199509 -2.77807882594532 5.34071366595391e-18 -7.86234841698714 4.32430608675944e-05 -8.70862642112904 8.79634677278594e-13 -4.94642729376913 1.25968488439313e-07 -7.53139195197896 1.29299431989108e-05 -11.2929036432302 0.0223645313100072
199510 -2.77421355388758 6.3519229282314e-18 -7.84311536361488 3.95319980561224e-05 -8.7164179934855 1.07436321517525e-12 -4.94985105502639 1.43894937862455e-07 -7.52818648760087 1.35822764071976e-05 -11.3046932645904 0.0235158448006959
199511 -2.77476328254009 8.21997325176017e-18 -7.84730669668572 4.30244150104528e-05 -8.72014730808248 1.33411038788622e-12 -4.94899095579449 1.59797087583996e-07 -7.52718549133478 1.46035826136659e-05 -11.2994469522973 0.0237379334035211
199512 -2.7737013565424 1.05184557082183e-17 -7.85136976381406 4.69075909183271e-05 -8.71514126588084 1.59194654919328e-12 -4.96273137175396 1.89824798420895e-07 -7.55567607882377 1.76919817421171e-05 -11.3000329736706 0.0240553930059488
199601 -2.7628261903011 8.9960948567355e-18 -7.89484031953429 5.6468855143481e-05 -8.66830098927469 1.06828724683485e-12 -5.07293470289709 3.62601988153189e-07 -7.77308468488034 4.65736111936815e-05 -11.4605191337246 0.0279259096590306
199602 -2.77469417313283 1.30527920188705e-17 -7.90946111590403 6.63640883662937e-05 -8.67406599574518 1.33026220181968e-12 -5.04099831729354 4.3594404037497e-07 -7.65488614341219 3.9883977999089e-05 -11.3074569399698 0.0213825371800708
199603 -2.76283943079358 1.57888308401428e-17 -7.88063316431742 6.44171999051491e-05 -8.66909338592834 1.50468879860147e-12 -4.91790387654933 3.01225532377066e-07 -7.49641184145713 2.58287095281601e-05 -11.2407319988509 0.019349109697822
199604 -2.77818626942552 2.27310369164422e-17 -7.90972747546279 7.84824616745455e-05 -8.65997553004887 1.69627297421663e-12 -4.91455854558447 3.65120563476296e-07 -7.51551419362311 3.28630532901314e-05 -11.2282472161918 0.0198076844408086
199605 -2.78945265314812 3.04522455634318e-17 -7.91534967224743 8.69249819244639e-05 -8.66065825127615 2.11361040223231e-12 -4.90831680928021 4.12713552769841e-07 -7.48631932522565 3.23500018089369e-05 -11.2234410678431 0.0202041319224589
199606 -2.76814987147618 3.22549477864501e-17 -7.87976618367467 7.74857081761577e-05 -8.68762989550016 3.07146612305353e-12 -4.8516708185165 3.11046879219433e-07 -7.48411681137084 3.33379663187874e-05 -11.2159997609227 0.0201311961252898
199607 -2.79021927191838 3.58249054088967e-17 -7.88941199076247 7.44630953193889e-05 -8.78727232737053 6.79057622827399e-12 -4.99923241428752 6.51700071341063e-07 -7.6909289223088 7.64633183650271e-05 -11.2624974329901 0.0220118723002243
199608 -2.87869585309519 7.70478377372611e-17 -7.95695799595204 0.000103439250748962 -8.79527171243435 9.06349494199441e-12 -5.0041913180733 7.27864267773723e-07 -7.73611003400527 9.18422044144764e-05 -11.3155369465893 0.0261539424003753
199609 -2.88765635980341 1.19519661312311e-16 -7.97095589066137 0.000121065655676428 -8.80598967538337 1.1971526883281e-11 -5.00351017412579 8.30745648075534e-07 -7.82055452130686 0.000152544718322085 -11.3316321098553 0.0288888031612311
199610 -2.97647117902196 3.35903377634272e-16 -8.00560784018622 0.000158288452335761 -8.87537289474263 2.2024508690757e-11 -5.01653781082614 1.03674408202684e-06 -7.86074275008064 0.000236253994066634 -11.2971399100703 0.029178920671876
199611 -3.17219625071794 2.4082483645082e-15 -8.15205489501318 0.000326627219478893 -9.06962993996134 8.12509440776636e-11 -5.09361438993343 2.03850426092362e-06 -8.14386457734424 0.000993262940202803 -11.7188247934157 0.073142455209376
199612 -2.95068889915 1.27777304429532e-15 -8.00532359692605 0.00024511776110023 -8.95034100284149 7.61590401389904e-11 -4.84249415803559 1.16248733839177e-06 -7.80657472995734 0.000719911632235008 -11.3757037670275 0.0516173816440719
199701 -2.95161311670538 3.17727678440829e-15 -7.83900976362593 0.000156819413153213 -8.82998008534062 6.71487116885832e-11 -4.55569125496245 5.1808804181741e-07 -7.15749664215 0.000140096660629265 -11.0242458258445 0.0303395650202027
199702 -3.04378677293975 1.3378990000827e-14 -7.9292226659248 0.000240013804365888 -8.8854548190964 1.39952105194572e-10 -4.46286921914743 4.30009564395646e-07 -7.11780607566384 0.000206127664739641 -10.9189172194685 0.0264900487553202
199703 -2.69721688789131 1.83118150856091e-15 -7.82948096805929 0.000178537987161574 -8.77983598823713 1.00268406170025e-10 -4.39691050925806 3.00374378925216e-07 -6.78580917531018 6.5935263088218e-05 -10.8132331960844 0.0174557024238922
199704 -2.58544814949841 1.14000520469007e-15 -7.80451564931106 0.000174644759513867 -8.77408192880644 1.27147371626195e-10 -4.41478786569089 3.78147294768975e-07 -6.71518822755834 6.47093486069519e-05 -10.817926774967 0.018573584331132
199705 -2.59852563045297 1.62155596824319e-15 -7.81794152762569 0.000188160870115862 -8.85736718341395 2.43815724471323e-10 -4.21927850667376 1.23368339094123e-07 -6.90567887988509 0.000166063011729294 -10.6573042000481 0.0113549194059803
199706 -2.53832794192241 1.34472314422192e-15 -7.78946498697473 0.000184843928087548 -8.79674758714371 2.57844826112961e-10 -4.34957745019091 4.04882579600554e-07 -6.86254447567383 0.000216848531502246 -10.6561947053453 0.0117614510882076
199707 -2.52572794855033 1.64183798930086e-15 -7.8013989984085 0.000218401761055439 -8.97507050265378 1.05304375900982e-09 -4.29790914095456 7.15821249807196e-07 -6.85752989879782 0.000325462589905407 -10.6139744360969 0.0110887914654931
199708 -2.50228282341891 1.83676068864184e-15 -7.75136104521246 0.000195724256173568 -8.99460022558245 1.7761959129822e-09 -3.77739180221364 1.61886558135016e-08 -6.56328563386384 8.76211793272892e-05 -10.5769378523072 0.00961627748397858
199709 -2.49738051897048 2.30509575154793e-15 -7.71984331936388 0.000182581614515932 -8.72959211131097 4.54087620831078e-10 -3.42466792534273 2.62432655460306e-09 -6.61833522850126 0.000114689508177636 -10.5636724621156 0.00969278393653813
199710 -2.48301323760984 3.97745566642739e-17 -8.14149259018149 8.51462068970937e-05 -8.81182268422718 2.08782964356352e-12 -3.96770154541763 4.32355225076118e-09 -6.76188829582005 7.30331247981953e-06 -11.7984761486137 0.0196237462645911
199711 -2.64547177741272 2.72003296657945e-16 -8.49592927534175 0.000458185948367889 -9.36302641190261 1.39643713096851e-10 -3.47374303726444 7.6626708581932e-09 -6.47297931104469 1.09357601812814e-05 -11.8311728676364 0.0408621798923585
199712 -2.99518453317429 8.24119010891942e-15 -8.79039391482361 0.00238951867126002 -10.030424663431 3.08225233836535e-08 -2.96079092643131 5.69347187896006e-09 -6.50344108948344 5.16599721938592e-05 -11.7618662330164 0.0670312153853388
199801 -3.67960108928771 1.7885879831918e-12 -9.6620109822505 0.0375660525468357 -12.241221805451 0.000538902478288125 -3.26736738723541 9.57094506905405e-08 -7.11264609404452 0.0010738957019628 -13.0509734481479 0.562342427577986
199802 -2.3835120014291 1.14403107027964e-15 -8.14027207077059 0.000742016476153255 -9.29947006799869 1.12442031400758e-08 -2.30068980689646 9.4634456215915e-10 -5.36281869535877 1.90564978101205e-06 -11.3121775819021 0.0352785407312167
199803 -2.48470230831157 1.0416359228699e-14 -8.14208949293986 0.00150464575420487 -9.15019689156567 4.43533843077393e-08 -2.38110428955371 2.38058709515354e-09 -5.42079374338458 3.22447798022559e-06 -11.2388942854458 0.0523209607062059
199804 -2.60385393811344 8.73590230925615e-14 -8.30991262362846 0.00443376061302263 -9.31300444577676 5.35065736943518e-07 -2.78116028276947 3.29430746476882e-08 -5.59903595410114 9.40110271448721e-06 -11.7042271799504 0.184341485695115
199805 -3.23445043377706 1.03749582871976e-11 -9.03756195008614 0.036641788924255 -10.1640433561725 5.53235488113988e-05 -3.61434576378954 3.02084678583396e-06 -6.36328135768827 0.00020582835135119 -12.9531433709628 0.84733357242212
199806 -3.91474900891426 1.40988049281519e-09 -9.92435743657509 0.244916780728049 -10.807678398682 0.00174840111987959 -3.95020787008267 3.79387721301002e-05 -7.21904019365893 0.0100055378899083 -12.7632886961265 0.889989634637043
199807 -3.90618897012913 6.93094077288066e-09 -9.853271704624 0.340386998438467 -11.3176922192135 0.0245638086079999 -3.70266699900583 4.24392160930646e-05 -7.45074663317973 0.0695750575265858 -13.5918750426465 0.448435225102493
199808 -4.07186200562488 8.69343651966778e-09 -10.2046878290806 0.399476685669618 -11.8246716711632 0.035026133497997 -3.87199486634617 7.53991133109266e-05 -7.90342499154004 0.081646360519151 -14.3273112057662 0.297137293608123
199809 -3.88557696289298 3.44106677428722e-09 -10.0210120628588 0.305528525089821 -11.541762176548 0.0171949374243697 -3.51066319708948 1.2714905468512e-05 -7.34916106124599 0.0192396341531701 -13.9526962370027 0.549856101502544
199810 -3.51173799398068 3.42923215151836e-10 -9.65118550641737 0.123252914484788 -11.0958582408593 0.000797459198657667 -3.47825394171548 8.95198199511996e-06 -7.15231418748377 0.00476884495001185 -13.9540786763088 0.386538343641157
199811 -3.5441841763066 4.04033672008819e-10 -9.77379319882155 0.14902274167216 -11.4560769753252 0.00288236770388002 -3.54092986614307 1.91355986111172e-05 -7.4734125555078 0.0186440598057364 -14.2822151598202 0.791778955877558
199812 -3.50973340326837 4.30215811246968e-10 -9.63211988702741 0.124469194425428 -10.7481449541419 0.000524498124377218 -3.11147520398414 5.27375380871024e-06 -6.9731790439082 0.00986096857040891 -13.2479209269031 0.478812589115758
199901 -3.56560007745734 8.03115373799451e-10 -9.67596525090801 0.145253011108182 -10.4837156573012 0.000301309108214653 -3.05264215711634 5.85488137746185e-06 -7.06569997661131 0.0215788203740737 -11.8242377005059 0.0843782414854763
199902 -3.45362359248744 8.24747271777962e-10 -9.48317788280455 0.12261013547709 -10.2584815107975 0.000192075456143495 -2.92209468750484 4.95230945288659e-06 -6.42023107426593 0.00872225987176541 -11.6586517972898 0.0834890895159614
199903 -3.44424282553673 1.89812685412429e-09 -9.58863788393838 0.179218679699472 -10.3858165605145 0.000413879762356766 -3.22866185896615 2.45799617135257e-05 -7.18207355786957 0.0746171094975917 -12.6029972736706 0.397853538059682
199904 -4.02855282963925 4.52151199515011e-08 -10.889483454711 0.743993033713156 -12.2770064457288 0.0148973312705302 -4.49057539243662 0.00289371178256817 -8.79844166034847 0.947443791671011 -15.7597139151227 0.0716202724775598
199905 -4.04431104098288 3.58612541028507e-07 -10.6407567689616 0.96727808002895 -13.3865527809965 0.475820514977521 -2.31323860918191 6.77427032103218e-06 -6.27215087870157 0.082700858412202 -13.3442568793686 0.373194664179433
199906 -4.5450513790291 1.55894477157363e-05 -12.2005345070358 0.0863560271647835 -15.9316908865126 0.0491821538797103 -2.69062657064665 8.47730244121189e-05 -6.87139902210743 0.391289953223259 -15.2085359919234 0.00388150865127836
199907 -3.96735056063555 7.69557268906367e-06 -10.9095538611038 0.281703508584952 -13.6190401418036 0.463871456363344 -2.23600556995751 3.91374890788017e-05 -6.16322537561291 0.244862579662842 -13.7709716241327 0.0209227792443031
199908 -3.78906229070746 5.88697245640121e-06 -10.6310292611658 0.356073361111233 -13.0422972580316 0.723775154054648 -2.17689896370314 3.68194772900047e-05 -5.91082868299713 0.166680560523432 -13.5254815724386 0.0307010215389356
199909 -3.90072696017136 1.35349175671691e-05 -10.5606116436994 0.354259158496506 -13.0687672392464 0.644492671150143 -2.06418263413717 2.60165950757986e-05 -5.83750854134353 0.150599256495952 -13.2722812982438 0.0492473463296874
199910 -3.82197555081722 1.73870190477292e-05 -10.4355120826315 0.362678719196659 -12.7653976586852 0.737968674079856 -2.13684099848921 4.10549977704803e-05 -5.80055248541562 0.149086160850546 -13.1163218641181 0.058732931230321
199911 -4.1544916772194 0.000112045064993311 -10.6661327168583 0.228662065656471 -12.8863094994901 0.566557010362871 -2.39263344159726 0.00012452891824907 -6.19964296474882 0.261869078998544 -13.1065961824215 0.0519513998167089
199912 -4.47690185253669 0.00104014373776361 -11.3670556727579 0.045809675369254 -13.8304967481805 0.108923798222404 -2.96741529571698 0.00149122365494312 -6.80652792323815 0.677053168563848 -14.0617446052844 0.00489807477841672
200001 -3.4726848184641 0.000124195983762237 -10.6138857012511 0.0941353089042113 -13.6041750309509 0.0756849992635712 -1.70045243476691 2.88371897031104e-05 -5.92284725757517 0.300083810217117 -12.3487495735103 0.148270030234965
200002 -2.92711084246915 5.85974710766825e-05 -10.5580645409444 0.0564238621635249 -13.8867027914037 0.0175688856286173 -1.74079749151794 4.67990432632359e-05 -5.59735379201225 0.210630040920972 -12.028921320364 0.295279502761296
200003 -2.82728067022349 8.93475733165476e-05 -10.2285244169294 0.0598672002108575 -13.0881059525693 0.0325042401342312 -1.58731895899198 3.72074597910721e-05 -5.62263703769843 0.223014631384419 -11.6163725916205 0.381619193202124
200004 -1.35681231662779 2.81620541015597e-07 -8.25596076435173 0.848596656645425 -10.6091573790461 0.992434623409936 -1.31632126093946 1.358177479129e-05 -5.54688225080455 0.188590972085675 -11.019515955804 0.44136177191719
200005 -1.88830745136321 4.91266707311738e-06 -8.96230841735923 0.362298778342122 -11.470465896006 0.456895507179594 -1.56068080243859 4.38512453263872e-05 -6.33506070010474 0.512321088068506 -11.957310763843 0.170930546393391
200006 -1.13132358932546 2.95745159984467e-07 -8.21649389687222 0.717811077075782 -10.9310426858314 0.702369847355423 -1.02335063749057 5.95971937287788e-06 -5.02337218736886 0.0678973796270535 -10.4573284335175 0.887255619033083
200007 -1.13454901536694 3.41371983485794e-07 -8.21594953090885 0.718388524291265 -10.9318201929846 0.701968111845907 -0.930684923635994 4.65323903605174e-06 -5.01681733406523 0.0687729229517039 -10.4717793359496 0.881523934542477
200008 -0.979426225203217 2.70783882388094e-07 -8.11042552213708 0.730060553933545 -11.0231435808796 0.593896597222866 -0.936884036745811 6.58083299556519e-06 -5.07796473339073 0.0858203596510065 -10.8116441185363 0.644857184762604
200009 -0.179467965270663 3.7442565153914e-09 -7.43586297816254 0.81779391883944 -10.0757855000463 0.83818382729549 -0.184340650624581 2.49905552263782e-07 -4.59464053992538 0.0378372394620579 -9.66786114451486 0.727750612792956
200010 -0.487606518110484 2.00016738659766e-08 -7.34433433407105 0.734923284702959 -9.72268348551013 0.612550746956066 -0.328243211900903 5.43885065239394e-07 -4.34537054067259 0.0211025526794513 -9.29401386839199 0.531701323397705
200011 -0.455153417304333 4.1144849766896e-08 -7.32955891612617 0.73089641937471 -9.72228146132139 0.617292721693286 -0.432476246707814 1.49762852767151e-06 -4.35801491238446 0.0228724932212339 -9.30542860366057 0.541750627133234
200012 -0.474862398990528 9.40833167721337e-08 -7.3286955247216 0.73102841179072 -9.74244721489075 0.641972126829342 -0.223670917930274 1.21242731974291e-06 -4.22273231100374 0.0163636752997548 -9.56589939110028 0.652988174839316
200101 -0.255878213786542 5.561653054723e-08 -7.33718411198101 0.745824396891146 -9.67679899377765 0.650918662834873 0.0344423934297566 5.8138093177184e-07 -4.29889046141116 0.0214228472201441 -9.74794769633256 0.847049397189572
200102 -0.440924154505629 1.63765610790131e-07 -7.20673148646926 0.679689841982718 -9.6454559765127 0.6989425581829 -0.203361838718585 1.78356821077118e-06 -3.95101140219618 0.0113675244283056 -9.65772785417924 0.925096503912534
200103 -2.26224962279038 0.000215171835867389 -7.53304447648817 0.798213913745202 -9.30956288505542 0.472181250301421 -2.06602408924763 0.00196472119100114 -4.28109142715283 0.0159564070839292 -8.78770756232783 0.381157179102878
200104 -0.824065927058681 5.82752743155648e-06 -7.03430690616309 0.546172938761754 -9.36870542570105 0.496584894780048 -0.0946316468532604 1.05316977536711e-05 -3.1370165579518 0.00159040486293723 -8.78166230673287 0.383248462913249
200105 -0.463595588035615 4.078825907434e-06 -6.86125395353376 0.45697562711273 -9.57728024707596 0.595127200916732 -0.0816253340531592 2.68740200917619e-05 -3.10664549301283 0.00205115040360024 -8.73578200288156 0.37526661498177
200106 -0.118157422820597 2.92028045561235e-06 -6.85615209705661 0.454507299259457 -9.51478541597222 0.608486068004818 0.282572230889322 2.07821296950607e-05 -2.84896089529953 0.00144460611746159 -8.72017937087572 0.374319968215059
200107 -0.670488555033955 5.30858727890859e-05 -6.90071067783407 0.473604869560126 -9.29925521882595 0.487164762089788 0.210782797718967 6.76475594645561e-05 -3.19943518516768 0.00510254822792544 -8.76674787163723 0.405526896135081
200108 -0.681623872048376 8.48007372461439e-05 -6.83349880407902 0.500303455175599 -9.38130320692736 0.581917367092033 0.348510454934958 5.70816736911152e-05 -3.27983253712727 0.0084962815696661 -8.9282072449123 0.527540440415605
200109 -1.45477031678667 0.000815526107753172 -7.72574759828091 0.911457991279035 -10.3669691204836 0.983271960313192 -0.140126325460632 0.000277421048514782 -4.59262862282053 0.0737469069057294 -10.1129205093509 0.959755185434964
200110 -0.677940146259659 9.14361655457253e-05 -6.89105841346009 0.493595325642586 -9.57477961791675 0.598757338558928 0.147875346624882 0.000149205488964189 -3.33208122656179 0.00812230204339565 -9.25137541849008 0.711197976432655
200111 -0.219618373283659 2.26456368825443e-05 -6.37817776156 0.278437254138253 -9.11984809377497 0.385704010393761 0.633579687969288 3.20769180817069e-05 -2.4064807776728 0.000803602994447513 -8.34198667459611 0.317652349302988
200112 -0.146803476321478 2.5628321324102e-05 -6.28464277478833 0.280872236546634 -8.89947549034371 0.348834348152166 0.719955558844276 3.11169147034207e-05 -1.99356234083639 0.000349067120444748 -7.73878769945886 0.179868524954212
200201 0.0528153336297632 1.80945088027411e-05 -5.79430567689674 0.152949846557498 -8.45518195260333 0.222999545837438 0.807405586404308 3.03491024603383e-05 -1.82449211767564 0.000311111650196798 -7.46609800616069 0.148198271054849
200202 0.0578019401824559 2.68947832793042e-05 -5.5998150392782 0.131647244906489 -8.29356634694867 0.219477424234247 0.791776216784146 4.44905567083354e-05 -2.01695553694268 0.000950212586135263 -7.24669031470391 0.148930877106187
200203 0.305014126093217 1.82912722170567e-05 -5.11550454394651 0.0697223820311773 -7.67533931232405 0.115171474145738 1.14708939457965 1.7770834118398e-05 -1.18638235830177 0.000152033550633981 -6.85033946162235 0.129028381324409
200204 0.211563553717287 3.99312088687938e-05 -5.08125394816075 0.0740794343002767 -7.49927818727443 0.105526073320234 1.05134067462637 3.4995308500605e-05 -0.863193538263096 0.0001003547185364 -5.96123701681963 0.0471995106425141
200205 0.58987775756919 1.74930442594964e-05 -4.64694900129008 0.0371625780072395 -7.02406176548438 0.0572681113360315 1.1878664519218 3.2946245707656e-05 -0.435816814958589 4.73539210351835e-05 -5.73573644465415 0.0534813278573633
200206 0.227529293860185 9.60242651285132e-05 -4.90687042384546 0.0647023352921797 -7.27218564776768 0.103602156151888 0.784374329333493 0.000186683206704054 -1.09555492351172 0.000680271051525749 -5.66802142232083 0.0996112486532215
200207 -0.381725639784447 0.000879308796358187 -5.41578741658952 0.145510183483604 -7.90956227496746 0.255475489595924 0.31329781515026 0.00111744732544053 -1.66970237833457 0.00565258944939595 -6.2081640172337 0.311595329316202
200208 -0.241453945150516 0.000750025301114834 -5.2942076845695 0.136754556155996 -7.8168126850926 0.250965369474333 0.400528599394545 0.00104531779366115 -1.61804222085693 0.00590398488485064 -6.43710306175511 0.448002429698348
200209 -0.637728896472955 0.0024427884847899 -5.63750860545518 0.217615930045061 -8.15054541520055 0.35177547590996 0.148839851678451 0.00227152762406751 -1.9548594618682 0.0125136568713478 -7.22546010516434 0.84522074306357
200210 -0.491023043685579 0.00209176286308914 -5.49470061592947 0.196475693337956 -8.02571971127781 0.323307565224456 0.424424102662568 0.00124367775212665 -1.56713720194828 0.00576656755783134 -6.74226020498296 0.650691473837843
200211 -0.476071644346376 0.00254369686490259 -5.47143475977343 0.215491542822452 -7.83544699751586 0.283972658908133 0.530240152989814 0.00107089804656968 -1.41225668174256 0.00455617542231506 -6.23797432839208 0.467297590174248
200212 -0.338910035858708 0.0024086269270662 -5.31716003899505 0.205768849556736 -7.75970575477418 0.287641392187281 0.419954436980707 0.0016939041433679 -1.58554104874025 0.0079016300192327 -6.67652030068528 0.736427743682868
200301 0.0227712227797716 0.00127913839076268 -4.97524281349979 0.160444490817268 -7.3842817096563 0.215717098880161 0.586955264065736 0.00134190676108415 -1.46628835917011 0.00797701610199789 -6.31340159408031 0.66073028220231
200302 -0.0660920628494877 0.00197730713595881 -4.98593426287137 0.179911844059166 -7.25892918318449 0.196599070502037 0.563701172979714 0.00165649950349546 -1.5745614573607 0.0118554743144367 -6.23709732682816 0.687746725285769
200303 -0.153238033716674 0.00298880179986588 -5.01966618089169 0.208873016067017 -7.41995735194321 0.25117018015076 0.626399483480822 0.00161335712527253 -1.5449532558748 0.0131622021808662 -6.51969624000901 0.902927887406916
200304 0.0965622982920022 0.00198036970959015 -4.7574745611769 0.166237729049983 -7.29765601515677 0.237220401038606 0.881723699348258 0.000910567937226957 -1.11969159433063 0.00583054370750505 -6.38537752495856 0.909794920286268
200305 0.442238499994696 0.00092214709788913 -4.23895695049332 0.0788612767865085 -6.72692789588476 0.0961403437419185 1.05597435205439 0.000612504296380851 -0.797626164812204 0.00288383341818124 -5.54904037329738 0.491439780046522
200306 0.681223570400369 0.00056934801010894 -3.99318462902927 0.0566267001438654 -6.54850735029129 0.0750520589242776 1.18561171638607 0.000473776367003536 -0.604262952515056 0.00199354640254802 -5.26157419785169 0.408411269828047
200307 1.02106747129876 0.00026657676707832 -3.45515980711402 0.0229528908550879 -6.01759333328489 0.0296213262340408 1.19562314662552 0.000536405713735785 -0.415492761522596 0.00149885208714453 -4.50257726543131 0.195429519508559
200308 1.04818476059572 0.000252395353838993 -3.16405404182705 0.0136965696391655 -5.31773405649985 0.00703829605229298 1.19403319692948 0.000582407751642523 -0.300342208243309 0.00116179423912935 -4.19589674862213 0.113871049504715
200309 1.08223158887403 0.000231970336286713 -2.69728651236163 0.00550155233438966 -4.63212712681487 0.00173375336190517 1.21654885509933 0.000574047004651067 -0.2123383734844 0.00100865624089776 -4.00247863474699 0.0868825607565976
200310 1.07507467567728 0.000253850311188504 -2.39974605731785 0.00307102747892209 -4.15829255083096 0.00066805100403052 1.22065750211394 0.00058934766278548 -0.0277697938662724 0.000638258915756009 -3.86714060538047 0.0729561820448174
200311 1.06282428418327 0.000291929130276174 -2.35183680835893 0.00305158472266819 -4.15893962356053 0.000856853009929404 1.22307590555313 0.000645117569281538 -0.0276947331884658 0.000692854922427358 -3.91249813772376 0.0798990765178356
200312 1.02290598596418 0.000349044438836706 -2.16746781285986 0.00222699380276895 -3.84972014727694 0.000548471008348768 1.17400054851369 0.000766543157476016 0.063680821981138 0.000565671282854688 -3.79195419915936 0.070165563418191
200401 0.980408288472723 0.000425368290795435 -2.00956089605879 0.00170775943027986 -3.15749345559644 0.000105620751686569 1.17321040582331 0.000841161250856919 0.0800418226837074 0.00058839357151926 -3.37773257557763 0.0306545625092123
200402 0.942298848494039 0.000522929853708457 -1.94027846558873 0.00154390324521267 -2.88158113001309 5.49328066486892e-05 1.12460268990316 0.00103368728718578 0.0854913808057689 0.000611829383922631 -3.37394152321697 0.0316067725339643
200403 1.02336105069453 0.000466790553111499 -1.97501668592655 0.00181380573599707 -3.11282123254932 0.000121023675493768 1.15293853419907 0.00106089061279865 0.0861211083829971 0.000665808591126803 -3.4668875913046 0.0360920768567334
200404 1.16569530119403 0.000333510177472275 -2.12394666523372 0.00253435933639786 -3.59924400461478 0.000435914208932916 1.32460404445974 0.000696634974452349 0.125540569976446 0.000628737561947555 -3.6574456146915 0.0484552508700108
200405 1.19132758772661 0.000341702925883771 -2.18799734257085 0.00330380789510465 -3.70711019577574 0.000793761021160625 1.31850706304365 0.000771535413300754 0.122100523931445 0.000689009388990868 -3.66466197282393 0.0531051892208519
200406 1.19573488499942 0.000372019844338289 -2.18890579763631 0.00371140985238963 -3.69769375581854 0.00102297043843649 1.31662293339718 0.000846580118579111 0.122186000088342 0.000750029630322655 -3.67390568886901 0.0570401888997488
200407 1.18092746661257 0.000423474014295076 -2.10140814823625 0.00334916753108699 -3.602061029197 0.00101926159570859 1.30267298170555 0.000953940918183943 0.123871164558054 0.000810367777092448 -3.61247245082279 0.0545172601705074
200408 1.18633039667693 0.000460945460574992 -2.09888522651598 0.00357450612579226 -3.56402758153622 0.00104933823830504 1.29497631015668 0.00105104871842224 0.125950511683404 0.00087800084826259 -3.41036602663578 0.0386692173459275
200409 1.07349253423814 0.00066833174126008 -2.17154344103598 0.00428942798450658 -3.57612155836535 0.00110713282007117 1.20343477304244 0.00136971698012982 0.0592150608023534 0.00107035787989703 -3.40881102709656 0.0397968473955265
200410 0.896365990081149 0.0011438984905928 -2.20703029540334 0.00511469390464428 -3.65286478266611 0.00141978951936377 1.14279099053969 0.00174289101092226 -0.0537822968459389 0.00152203537620928 -3.40103531025389 0.04085709175726
200411 0.659774810885727 0.00213214673538665 -2.35519519268736 0.00707055135288894 -3.78708511348325 0.00172895003769209 0.959339512663415 0.00272591794438264 -0.193531825478965 0.00221768207979316 -3.42439963120778 0.037211479160569
200412 0.656906981531591 0.00247506027826177 -2.32034635975189 0.00737118386487558 -3.92649716216285 0.00252018753767079 0.914456159760912 0.00334678836558772 -0.28559956496077 0.0030236896907301 -3.46396545124352 0.0414093572564375
200501 0.635407830375145 0.00293196326172113 -2.35757618805137 0.00856790145091868 -3.97095445578843 0.00302718755278843 0.929855642671362 0.00357400206394764 -0.264649248031046 0.00320163537152591 -3.43649090602114 0.0404523002687112
200502 0.59401857876441 0.00360648912657515 -2.37560044245173 0.00967485092965554 -4.08564104314475 0.00410645427969716 0.776627272624986 0.0052253918773061 -0.334529938997741 0.00405352894335886 -3.4425965740122 0.0420306114709869
200503 0.832146210377471 0.00246010499144712 -2.08891180031898 0.00606874043481233 -3.86128706031834 0.00308993027091245 1.00072726614355 0.00364828971388703 -0.112425500952162 0.00287227315764998 -3.34791585483671 0.0368706441532543
200504 0.985780063585906 0.00197930884140669 -1.92409096394144 0.0046356720971771 -3.67102330085507 0.0024160522047458 1.16599001774427 0.00282612138672096 -0.0760532644074274 0.00299803435172103 -3.35716951144838 0.0386075360213071
200505 1.16553182165154 0.00149479686853354 -1.82563558858844 0.00413012054618342 -3.44144429125783 0.00179085306045328 1.19394510040047 0.00297816860315362 -0.000229065585477528 0.00294167999208905 -3.33277045566027 0.0390775943852993
200506 1.12157877946394 0.00190419878474187 -1.86880419557118 0.00511739270752773 -3.44048142087412 0.00242936124749882 0.986018147790912 0.00504127400855981 -0.129979515905077 0.00462775506199555 -3.49133846624761 0.0532516604899815
200507 1.04945850084386 0.00246662635966794 -1.89627152824934 0.00587799516872086 -3.42025229206009 0.00282000314282038 0.91434840941309 0.00646990657209444 -0.174351010859009 0.00581394080445597 -3.68746591014606 0.0711562651094558
200508 1.01366731229249 0.00304164052993432 -1.90379397540366 0.00658400231037054 -3.37056444701389 0.00295876522353527 0.881389584155068 0.00763980634005289 -0.0789009390570472 0.00545117991630552 -3.61585394998551 0.0679298217128867
200509 0.896957507266793 0.0042713801458728 -1.96825547733774 0.00783947659517864 -3.42820364779006 0.00361889733018753 0.72718417917601 0.0109044165628445 -0.175421532464015 0.00712987570571251 -3.63600743453154 0.0722145201678588
200510 1.14029709903031 0.00295054873089584 -1.79198317793625 0.00601346384799463 -3.15749909502727 0.00224649810540235 1.11832906528651 0.00552223954488513 0.167421051103955 0.00393563087448622 -3.42966208177518 0.0516911565239094
200511 1.08327412165445 0.00386639546850186 -1.78267513189188 0.00657861232080594 -3.19334938611289 0.00280009889634176 1.00950173003138 0.00759825265119464 0.0950855050448451 0.00516822948089519 -3.49614525900326 0.0588180873602544
200512 1.06349399364779 0.00465969968938647 -1.75492649871716 0.00694484634283096 -3.22313208422893 0.00345066069248351 0.932563258793073 0.00978031411428621 0.0740190697312793 0.0061429807244486 -3.4994753134681 0.0623606973209523
200601 0.87723279312979 0.00725148173358295 -1.90632844354146 0.00934181158661134 -3.49402418821581 0.00591577409002407 0.690041938640584 0.0157436968116294 -0.0900764057873982 0.0089794634552646 -3.61048168943723 0.0725002016338194
200602 0.853083746044858 0.00858671895126076 -1.94342417599371 0.0110463277185099 -3.55216016811712 0.00767985640940376 0.91527794392231 0.0117249516897311 -0.0687016592595846 0.009763630938183 -3.59064196144399 0.0747489262941533
200603 0.758065545098097 0.0112953191164675 -2.01406346146211 0.0133218811206727 -3.8251956003402 0.0125378162621899 0.829978672417586 0.014814842755158 -0.0402159033400906 0.0102683941323559 -3.60070459362887 0.0783663915020837
200604 0.509806538601787 0.0185638954855706 -2.18453447658571 0.0183964591809969 -3.95417030176923 0.0172343116772814 0.614633258359532 0.0225130753082008 -0.286641304880053 0.0161257144742298 -3.69880294072213 0.0884216309591902
200605 0.76502514777087 0.0131217399251618 -2.03567023230411 0.0146353988027186 -3.76107203488261 0.0130688299450171 0.839688728877908 0.0167267800514305 -0.0193781107884705 0.01047995054947 -3.73151748379328 0.0866464048203365
200606 0.903421445073038 0.0115179382648551 -1.9793042274278 0.0141656540211616 -3.64364423011585 0.0118130894293869 0.888482222000309 0.0169712445672377 0.00804724835281601 0.0108831634476874 -3.734233986133 0.0897737254681164
200607 0.804895289216612 0.0153940988939114 -2.08799681093035 0.0181250519459932 -3.56964680002405 0.0122755417855816 1.00654649411573 0.015746749724191 -0.0507563590495641 0.0134590559363901 -3.74481782269902 0.0941138270747333
200608 0.812985053688675 0.0160268641744928 -2.02064791070331 0.0178126086053998 -3.47804802595133 0.0119766395349424 1.00836528597511 0.0165843171588984 0.00269825168371929 0.0131640080119954 -3.58197890138765 0.0836335563878809
200609 0.824068866505934 0.0166934930306832 -2.02749516642802 0.0191093604205541 -3.45565889579655 0.0124492536424074 1.03194061101041 0.0168571525494845 0.000836361788858486 0.0140179911723328 -3.55489536902043 0.0848414011271943
200610 0.776784296951594 0.0180470158543027 -1.91479832081269 0.0157952550617589 -3.35792914592279 0.0111676132841752 1.00534269417734 0.0178859332112279 0.0561496915867377 0.01298873361926 -3.4898658117499 0.0822175611823692
200611 0.72610093133173 0.0201871062813548 -1.89145980094982 0.015802423654863 -3.28449250869236 0.010171423834547 0.986440188062321 0.0193613038186342 0.0686567932395521 0.0132929703721605 -3.33596546629535 0.0690783143697095
200612 0.694747043873345 0.0222381013494907 -1.86826158170803 0.0161264487052151 -3.25193782777333 0.0104192353314828 0.971745830512782 0.0208495489068036 0.093122961901182 0.0133197678960726 -3.20180258323255 0.0608694554511792
200701 0.669426082380942 0.024111721811824 -1.829100215195 0.0160139262110367 -3.10843249275847 0.00846455259893591 0.972804132777882 0.02199394611568 0.099734344487723 0.0140248601905888 -3.09159950326987 0.0557281747151845
200702 0.665917190572396 0.0256574683724413 -1.82500083294044 0.0168674337495041 -3.08091442687737 0.00853382791387351 0.955553158698641 0.0237585642971145 0.0987441234007624 0.0149365269453494 -3.13338105174306 0.0609869195662344
200703 0.587570295541529 0.029571466904745 -1.8376854797242 0.0179887825504812 -3.11409327248762 0.0091194474149809 0.905819842516931 0.0263399689567817 0.074921638183012 0.016198858205985 -3.10341880942058 0.0610443365645715
200704 0.45337815037696 0.0362649467247997 -1.89375270269638 0.0196745831594853 -3.2396632694061 0.0105632468098522 0.849159740180805 0.0298353593610944 0.0150790389682354 0.0184347154477675 -3.09526383953789 0.0624740293958586
200705 0.395623243467003 0.0413478738489068 -1.98811129434966 0.0230621453991606 -3.535021938104 0.0147712643752795 0.806465567358605 0.0333392049523892 -0.00668998178452451 0.0202962974880856 -3.10334364394806 0.0652369332486732
200706 0.334065104551085 0.0470927281709072 -2.10798903737164 0.0282389628895602 -3.75872810706419 0.0210506463959759 0.742120393997181 0.0379937114509642 0.0143461191856931 0.0210727666392523 -3.10759854362761 0.0682429394644418
200707 0.292767950693107 0.0518822565187494 -2.14488375428328 0.0314736256704649 -3.98858132463467 0.0295645041092208 0.746508862409134 0.0397587654031493 0.0350914852481177 0.0217236127105557 -3.11639404921333 0.0708822595139411
200708 0.349481280662312 0.0446855532459895 -2.21502025077094 0.0290569636347375 -4.08903974978103 0.0235327155385583 0.747875865895831 0.0415401821863338 0.00338423308237079 0.0236287602965977 -3.24294796678601 0.0822268143401367
200709 0.378998823492049 0.0432644393100059 -2.2034046966724 0.0264261658866507 -4.10588562336709 0.0242651908078788 0.81555618407928 0.0330614188283584 0.071049063741746 0.0203767320606895 -3.20024389595097 0.0726072482817704
200710 0.434093083253617 0.0412380063832882 -2.1750823206854 0.0257045888155618 -4.09504878114901 0.0249958601937599 0.849888717777991 0.0319360771903712 0.1361076489649 0.0190036351573344 -3.12025482137628 0.0607610059204755
200711 0.338555334630142 0.0457956600196069 -2.23843034844666 0.0260299534706479 -4.17086199576666 0.0257200283674228 0.826945154527503 0.0335987475443452 0.0576267977829725 0.0202807165999061 -3.10235324323993 0.060179704356752
200712 0.30231467451225 0.0502205260610551 -2.23558817006611 0.0275623366192052 -4.20934049277639 0.0282654915485502 0.800500899188061 0.0364173165612872 0.0328045935236609 0.0223210868212006 -3.09096105129383 0.0615482471918452
200801 0.0200575145960724 0.0626218280437256 -2.41327108476217 0.0252221574396227 -4.45814054554572 0.0257503136721003 0.667884591756518 0.0404956441709606 -0.144097036481128 0.0258462147960792 -2.9624507975365 0.0469712458933614
200802 0.162159791060301 0.0561729983306978 -2.32255301775806 0.0240570717695219 -4.32619183184833 0.0227151165561965 0.844737852532107 0.0333792398709936 -0.162500782452701 0.0284278833819962 -2.96585227960535 0.0493045244593985
200803 0.0535948683860088 0.0612468425641229 -2.36394397295829 0.0232976878641055 -4.30231065778566 0.0195115915803161 0.848641218402701 0.0329746449227548 -0.184435489316703 0.0307505806193301 -2.76963377585147 0.0386542116251813
200804 0.115865305396512 0.0601071656299667 -2.2760662573815 0.0211436087677922 -4.29874600110365 0.0205270413441536 0.949625559377787 0.0291922945837879 -0.125143742956446 0.0295155284966059 -2.89554438814585 0.044582417513282
200805 0.282654670383098 0.0507889879930771 -2.2596610982242 0.0212619389267159 -4.29978045846144 0.0217471865689129 0.955018060207613 0.0304943099780262 -0.114012627985005 0.0306445599509189 -2.89151194787136 0.047125019348948
200806 0.0392870479651197 0.0649400915458795 -2.26511880401272 0.0207489191731789 -4.31683138621721 0.020630963506745 0.933113596841439 0.0324901737440544 -0.207553879290523 0.0313827652974442 -2.67709669744083 0.029622814540263
200807 -0.43117937787216 0.104348097986925 -2.51944253808785 0.0273448925159756 -4.58228576082145 0.0272222862853433 0.732807012930237 0.0390237343174948 -0.361788688055675 0.0401443202152599 -2.73502698200101 0.03400630102191
200808 -0.780244513815731 0.14625619024971 -3.08963370677415 0.0470446991716706 -5.35718285963767 0.0510433263185743 0.524754620839141 0.0514062443856307 -0.7195249334911 0.0592319876590215 -3.17607673085443 0.0553069675831576
200809 -1.78808497994016 0.272427641046508 -4.81203603051323 0.146886293956159 -7.6841139816674 0.201070025465178 -0.508804926510309 0.0913817665312504 -1.74566771207032 0.12661863950469 -4.97844998805539 0.183837025602068
200810 -6.42100408958834 0.847263953044394 -12.7411156634828 0.566699880010052 -16.9203327657099 0.352566637212765 -4.17132027434057 0.534606243815318 -5.63441801414062 0.726751571372921 -11.1945094183706 0.571215608652879
200811 -7.74452439924185 0.470834523351203 -14.4190461608877 0.188754422571912 -18.3080861713969 0.123696113212187 -5.25664984840395 0.889187930376936 -6.70468865799008 0.893508839681103 -12.3763009721741 0.251336870865695
200812 -7.19375884763804 0.634491486805611 -12.7109147142816 0.49876280716567 -17.0021817695509 0.281257146284872 -4.71842658979871 0.7238818272821 -5.93598350850495 0.859276820628849 -11.1737750883442 0.475969970245112
200901 -7.75622778960039 0.514671371265923 -14.1268453454149 0.260490623858186 -17.9569474791312 0.165702958647927 -5.47640377377703 0.932816433256159 -6.86893633683272 0.891951232940963 -11.7811162899818 0.347725445645099
200902 -7.71114392028713 0.508337867903351 -14.0037814286772 0.225451905953082 -18.7168267956787 0.0855212309851965 -5.80117925885326 0.926186760717603 -7.67633639772256 0.618559637418544 -13.7152382949987 0.0996222723087562
200903 -6.24331335966164 0.945555285057699 -11.3744996992254 0.714994942446606 -17.2807581719504 0.153859959155543 -3.91580917423917 0.516674719970542 -5.07489340944891 0.621795443762038 -11.4763221475452 0.316373717208267
200904 -4.74204280169748 0.533475348285509 -8.47560175786681 0.441101186079137 -14.1126075696653 0.737455580554071 -2.13458150268835 0.156304523603895 -3.07610328785055 0.184082294365388 -8.8245782954433 0.977141601478747
200905 -2.91034300716035 0.0769085312861144 -4.36807873325045 0.00422741964082275 -9.10126143974872 0.0121182144988554 -0.434785587737996 0.0257494690505839 -0.953004951503256 0.0183653742032837 -6.22940654559951 0.18760893035118
200906 -2.79791945575329 0.074145808175504 -3.9436957365772 0.00336937749570671 -9.1393838779434 0.0176406166581321 -0.255939791763438 0.0239385567541872 -0.753113420278173 0.0167311964835318 -6.29102646965192 0.213383561038981
200907 -2.29292054098846 0.0456711638198187 -1.94617547826046 0.000169948027683162 -5.8549742631623 9.97381390076603e-05 0.8239818572636 0.00625215465205407 0.557683297308409 0.00265941610953033 -4.34289009049165 0.0305988587973064
200908 -2.89426704976325 0.0864769068532125 -2.6313166641591 0.000707028337373846 -5.97212728949545 0.000193510282171474 0.82629515397471 0.00777054061607649 0.160750610605431 0.00593652931211627 -2.47598316241746 0.00671528721725454
200909 -3.81547670621034 0.182618854058845 -4.29039653958512 0.00610292637212974 -7.16092532548089 0.00110191460171548 0.114207823197854 0.0187940776458754 -1.10264478966162 0.0258555817446582 -4.00869570702997 0.0389117889229098
200910 -4.12439342706257 0.268811853402721 -4.23914186247432 0.0110254529932977 -7.27485639692234 0.00256963705787232 0.468555301339635 0.0169327445218548 -0.656202859250499 0.0243702234431081 -3.99651905022771 0.0633438925990241
200911 -4.85725911543495 0.455971086985778 -4.4158983944129 0.0223749999223106 -7.91137755030735 0.00874511254439811 -0.0345784319978115 0.0348683515393301 -0.694218623935172 0.0352911926055616 -2.94749392125182 0.0386286607489796
200912 -4.64227092234495 0.472279017399639 -4.106905293408 0.0283570287204374 -7.9285203312887 0.0163871677743287 0.00387086828139704 0.0420674238043963 -0.871307726076909 0.0561964330560792 -2.98433701380181 0.0610646348645071
201001 -3.88172806970086 0.364747009350176 -2.43341526497181 0.00867342151104643 -6.36371138613987 0.00638705052865304 1.56071405487862 0.00919749700407767 1.12159583182124 0.00952974130786864 -0.148809835996011 0.00453393261132227
201002 -3.87994153659774 0.398844844852142 -2.23607635410061 0.0102915118507461 -6.08153728262888 0.00755487189802452 1.38036679975418 0.0131428290552709 1.00970006793512 0.0135456348776116 -0.611431021348263 0.00985950128206973
201003 -4.77611712933748 0.642804993485578 -3.27609515499607 0.0408553108268912 -7.81328010418638 0.0530854349810529 0.555503463681628 0.0339447245111271 -0.240656146995288 0.0534655425669416 -1.72644837231233 0.0410148842427177
201004 -5.4791708344025 0.890583180372523 -3.67360257662279 0.086335974450077 -8.12351941804115 0.114238352227781 1.05353835845682 0.026906185747216 -0.243578424805624 0.0726583010053425 -0.629549121944417 0.0235983372366528
201005 -2.24562417188099 0.18875176290822 1.05657756230363 0.000463132379933554 -1.9669782995088 6.8209465530423e-05 3.72383920703715 0.000989495308912222 3.57349683532914 0.00114444252401686 2.44236501925019 0.000735313434145799
201006 -1.72946008752386 0.157845432436383 1.78110874769102 0.000270117429545538 -1.28315034774511 4.89302410049898e-05 3.86547211852776 0.00105718208450681 4.03799158477361 0.000866753619266757 2.54508230449816 0.000911415012139648
201007 -2.97047866639006 0.329943689795688 0.609949202792315 0.00145939013208403 -2.43267487814867 0.000317606194850631 3.21014812578886 0.0026011025838671 2.73679926379804 0.00420305971856298 1.59823037030629 0.00336461593389309
201008 -2.83672490456754 0.337276027775705 0.855707562953401 0.00140110227651215 -2.1252751039863 0.000266812943093737 3.64136009669803 0.00192222058920225 3.0745585206267 0.003514073192363 1.65443987629531 0.00392308943556488
201009 -5.26146749371439 0.74370274364774 -0.615582859189923 0.00427769929927682 -3.3141944257659 0.000570320927736138 2.67985879386731 0.00483018497255602 2.20960144376227 0.00804076772065692 0.438122788884021 0.00886827062716611
201010 -6.42940627162036 0.965288946250457 -1.20132022059791 0.0096256583063183 -3.80846272923727 0.00132220385607658 2.20814391990862 0.00926573365165086 2.01437541009984 0.0118949707808093 0.326596949754998 0.0125078498195003
201011 -6.27189201590617 0.987776811900739 -1.1038145923228 0.0102050212292173 -3.71853535532054 0.00145014033002216 2.3570354081111 0.00914774934075309 2.32109621457519 0.00969739086657375 0.411704762912557 0.0131571122032047
201012 -7.19917252700795 0.810519208299323 -1.81290782009293 0.0152091036772563 -4.06732440903326 0.0018843141885002 2.00304878030477 0.0127816281411194 2.11667137183658 0.0121907399760869 0.274532573766395 0.016120623645136
201101 -7.07130508372527 0.839583654762078 -1.71679823920579 0.0148145131050123 -4.07882801517245 0.00222445751275434 2.16182498255838 0.0118811152883072 2.13356059256188 0.013366789971929 0.276814476556664 0.017829767495673
