"V1" "V2" "V3" "V4" "V5" "V6" "V7" "V8" "V9" "V10" "V11" "V12" "V13"
199606 -13.5363118475947 0.0130866018443143 -3.89580724041685 0.0587884353654253 -2.80498599505787 0.121354014311412 -5.11927607624572 1.31891772535068e-09 3.93098645646818 1.59481348270523e-19 5.17175291732889 7.30654518501611e-22
199607 -13.5889845592312 0.0121688985235057 -3.91497593191461 0.0648541767600284 -2.78203561528758 0.128174826842785 -5.1002789072309 1.35171733347032e-09 4.05974073697988 9.27471718695243e-20 5.32846536103513 3.77951605081189e-22
199608 -13.6107304846907 0.0117978018969263 -3.88900052946242 0.0640322879989317 -2.73474623435805 0.124043660464284 -5.0298694929112 9.30388957840681e-10 4.25007161042678 2.91723145710202e-20 5.5060987723992 1.36120632444991e-22
199609 -13.6226914172131 0.0120015180533551 -3.89023444198324 0.065587286232018 -2.72964929739492 0.125753826612157 -5.0265690502163 1.02352115824793e-09 4.2900762983339 2.82383602784465e-20 5.5515219085522 1.3172909548307e-22
199610 -13.6353767371701 0.0120757851616121 -3.88219148348625 0.0660524739299973 -2.7095283403356 0.124695699817962 -5.01229821180611 1.05741737025913e-09 4.3609632613307 2.15385150414178e-20 5.62811538456397 9.99226631670671e-23
199611 -13.6554342521853 0.0120305175564368 -3.89243879127346 0.0693312659472677 -2.71223769786622 0.129988945898647 -5.00277224147145 1.1705129360693e-09 4.41212323405332 2.06286443120658e-20 5.68797018532853 9.22047340107682e-23
199612 -13.6553253518646 0.0129072469549158 -3.89165988501377 0.0695565251093427 -2.73022790945583 0.135719958679563 -5.0041704677849 1.38334050926544e-09 4.41693914903151 2.72669703447731e-20 5.69268866486203 1.25991046255854e-22
199701 -13.6278504375068 0.0148248602959914 -3.85813446923655 0.0646617560166636 -2.71830227348633 0.133349995224549 -5.01356678864744 1.7005953836685e-09 4.41518507288408 3.75656356219528e-20 5.69366903013038 1.74652798720038e-22
199702 -13.6177034420413 0.0161820798077786 -3.84372212977275 0.0626252183933883 -2.72530308619003 0.136334863867435 -5.02901554874968 2.10532787739444e-09 4.41527263309502 5.07193275420459e-20 5.69856263419907 2.3460240640663e-22
199703 -13.6073068856551 0.0171367176235544 -3.83675662944798 0.0627416846283297 -2.72769501100985 0.13890045097174 -5.06359132567433 2.71477081140735e-09 4.42427077883486 6.0841096806744e-20 5.71839942276231 2.72962093712246e-22
199704 -13.6114924365196 0.017214712875871 -3.83582842714103 0.0649328403219728 -2.74140612727651 0.145636815514755 -5.15822864549245 4.37802593226185e-09 4.3742375136522 1.0632610442957e-19 5.68273403034456 4.48210142045083e-22
199705 -13.6405274414729 0.0161206489262529 -3.85849431216521 0.0722898178598765 -2.77987081217466 0.162677531901902 -5.26534670166925 8.12724441229019e-09 4.26208629259471 3.11062538393418e-19 5.58896212363852 1.21916949624691e-21
199706 -13.5716396858897 0.0182066613539133 -3.7452736718748 0.0619628608272952 -2.71766642205489 0.156750789388401 -5.30456787714106 1.23075746936502e-08 4.18953098529217 7.83259191621734e-19 5.50637102173793 3.39069969792443e-21
199707 -13.5224610271897 0.0205351351313418 -3.65194980818053 0.0519370273750926 -2.65670085456198 0.143572764363539 -5.3253688891677 1.60908476830278e-08 4.168189524689 1.25241944625267e-18 5.47950074039184 5.75754296835328e-21
199708 -13.5121735358688 0.0219206724182802 -3.62405633955947 0.0482440928758761 -2.65396407604808 0.143034834112441 -5.32523476160602 1.87533493657921e-08 4.16962193356149 1.69874506938491e-18 5.47337216596803 8.42879639511774e-21
199709 -13.5131408033804 0.0250212377288312 -3.56745722615617 0.0379305587348846 -2.63057482925455 0.131359704035336 -5.30714418472951 1.9843361435439e-08 4.21761091393033 1.59396669675437e-18 5.50201920183556 9.49575189054384e-21
199710 -13.5726344069131 0.0256690155710474 -3.59623425866162 0.0352512388865 -2.69880963515983 0.141168548085225 -5.29412747548188 2.11697244186109e-08 4.27451293415525 1.30910878943513e-18 5.5321705071904 1.00728402807834e-20
199711 -13.6329624996592 0.024536825351565 -3.675251282625 0.0403074277803113 -2.806225773592 0.170665747711174 -5.30308673894515 2.49298255070132e-08 4.27435023888242 1.78217467160477e-18 5.53064801943202 1.43093049027719e-20
199712 -13.6433051872895 0.0250442616592762 -3.6958050215858 0.0420665745170921 -2.84501060741824 0.184398647178014 -5.33350566674846 3.14643358197332e-08 4.27273987035082 2.46285859439081e-18 5.53080485139771 1.9986415887681e-20
199801 -13.6366240806461 0.0260656961560882 -3.67457753516536 0.0407516606736769 -2.8416547906849 0.184764437989686 -5.41825266956018 4.75555275039402e-08 4.26259097759172 3.67990004295941e-18 5.52452972369725 2.96804731551371e-20
199802 -13.6157097053424 0.0273037737172047 -3.6018970972385 0.0358558852765454 -2.77956497605625 0.168687818231768 -5.54402603069968 9.04228643928755e-08 4.25719474162224 5.68900590148585e-18 5.5265586577594 4.38895537395815e-20
199803 -13.5490030525562 0.0318106642877508 -3.46904627479705 0.0260459058992985 -2.67921560228752 0.139504589084664 -5.58770322133768 1.33095047711283e-07 4.33047893445394 5.1025314815763e-18 5.59800093361688 3.87909586255979e-20
199804 -13.4915229459434 0.0364129569829235 -3.34697683229603 0.0189310849590693 -2.5751789435577 0.113614602539432 -5.65109703834759 2.1430508767572e-07 4.43408792241523 3.83962720521663e-18 5.72061286873279 2.46857608450025e-20
199805 -13.4424541301411 0.040102661490347 -3.23356034210489 0.0144945153408343 -2.48147296770593 0.0965486897080674 -5.71870918229251 3.46825446026426e-07 4.47769507691512 4.38700206151287e-18 5.78447662066379 2.43210188683708e-20
199806 -13.4099718871715 0.0428605665844507 -3.15593708553867 0.0121825201224383 -2.40738196136259 0.0848692069856882 -5.77190387516597 5.16054778768084e-07 4.53460562405189 4.44315855248501e-18 5.86539377670047 2.07435670760122e-20
199807 -13.419642147061 0.0414264198377294 -3.11284713284496 0.0116972099209954 -2.36222155488182 0.0816071898464877 -5.86015663940671 8.85980993586355e-07 4.58495832527015 4.96689436799915e-18 5.95037726838538 1.84425221991551e-20
199808 -13.3985050346411 0.0444771756323891 -3.08971102436353 0.0116457561881252 -2.33235454920797 0.0797305190655501 -5.90190101423711 1.15373102439279e-06 4.59190934601615 6.59464106621505e-18 5.97709190765275 2.20874876691453e-20
199809 -13.4413007227768 0.0469282961073693 -3.01484835365216 0.00946044755552517 -2.25029829260297 0.0673720835759611 -6.07082981496694 2.08572993685708e-06 4.53205588145248 1.30094375142456e-17 5.9216814223105 4.63592183311889e-20
199810 -13.7053415850011 0.0314379161373496 -3.16844065235109 0.0141277042659947 -2.42703528594115 0.0977144395917978 -6.32124694114891 6.05687175896135e-06 4.40055878733737 5.34837164915367e-17 5.81594842396422 1.88662617291453e-19
199811 -13.9168188847863 0.0229882722494406 -3.25397307441493 0.0178832765098864 -2.50932211815664 0.117644034289102 -6.53195554464372 1.43729786679287e-05 4.3356369410641 1.3596704273464e-16 5.78399141670587 4.41002971525368e-19
199812 -14.1109339583775 0.0181925222204197 -3.28936914726075 0.0196502052648399 -2.5381890229216 0.126349931904945 -6.74552664240256 3.25828293151365e-05 4.30451598639356 2.67226695157033e-16 5.84412617301286 5.37889609582365e-19
199901 -14.2795790104467 0.0160200187912057 -3.28728756062888 0.019449610924178 -2.54764414804221 0.129983828495318 -6.93870802541654 6.26994940016437e-05 4.24027625333929 5.67734607448877e-16 5.87058800231861 7.23390308556574e-19
199902 -14.4187603224775 0.0148968615057384 -3.27420741631619 0.0189517663360728 -2.55540000237087 0.133372186078054 -7.02468615546965 9.05027941945182e-05 4.23133516947641 8.51913658252807e-16 5.9447322099034 6.81597859941866e-19
199903 -14.6604358295602 0.0141993864666795 -3.29036268006868 0.0180416966585232 -2.59843918086742 0.143627560612624 -7.12434760177756 0.000121818766219078 4.21099688664189 1.31517613132466e-15 6.00352327635461 6.7612450886654e-19
199904 -14.9475415473465 0.0105280786470063 -3.35830396619063 0.0200794927462347 -2.64297793224488 0.155663905750535 -7.2787067079781 0.00019909765576659 4.16507714662648 2.36184362443751e-15 6.03602984297384 8.20665918588776e-19
199905 -15.0968430045783 0.00844704843275505 -3.3938959148007 0.0224791216076543 -2.6233292132835 0.154782738033005 -7.37477500090913 0.000295446521344433 4.19244960527655 2.8677940034477e-15 6.16386906338245 5.39434352864357e-19
199906 -15.2144204502405 0.00699206035105895 -3.42403539064013 0.0250339725499147 -2.60257845138179 0.153881687126398 -7.44250597316984 0.000395760262810824 4.19377410152858 3.94163554188916e-15 6.2242896818547 5.38760534559115e-19
199907 -15.3268847051911 0.00586850010327181 -3.45924969065634 0.0282147268597293 -2.58037560424347 0.152815344909514 -7.4878708595167 0.000492346898366035 4.20386711654854 5.11214548647231e-15 6.29243372608776 5.05313315708245e-19
199908 -15.252393084572 0.00700661825190498 -3.4136226612512 0.0280465772990167 -2.61712380395789 0.168022501082915 -7.48979610017744 0.00052960085210198 4.20364089846854 6.81399669741282e-15 6.30611031241743 6.48280806905887e-19
199909 -15.1848156915054 0.00833171645364902 -3.35270095758582 0.0262244589757048 -2.62583875406093 0.174612939278847 -7.48794836795466 0.000555153609053841 4.20739579309801 8.87557238861365e-15 6.30788323991011 9.05955197607447e-19
199910 -15.1768542718378 0.0087085167628146 -3.35215836394012 0.0273650917791994 -2.63272291586572 0.178777635320696 -7.48809264967554 0.000594959989381882 4.20645672221003 1.19060012009253e-14 6.32229362880925 1.17996686299295e-18
199911 -15.2622860444627 0.0077610179802874 -3.37933579613372 0.0300061612839462 -2.64096225725921 0.182999823589857 -7.52560674346721 0.000668861702096261 4.20475584570994 1.59587922554244e-14 6.33093520754903 1.56209198514703e-18
199912 -15.3643685408153 0.00853245238676095 -3.32081870952936 0.0266354557174371 -2.57949086067621 0.170840592743151 -7.499832964958 0.000473877582586945 4.24312942190642 1.66035182770608e-14 6.36864389481917 1.75030392958081e-18
200001 -15.9303681368961 0.0038499416243573 -3.46734246144258 0.0373145232938199 -2.59784376892951 0.180627927632908 -7.84555873711299 0.000716291892443239 4.18843108935381 2.97296881620236e-14 6.34711398862702 2.94509357931637e-18
200002 -16.6900141279548 0.000894771996506339 -3.61789594707909 0.0573595255288608 -2.55017844746184 0.184710954204266 -8.36731379199149 0.00233303723459677 4.15749774615762 5.88018339309823e-14 6.42355594668835 3.66158855487764e-18
200003 -18.1854556142767 5.5515861937809e-05 -3.89703510053498 0.0923325007194881 -2.57148060388674 0.200142263797045 -9.57743354756606 0.0203043801719223 4.02369043582588 2.18922291327203e-13 6.55034886603926 4.13974228917556e-18
200004 -21.040972139496 2.2511919719389e-08 -4.59357500880941 0.291392536526619 -2.69527069623015 0.292048146876244 -12.5394022763278 0.751149505053073 3.42122406520021 1.78866925964249e-11 6.49231932431079 4.40886793419386e-17
200005 -21.9902641285125 3.27270836038185e-09 -4.58001176760821 0.282827065871963 -2.68393259969435 0.291397313856202 -14.0995115326776 0.549413380941517 3.20645146497485 9.74095586842004e-11 6.58218076638666 9.23279002321094e-17
200006 -22.1834840908824 5.07893414849814e-09 -4.39919902900461 0.230845712197895 -2.70857592789318 0.306504982347215 -14.9797432476788 0.350956793373172 3.08922353045714 2.24949112876037e-10 6.58117664726101 1.91087579445763e-16
200007 -21.9630277579043 3.83714735077725e-08 -3.93811869632481 0.130307627814537 -2.64571306721324 0.300867034607576 -15.7385714651051 0.308143390861396 3.01822397909131 3.68585188870909e-10 6.5346330245016 4.49619136120957e-16
200008 -20.8940675980517 2.32464193918508e-06 -3.34118009861086 0.0563968319503601 -2.63339838369412 0.30049405198108 -15.9631415340798 0.454010401070535 2.9636592825655 5.46220154103148e-10 6.4361946418467 1.98699571873145e-15
200009 -19.5024264650953 0.00026890775796809 -2.60419357754309 0.0152526849904321 -2.62226372481571 0.299005119525771 -15.9706119189392 0.938455243569362 3.00446144150481 4.59465726189837e-10 6.22815931919409 1.24242605402605e-14
200010 -17.7738115386873 0.0327862184097834 -1.58855226524424 0.00143705107088491 -2.60719896076131 0.291994331638026 -15.9479837830947 0.483362663700188 3.0573513597263 3.12791107926015e-10 5.8426422546509 1.99119015035312e-13
200011 -16.1635580776423 0.382384375840758 -1.0091927897351 0.000325963931529667 -2.65079451186698 0.311172083124375 -15.5009661149703 0.103689471886582 3.202430465141 1.4395484924364e-10 5.51880777784346 1.81430909198205e-12
200012 -14.9144712652939 0.978143872634287 -0.694058905073858 0.000154645039835862 -2.66883022944098 0.321561873300029 -14.8581746852638 0.0189315385884729 3.37791852481441 6.73417370792827e-11 5.37381025547006 5.57324440700685e-12
200101 -13.3191459515521 0.316819488605515 -0.383012199126376 6.86428701910147e-05 -2.69228403782626 0.332575039539591 -13.4365813700059 0.000584920225911198 3.88113407835941 6.8223665593757e-12 5.40432775492523 5.71807498685218e-12
200102 -11.2295525390944 0.0148693283671685 -0.179393587938859 3.65747667474454e-05 -2.77516793201507 0.371956774838827 -10.9537234148024 1.97602856456756e-07 4.65136836647102 1.71974853341546e-13 5.58724321039556 2.68235225192842e-12
200103 -10.2277718414292 0.00142022818201365 -0.177496771475982 3.76731440110697e-05 -2.85736446296101 0.418465485452224 -9.75308859958806 2.17332184281147e-09 5.01986701391546 2.9230275604845e-14 5.61173893439622 2.83057032299334e-12
200104 -8.92012328359582 0.00011470417027246 -0.0853060180286969 3.38274000429313e-05 -2.853538484651 0.420906699152282 -8.2624987186793 4.92564191578741e-11 5.37227190485033 8.11925118094582e-15 5.76139943967264 1.78914064804791e-12
200105 -7.01825864174146 1.00865547592268e-06 0.115844605945226 2.2024426977382e-05 -2.858199865753 0.426510263944583 -5.28707170475211 7.58592977654927e-16 5.97668510388513 5.67422835778998e-16 6.03976078530966 5.86111320401071e-13
200106 -5.42890702319689 7.55203378939586e-09 0.254292255895583 1.64319925544791e-05 -2.86393383761827 0.433178789711439 -2.80963796421363 2.36603380655847e-20 6.45599642738716 7.02444149542356e-17 6.24619998293923 2.68152648978132e-13
200107 -4.19107997999304 7.87432662507767e-11 0.337728931226255 1.35869579181174e-05 -2.88387898876288 0.449786958889586 -0.58103533836984 6.08259088520361e-25 6.92801541682633 7.88992583039214e-18 6.48965682751894 9.69476951616401e-14
200108 -4.87747069466842 1.43528719074343e-09 0.0687379240612351 4.00717275858573e-05 -3.02283738799798 0.54430522755914 -1.37497510962006 2.12054892170839e-23 6.81870201532125 1.63452297775164e-17 6.40622257505186 1.73783349377844e-13
200109 -5.27919922859499 6.09274133185388e-09 -0.0879460684860112 7.22075203990831e-05 -3.13204580172919 0.609486828539615 -1.72606188603746 7.65365437234843e-23 6.81502393610484 1.94662578596405e-17 6.39236547817024 2.24677551195025e-13
200110 -5.51784551891188 1.62936766304567e-08 -0.176063477298927 0.000107707085633848 -3.18050008860749 0.650823949047882 -1.98742563430108 1.33200564544928e-22 6.83765703197854 1.9817583320747e-17 6.41152840081699 2.39489830503235e-13
200111 -5.71356378814758 2.90914478747162e-08 -0.270194801958001 0.000154271298333194 -3.25798815459419 0.703514374059735 -1.99998935577073 8.5281286338194e-23 6.89497764429244 1.76983427025717e-17 6.42528824498218 2.74941017727817e-13
200112 -6.19590392676299 1.93148049224239e-07 -0.447927949579641 0.00030781458422613 -3.35649764888617 0.788675984348945 -2.52717739017723 8.46166353204624e-22 6.80868800578723 3.68099043049528e-17 6.36186097584586 4.77357989395427e-13
200201 -6.78692727484482 1.44432301512965e-06 -0.683863736737056 0.000678608993837136 -3.47397725125271 0.882699400554982 -3.1947481501813 9.79943551237225e-21 6.68487622235545 8.64879104899206e-17 6.26944836803206 9.10511385923276e-13
200202 -7.39660458115678 1.2545125720657e-05 -0.949992671500111 0.00165339659343511 -3.61303716018453 0.996693317685503 -4.05468156385194 3.02542935669183e-19 6.49950085042348 2.93524294757507e-16 6.15935385559139 1.91242895316454e-12
200203 -7.91853050445492 6.16561901221001e-05 -1.20526551179303 0.00359711431720425 -3.79503420727978 0.851009467555097 -4.64407148988921 1.59702024800867e-18 6.36504178777059 6.89632560969564e-16 6.08802639079679 3.19400119387507e-12
200204 -8.3529802749547 0.000158612109461456 -1.51647053991899 0.0076713148407157 -4.10953122817079 0.648945399396114 -4.72032321498774 3.86966384816727e-19 6.33593193854075 7.64297281079702e-16 6.05546596158241 4.10541276771168e-12
200205 -8.63464289917217 0.000332442323758442 -1.74772917728927 0.0137772112405633 -4.35645162293981 0.497317939168876 -4.74412784812814 2.7573210428643e-19 6.28407101379192 1.1952021410133e-15 6.01631888967837 6.06796694845922e-12
200206 -8.72373920149423 0.000453088546276356 -1.84166882192529 0.0188327196236388 -4.46159427172694 0.410272595660145 -4.51711247811601 1.01030675006009e-19 6.29651016471404 1.43721017352953e-15 6.01390041919319 7.81951804970267e-12
200207 -8.7233040840158 0.000494206159830646 -1.84092547085664 0.0203753898475809 -4.45089079031784 0.390082911844386 -4.22268644487076 5.04506688964861e-20 6.33546799279947 1.6465506080791e-15 6.01444459580872 1.02844866062831e-11
200208 -8.69038251359622 0.00046949072785283 -1.70843807895935 0.0167861283355193 -4.232416807134 0.459983692594863 -4.21345847243053 8.23679381276809e-20 6.3507081726952 2.2200667930616e-15 6.04658807054514 1.20705520044913e-11
200209 -8.55557383036587 0.00033107940152052 -1.49897749069103 0.0118156342684015 -3.92435213174653 0.579494177383834 -4.2262339662166 1.35656186000161e-19 6.40164099564403 2.55760119270416e-15 6.11157067894069 1.26359819544195e-11
200210 -8.51528616868982 0.000215284721657711 -1.23045147469043 0.0067540363459516 -3.50642558011145 0.778440265113202 -4.3767427694497 2.87627668506927e-19 6.56753587492295 1.47289541019982e-15 6.3186311206725 6.58983962693196e-12
200211 -8.36135377489482 9.37308752064242e-05 -0.845971191228068 0.00281051846855496 -2.95741066691453 0.93163333548471 -4.44665639303166 5.05527258970151e-19 6.7261134245143 8.55026060934433e-16 6.51046839314766 3.53276356317657e-12
200212 -7.75550131166203 1.57763865187826e-05 -0.263618123511011 0.000764624015572834 -2.29451163733125 0.610256622408409 -4.31602163782772 4.14791063085034e-19 7.01065527107303 3.09499164464334e-16 6.76943022359906 1.56971782967159e-12
200301 -6.69394123768641 5.07793298435242e-07 0.59452356818126 8.55913219630822e-05 -1.49402449478688 0.303532196572852 -3.81086743704526 4.02849550772593e-20 7.56222989893142 2.60100440630643e-17 7.20503692349328 2.86518450296376e-13
200302 -6.23093784503628 4.77840290806393e-08 1.23224081450557 1.14978440744543e-05 -0.795480803101878 0.130486443424103 -3.75037224223471 1.57983450923258e-20 7.99678765873992 3.10730927314851e-18 7.62574666884999 4.86057139540252e-14
200303 -5.66246050400216 2.00247681903803e-09 1.96347222645697 8.92322621498738e-07 -0.0576242929292592 0.0426780555471295 -3.64377513704151 3.44669955538203e-21 8.49407211449701 2.296719158994e-19 8.0853153166906 6.19581594318342e-15
200304 -4.83857981579019 1.88808068875359e-11 2.88084155530348 2.73472071119578e-08 0.847662007911398 0.00788597011072885 -3.39226902672731 4.42448427272136e-22 9.15009838037578 7.07217080826939e-21 8.66078918141234 4.48103919473059e-16
200305 -4.06208438068842 3.48137047842351e-13 3.60204005562664 1.76633129781984e-09 1.53828154165705 0.00184638966137127 -3.16771095200303 1.43528310588217e-22 9.5342039046205 1.25343893485637e-21 9.00287746569275 1.16417378644558e-16
200306 -3.35632040313674 1.49325957592683e-14 4.20823666439638 1.96774943815133e-10 2.11865291600192 0.000521872082140156 -2.958226101651 6.82358413712572e-23 9.85157685480323 3.63134801610264e-22 9.26422543968969 4.90230457264046e-17
200307 -2.4110121374225 2.48480779133595e-16 4.9800043023044 1.1153119856113e-11 2.81923661733717 0.00010076798685687 -2.62883967591863 1.97637839011633e-23 10.2397446656137 7.71147703535599e-23 9.56896294506648 1.70445564049633e-17
200308 -2.25430055232299 1.2658531830253e-16 5.09221089387459 8.43598800202627e-12 2.91007648577587 8.44218425526931e-05 -2.57208760382133 2.34526257207862e-23 10.2157763816854 1.41740890496337e-22 9.50627287365896 3.61124759734703e-17
200309 -1.9213787529859 4.34678787272644e-17 5.26791249844102 5.43381560580224e-12 3.02616365999531 6.85969098220681e-05 -2.41337025386297 2.11600767802067e-23 10.2206025149039 2.25835287812783e-22 9.44939143761662 7.47994627564947e-17
200310 -1.56194033984391 1.41677014226333e-17 5.47293876339553 3.14232346758133e-12 3.15395778609397 5.4658849271803e-05 -2.24776076811533 1.90582765576435e-23 10.2407608332922 3.26180512742336e-22 9.3860506194437 1.56297811985127e-16
200311 -1.35119200777243 8.90203689095851e-18 5.58621673949358 2.68520577318712e-12 3.21772919129397 5.21298568396487e-05 -2.15433923289252 2.30739885937265e-23 10.2097804825137 6.54618900581405e-22 9.3129425104939 3.67507702190457e-16
200312 -1.07680958116696 3.60672034438197e-18 5.77483393266505 1.62368475871264e-12 3.38026874334336 3.80721036038743e-05 -2.04929005179204 2.42087333761391e-23 10.1786494522942 1.26395698905849e-21 9.21166626703921 9.50187437249747e-16
200401 -0.841351662246859 1.73752140414778e-18 5.96675303012244 9.85441168100975e-13 3.57938236549267 2.56820622197538e-05 -1.98466113059894 3.12806731736453e-23 10.1488131901913 2.48082700534659e-21 9.12587752392987 2.28317038971054e-15
200402 -0.831194505897392 2.3048644095684e-18 6.01874098661884 1.08513640696255e-12 3.67447345978998 2.29953266180271e-05 -1.99118718248226 5.86923661754271e-23 10.1051814013904 5.60054359091309e-21 9.06671280114995 5.09824792910132e-15
200403 -0.867503409663373 3.64694315257525e-18 6.05974565476066 1.24557016003099e-12 3.80347654402498 1.88377914934695e-05 -2.00371595846498 1.16581689432028e-22 10.0367140664528 1.48488283920886e-20 8.98603849216486 1.3401502399087e-14
200404 -0.897955091119185 6.58919342133187e-18 6.07110967711668 1.66819662417342e-12 3.87806900159408 1.81239716065794e-05 -2.00459886921656 2.25279624307414e-22 9.99969359345272 3.44360585644927e-20 8.9136263912987 3.3889981510688e-14
200405 -0.923068980259734 1.19121795517867e-17 6.07887215295672 2.27538623082127e-12 3.96239807469327 1.70149460279534e-05 -1.99592044218984 4.20248093058297e-22 9.95989831952782 8.10715378242729e-20 8.84042049890975 8.68145326819026e-14
200406 -0.916698789255821 1.8190892211315e-17 6.12279575430223 2.6920245959103e-12 4.08274318191491 1.4701545330437e-05 -2.00157385477304 7.72184642959518e-22 9.93244426309697 1.63711074862577e-19 8.76614514408158 1.95795651135877e-13
200407 -0.917330585536469 2.90461622544832e-17 6.14631842531629 3.45505473411951e-12 4.1456996349059 1.46084766036612e-05 -1.99989855029754 1.38475837916057e-21 9.90448920478922 3.28786699920348e-19 8.69971155689039 4.19130026064594e-13
200408 -1.25153008065328 2.87634569452682e-16 5.96100164254829 1.0355833003189e-11 4.17192430096142 1.54420661757637e-05 -2.16512845293464 1.29636178582374e-20 9.74399573575145 1.55651715723014e-18 8.52244471238038 1.51549901797759e-12
200409 -1.71306134412046 9.11394706374087e-15 5.60709009178825 6.9311716788234e-11 4.08741014462676 2.22366228336247e-05 -2.30677012926583 2.86762927000722e-19 9.55033203305478 1.09584558645417e-17 8.30219105175577 7.02430127715862e-12
200410 -2.06149965823021 2.4043949728372e-13 5.2451479535823 4.9018796335694e-10 3.98475649020079 3.36637722771005e-05 -2.44296296855306 8.73924066804095e-18 9.34480656655404 8.59823592385833e-17 8.08737889093527 3.13429931796127e-11
200411 -2.12336185147708 1.69118693966134e-12 5.05001851064354 1.71420457380323e-09 3.9297408581746 4.48950933028454e-05 -2.34545866784786 7.28280179346172e-17 9.33997032371632 2.56699484523974e-16 7.97716366705945 9.00975366015383e-11
200412 -2.07947389515719 5.79438749109422e-12 4.94968176041297 3.97629424060636e-09 3.90365288939446 5.57580218142054e-05 -2.23002481608963 3.38263620792655e-16 9.36676744473103 5.70380540112457e-16 7.93757467667166 1.80314130857737e-10
200501 -2.13766324410056 2.60047845990111e-11 4.8583830772848 8.46496724423878e-09 3.89277343173057 6.59792587969566e-05 -2.00577683633365 9.81088488570591e-16 9.39761728839191 1.16948045501333e-15 7.93066558001663 3.08133022292978e-10
200502 -2.50046975251641 2.76274935575206e-10 4.60757407814775 2.90069714977071e-08 3.83420576477855 8.73361022018136e-05 -2.20174263050035 1.12450220336114e-14 9.26182024869625 4.68831463899275e-15 7.81569929071023 7.62583419609486e-10
200503 -2.61924960860034 1.90638173672453e-09 4.3925625068403 9.74073966316788e-08 3.78075783808099 0.00011741261487423 -2.12421493508241 7.31017425457864e-14 9.22278995021911 1.38997787232153e-14 7.74772565528277 1.63267536728762e-09
200504 -3.12312749238755 3.77992355575932e-08 3.99005834895469 5.2107758758592e-07 3.68223877231751 0.000170937192357477 -2.33871013356468 1.41113175206852e-12 9.04277721826819 7.12920851675887e-14 7.61132598796507 4.27967333618624e-09
200505 -4.07519841459989 2.3002542012256e-06 3.27641315315342 6.22774842859568e-06 3.42015269514623 0.000368303023124212 -2.84121665575527 8.20024849727392e-11 8.65549785145913 8.48188242019445e-13 7.33858938044332 1.74551284196406e-08
200506 -4.54822751676838 3.67103630024744e-05 2.75915693968617 4.10790917811114e-05 3.2396459239094 0.00066259885311723 -2.83346486235696 1.00322604338465e-09 8.43582886243218 5.00502433188282e-12 7.17228475079754 4.6812309028418e-08
200507 -4.74822390596075 0.000201197990709188 2.42772514251314 0.000143356522158568 3.14971489018869 0.000971593184726619 -2.94634691152504 1.04692810186607e-08 8.29685725024711 1.91823307732921e-11 7.05339832680003 1.03170911735559e-07
200508 -4.51927260498797 0.000398076816417007 2.3367846739293 0.000271813151194175 3.15165545228372 0.00114176730283597 -2.61920090923096 3.24325827697353e-08 8.23459905392777 5.92211350010814e-11 6.98120155531134 2.05899241191986e-07
200509 -4.39509720165903 0.000884254804492591 2.23907234451569 0.000507223274780428 3.15215550433635 0.00136584735303273 -2.45160894491601 1.35942809330136e-07 8.12071470434453 2.12599711295775e-10 6.89808046513003 4.2768239073373e-07
200510 -4.1069798747881 0.00159815687116189 2.2539250940546 0.000781364254375247 3.19854639330676 0.00152612697678052 -2.15904399231621 4.81797222568312e-07 8.08650966270679 6.17640376344448e-10 6.83752477595276 8.54538228361244e-07
200511 -4.23098788128662 0.00571712973658313 2.03424430968459 0.00187894898703718 3.14090653740036 0.00210906108240805 -2.28823929055886 4.85844173904307e-06 7.79821209922614 4.04548169197739e-09 6.63367466272204 2.48594740638266e-06
200512 -4.3258182139599 0.0163891967349796 1.83234383830747 0.0040073681873035 3.0747625659309 0.00286923120302755 -2.36291226597571 3.4071757905809e-05 7.53685608745336 2.12057221650305e-08 6.4363013155197 6.50895696027575e-06
200601 -4.30690949616306 0.028948630949737 1.69751223507815 0.00669025430602065 3.0414681674822 0.00361456605912525 -2.42557304270501 0.00012828061981562 7.30014611031902 8.2785408335923e-08 6.2370318489156 1.54111513471001e-05
200602 -4.01304847818729 0.0369008312414088 1.7459641911859 0.0083861300165487 3.08724515138917 0.00396546954758738 -2.32450432913254 0.000340532420353268 7.1840778096024 2.14274377672076e-07 6.12109870595645 2.8449840537155e-05
200603 -3.86081365283659 0.0528545703729403 1.75366137466354 0.0111397150174954 3.11529259965584 0.0046162018705198 -2.252395760693 0.000841646554403295 7.08305150176202 5.32823215452311e-07 6.02237157155818 5.18467527241436e-05
200604 -3.58526635158085 0.0669924398587082 1.85561211681935 0.0131052980643875 3.20098643191221 0.00499662242259078 -2.10621472587527 0.00179119454930819 6.98056134775903 1.32472731432767e-06 5.94768678351112 8.90344780640119e-05
200605 -3.34808858111406 0.0806233270388696 1.95318348525707 0.0150070288983614 3.28958691257863 0.00537418122610212 -2.14890019024165 0.00424734796869614 6.84672889669628 3.34474324007489e-06 5.87911394373403 0.000149189121458142
200606 -3.44721284107254 0.151369094708648 1.82712007250069 0.0251615498597439 3.21686316096168 0.00795911356091693 -2.60631825332569 0.0193773818919697 6.44447926664473 1.69664511853761e-05 5.67123078150935 0.000344636626775417
200607 -3.55644002107942 0.314366913302505 1.63937839335709 0.0482806359772713 3.07552191142388 0.0133711077630884 -2.95984574133097 0.0814476252765059 6.02675137947262 8.87758963445401e-05 5.48343921990365 0.000763632396074951
200608 -3.81736524110208 0.398056384718167 1.52704374447882 0.0583274512181108 3.04590294369421 0.0149448788474285 -3.37147993992986 0.141057804640294 5.85929538187491 0.000158135148772857 5.41819840874099 0.00103178031477305
200609 -3.87677214431237 0.464709134876763 1.47604247231848 0.0672390592467381 3.03269785562397 0.0164464667008196 -3.70645981838085 0.239215046274701 5.73146660449579 0.000267074595569915 5.39667233209793 0.00129945049685352
200610 -4.06254342761125 0.563141895697832 1.38115035507929 0.0799498696418499 3.01000221889491 0.0182550404607627 -4.30245525178921 0.420716256884179 5.54568836170352 0.000476219323857476 5.33964103017474 0.00170012574352463
200611 -4.29832199430473 0.682592784620084 1.29360202954256 0.0935966674654529 2.99453837818238 0.0200618598708557 -4.91407657397973 0.660052603365733 5.3672094968521 0.000810791099203057 5.29583258459224 0.00214705001106839
200612 -4.21622104209096 0.698910975108837 1.36401141034859 0.09337884636488 3.04328731424381 0.0203134116662391 -5.24782582829701 0.834651999941759 5.32450236106938 0.00107901202538885 5.36373440950461 0.00227457622857308
200701 -4.0052869774333 0.673721297038955 1.47907048013092 0.0892321566400005 3.12361502896344 0.0197548772134416 -5.47044190844947 0.975223386810226 5.35791746857006 0.00124425548086233 5.48115458799922 0.0022093952306986
200702 -3.34181855996649 0.526727002182128 1.83192524182731 0.0679189496241974 3.33673984616554 0.0162575449571655 -5.11193339709082 0.950020217290359 5.6118919952877 0.00102347867077181 5.76862450594892 0.00166232914846223
200703 -2.76809938049092 0.416646442395696 2.15419892564133 0.0527027182949316 3.5341204300255 0.0136352124945616 -4.84300466752408 0.942320814259835 5.82368985711103 0.000889091746196403 6.03693131813197 0.00127293438927924
200704 -2.0737144336636 0.294917703371034 2.53987203576955 0.0377327473823212 3.74419150925025 0.011154327190254 -4.41806304971388 0.879881768927025 6.11636702553569 0.000673206052843617 6.33881283807934 0.000922939442744039
200705 -1.2740780032092 0.188803607400443 2.98638299888357 0.0252266625233235 4.04103439877127 0.0081823743704521 -4.02294231795095 0.83738529799861 6.40882828655424 0.000517130638584312 6.64550052636096 0.000668023764527041
200706 -0.5677800394009 0.123102706953666 3.40850259479698 0.0171648270845345 4.38048157496617 0.0056948226380605 -3.66631534353026 0.798684617435709 6.70461440135559 0.000391021771714589 6.96260164510911 0.000469762289367023
200707 0.181633312755902 0.0696837666612303 3.88779476702744 0.0103920243683306 4.76452025559506 0.0036012373587711 -3.13509613501317 0.688245908303528 7.1178887584827 0.000232238086700149 7.36441902932338 0.000277401548699935
200708 0.621064359567791 0.0473775215833528 4.21864802008349 0.00730513371984811 5.06549242529746 0.00252161307066576 -2.80461538871311 0.610669246920695 7.41777057671869 0.000162461269577554 7.65981157521445 0.000195312980494398
200709 0.73184263951267 0.043126634237054 4.34040638349373 0.00666104259852295 5.16168499378076 0.00237006556793236 -2.68535701418944 0.579906264776675 7.55988992010703 0.00014755570739947 7.80460386735933 0.000177257949968133
200710 0.607943749995965 0.0451582539886898 4.35333949535364 0.00659749578397658 5.11229238706576 0.0026068443000147 -2.70678728769267 0.559090627511097 7.73067050485069 0.000120920531363315 7.947037859394 0.00015792746726861
200711 -0.0953584325497081 0.0593171089695073 4.31788880473514 0.00573447696833604 5.10738573496616 0.00227075313167205 -3.43196987091483 0.653876272280836 7.93512503483377 8.13795167159968e-05 8.16247125924676 0.000114315369649101
200712 -1.64931226685532 0.140300414367215 3.9345345207883 0.0073830962012608 4.91389099683549 0.0024490573630395 -5.05350009481051 0.980344603302339 7.92054025943146 7.78939080130429e-05 8.30835533795412 9.04953696494919e-05
200801 -3.64688775110422 0.365530762472036 3.15735630817697 0.0151231399195796 4.2339730103679 0.00526700437813922 -7.05230458970132 0.610983092522065 7.45208971772856 0.000170028418504365 8.02177458033073 0.000156846303393114
200802 -5.80378594944178 0.749000807096515 2.26438082592255 0.031224230805247 3.39987861480699 0.011784958377686 -9.26457822445235 0.289382077860855 6.91071147430301 0.000367194787817061 7.74773768211611 0.000241152246469435
200803 -7.6086232483273 0.93691676386164 1.77474737636059 0.0315737007731376 2.47053217205273 0.0201732476677911 -11.0989078197127 0.197793062030292 7.0169246334242 0.000196417923033263 7.9553478834556 0.000133003141378619
200804 -9.35179518279316 0.908940127797763 1.3338751856325 0.0289503012415157 1.40304584768756 0.034269908615965 -12.8540707341935 0.139173254560895 6.92982423575284 0.00013123843009517 7.94520210697854 9.96323903347044e-05
200805 -10.8439999181601 0.795939199963474 0.927077506527441 0.0263990684379813 0.285325276042725 0.0574953256713532 -14.8642469343389 0.0950122077470169 6.7378909787398 8.93414322460763e-05 7.74922742013283 0.000100376161667745
200806 -12.3642193769084 0.651887206820155 0.410429408649238 0.0267839402630323 -0.846832711619339 0.0915412471700947 -17.1874711962416 0.0530004925438961 5.78683169967127 0.000202008631875109 6.82520221887466 0.000334360052787265
200807 -13.9014864914653 0.46105827981583 -0.435797826308448 0.0406987520954879 -2.41473881695458 0.194310248054422 -19.8397615682403 0.0202472429583789 4.02843655595481 0.00138287249425585 5.3472356025805 0.00227662874400603
200808 -16.4282573633975 0.12083913713881 -2.68421908907663 0.213123694958223 -5.22630827616346 0.728016387936911 -24.269394749632 0.000703775183394641 1.25619079368487 0.0293771439580323 3.55001011067381 0.0182140508152634
200809 -18.1063856124489 0.03467616576456 -4.4893124572754 0.552488042363757 -7.44866858840174 0.682026990544657 -28.1649413280413 2.40183654799155e-05 -1.0687015443964 0.177550263387378 2.21412629540877 0.0636728772221745
200810 -17.4138437354234 0.0411799082338588 -4.54794075494973 0.618876188042363 -7.69542678894901 0.581243497016703 -28.3983679824695 1.53214586662242e-05 -1.62553711138189 0.273236520508163 1.73288823096288 0.0994356308499522
200811 -17.1122957580391 0.0648948932219302 -4.18571775632299 0.522337021151513 -7.33378332634627 0.669112094102326 -28.4265307368188 2.34465661321554e-05 -1.5892959068317 0.268297908818013 1.70113857397477 0.106516183354833
200812 -17.9818017503924 0.0657950844598679 -4.0069008395861 0.436684186825731 -6.71870070667593 0.845643172543715 -30.2656285298588 1.15352114880953e-05 -2.11810206959322 0.329219047114013 1.35957582896939 0.136245746638883
200901 -18.8248241870715 0.0659943235253827 -3.66929837228072 0.342348090394037 -5.85069769137141 0.93329800602731 -32.1247952123028 5.53362788822642e-06 -2.42707659737613 0.36126250162193 1.20910352079767 0.151109224087059
200902 -18.9559888875769 0.11085779518817 -2.71098515756734 0.176741141662387 -4.53265387581099 0.591330682833769 -33.8925252740996 3.88602755381958e-06 -2.87697828000466 0.393891122259287 0.865225163389027 0.179088183124326
200903 -14.9271765905436 0.855501941595359 1.51801107298462 0.0042007550200478 0.254649055755751 0.0335375884977234 -32.9415544978718 4.95102815846191e-05 -0.360253369532004 0.0618621894504207 2.40583366766225 0.051384047312026
200904 -4.52518738421237 0.00302862297770725 9.933242588214 9.92846471181645e-09 10.0129617745938 7.83058942672634e-08 -26.2874162085583 0.0118175478418005 6.73803157792491 1.27479619599032e-05 6.62301806975094 0.000624596559229595
