"V1" "V2" "V3" "V4" "V5" "V6" "V7" "V8" "V9" "V10" "V11" "V12" "V13"
199507 -8.1022440257315 0.118453595771389 -5.80575902321196 5.67591790538465e-05 -6.52610369850719 0.000430427960016947 -11.5184865865339 0.62838353601578 -14.6401716129627 0.320019398769213 -12.048957188407 0.208914121040844
199508 -7.86088355791204 0.076122872532852 -5.63646434599263 2.89485211514979e-05 -6.54323948902236 0.000581034084580052 -11.5638085540064 0.592839579630467 -14.7053436449687 0.281574607677418 -12.1604114208574 0.273697324383818
199509 -7.86414030616536 0.0798668728729709 -5.63267984170945 3.07397339956785e-05 -6.50981604133911 0.000540910674631582 -11.5124958760573 0.567273131854773 -14.5354340385526 0.324030472162264 -11.8065014291974 0.188673719456221
199510 -7.74792783148706 0.0650132699083859 -5.62420909542916 2.98442484044183e-05 -6.44709117008964 0.00045983119412706 -11.5082782138037 0.571674066162143 -14.5149300220752 0.3362517984477 -11.7614732829116 0.177400037011464
199511 -7.51255043381562 0.0597605839702305 -5.60380206470916 4.234793652128e-05 -6.26175846228632 0.000390823814577445 -11.4183302663144 0.563033385394664 -14.3355323658613 0.351661895605929 -11.6936875774569 0.199168064416672
199512 -7.45099496774875 0.0588844532956145 -5.4866644253003 3.58634387931724e-05 -6.20719065820263 0.000404578795479943 -11.1023081398666 0.686276904540185 -13.9730981232437 0.476860881137294 -11.4400474796835 0.155018849426506
199601 -7.5800230163932 0.0767464826959674 -5.54029416283275 4.67440150043624e-05 -6.33263758341327 0.000675787789680849 -11.2821615203456 0.554044031959359 -14.3018738530656 0.298189747840876 -11.9861254796161 0.38308425528118
199602 -7.58578959435861 0.0788919938210688 -5.54852423151178 6.25796533190242e-05 -6.33311421265599 0.000854134118621487 -11.272210164272 0.547954349090061 -14.2369878166573 0.315386174348556 -11.8436451228838 0.330333370433219
199603 -7.56274948615137 0.0846748869414934 -5.56047378858779 7.25570558790881e-05 -6.3671359253971 0.00116014760693192 -11.303292646855 0.524763295686282 -14.2520811966375 0.312918522668227 -11.8588431966592 0.362859529560721
199604 -7.45447342752927 0.0721407043505592 -5.40646411437915 4.80926611935489e-05 -6.26647703621004 0.000987440450224487 -11.2300522046042 0.544018273634971 -14.0797911685535 0.35631218633599 -11.8206585007908 0.365324001554096
199605 -7.46422834987897 0.0740108123350985 -5.41230298687039 5.4335168253027e-05 -6.26458831041312 0.00102970376323844 -11.2156025840064 0.548302247311452 -14.087191009696 0.353492171196902 -11.8123292190467 0.369720581683791
199606 -7.51896516180184 0.0990152132272839 -5.48309947877135 8.58582613871252e-05 -6.30189310284335 0.00134807893327985 -11.2988155483794 0.50347415052697 -14.1196285460158 0.34203922326735 -11.8427844059213 0.39578703110945
199607 -7.46299008614189 0.0820999264369768 -5.47509181411066 7.87049525871528e-05 -6.3168781705798 0.00141404173086614 -11.1767937210344 0.615519945749574 -13.9088978481351 0.486332285936904 -11.7705457039922 0.349291700220565
199608 -7.42350230751154 0.0719906578595845 -5.41848161200296 6.363656464646e-05 -6.31508359603596 0.00146792767349413 -11.1856088496752 0.613488437100385 -13.9623767823681 0.469375712375913 -11.7973601397381 0.361626460847504
199609 -7.38938806346487 0.0693924672423229 -5.4163325469448 6.72562372111873e-05 -6.31251248745934 0.00151844088946462 -11.1786427102161 0.617949814379023 -13.9584225899027 0.481281447656593 -11.7827738528308 0.356387935800831
199610 -7.45793248866344 0.0827145280436886 -5.44001658359654 8.07717732454654e-05 -6.34814429426436 0.00176434499657173 -11.1690365957861 0.626173439312113 -13.9072514982748 0.510959859169737 -11.7704350733083 0.360194065575683
199611 -7.47710139407993 0.0833415863474699 -5.45532800966186 8.59256011231845e-05 -6.43039833054979 0.00226356582705469 -11.0653624012099 0.692685783968919 -13.7629661749084 0.623817065915431 -11.5779837108609 0.235151937464147
199612 -7.46015852894228 0.0815724480711315 -5.40945802204151 7.83900489371553e-05 -6.38951537657275 0.00222186929103504 -11.0441564621116 0.709346712205837 -13.7393115810876 0.637094505875468 -11.5309546497387 0.221700028699012
199701 -7.47899340557405 0.0869689999647947 -5.33905927758966 6.35441449645191e-05 -6.38867420902562 0.00231028169612551 -10.8795525839974 0.797047703883952 -13.2460558945933 0.896487345803903 -11.3937550189502 0.183293992681159
199702 -7.47651952521369 0.086333935880955 -5.42763940120863 0.000101198827549741 -6.41314884089272 0.00260903652603529 -10.8025927746019 0.834337930195235 -13.2501920111729 0.855269893137839 -11.3239678435911 0.17025555762197
199703 -7.5312050833908 0.0943193440334061 -5.48674854587567 0.000142733962750596 -6.41062753166426 0.00266327124367727 -10.8670966315642 0.807590587164583 -13.3215948605516 0.825192989822526 -11.2953705063197 0.144246586544555
199704 -7.51588837995025 0.0914565811296463 -5.50464219909224 0.000174332068633474 -6.39052276078744 0.00268759053577895 -10.7672290495929 0.855563382130773 -13.2692567059421 0.838146619992447 -11.2537921029224 0.140303600365636
199705 -7.53090988974885 0.0965554333776945 -5.52512814675865 0.000195582913321955 -6.389249184294 0.00268886448964142 -10.6861335885022 0.96126936267281 -12.962561665593 0.949018223828177 -11.1643022369079 0.110864381303075
199706 -7.60868145862303 0.131906314373505 -5.52560970624223 0.000243098703305034 -6.38130011154607 0.00289476293609056 -10.3199871657699 0.835039810891873 -12.7520686875483 0.897847585743434 -11.1250337470577 0.111213616795257
199707 -7.59641853958579 0.132160786747605 -5.52522446636612 0.000257294718459186 -6.42086001268876 0.00325705486047768 -10.3216989696429 0.835845049984275 -12.7365089844065 0.886297830668797 -11.132944805339 0.114225557622384
199708 -7.59143421134503 0.132504086574997 -5.51297382107763 0.000258364218725093 -6.44439453306755 0.00381714017116383 -10.3119488737681 0.628698111456585 -12.4736601742854 0.644307591728768 -10.9246781570938 0.0775982403938549
199709 -7.58688450695286 0.135284807355635 -5.51795412610492 0.000274906259601091 -6.63733221423328 0.00746881417300025 -10.3331150788715 0.613634621510001 -12.5512141829041 0.696846100358019 -10.869420576089 0.0751801678482859
199710 -8.12984195707749 0.140082351814 -5.70634266358765 8.23325984346599e-05 -7.01791397112355 0.0034583604546988 -11.0433840523034 0.689447423121594 -13.4471777221711 0.604121427035236 -11.4894003039848 0.0341294809312829
199711 -8.11057410275358 0.13272837421902 -6.01939969225567 0.000360001963298383 -7.32479905579866 0.00869326668840928 -11.008001003447 0.717325107430497 -13.4104860680568 0.593213467554237 -11.447131061301 0.0312028149081386
199712 -7.66181354834297 0.0581005104920618 -5.85517470367374 0.000199304188241875 -7.02390850989161 0.00329327504524922 -10.8878555953051 0.739855503113453 -12.7810024389969 0.390229469244612 -11.150128157963 0.0215566039571637
199801 -8.20315122542414 0.172840773289167 -6.36951265029055 0.00118458212984652 -7.72801854848852 0.0124038139652042 -11.1718345568782 0.996141013645997 -12.9488796269928 0.43415127301083 -11.009989972835 0.00824162596922726
199802 -7.70897960480295 0.0626499979509809 -5.27745783365192 2.31106302868579e-05 -6.72793066127535 0.000448840544423533 -10.5556732287891 0.575106656740051 -12.0251319568876 0.0892239524096622 -9.65440513414166 9.50273281976287e-05
199803 -7.82519228629726 0.0925491401169202 -5.31469050070443 3.0211287607709e-05 -6.75616382378028 0.000531880568509061 -10.6450551814388 0.679301316307384 -12.0792018573304 0.123985253371222 -9.66631253867691 0.00010576335316136
199804 -7.94798888048462 0.171949221248703 -5.46768876822137 0.000160470736394358 -6.83375270708384 0.00447025787913851 -10.8649044041252 0.796352740597166 -12.0932145761198 0.122067099495926 -10.0117490690861 0.000431243469534188
199805 -8.40664439248735 0.345228767899108 -6.05354958722222 0.00142654369624878 -7.31374164686698 0.0170171254850778 -11.8418571909261 0.514858292605818 -12.8963923230425 0.367467035031393 -11.124959182547 0.0102186266281437
199806 -9.18693476456436 0.973357987031324 -7.04485595152551 0.0433969091141393 -7.86744044845251 0.0918056564385411 -12.2010344275022 0.16026799428002 -13.7872640953753 0.905148406659541 -10.8034093569677 0.0125337899342725
199807 -9.2292791119694 0.993479558416419 -7.08258828552448 0.0498401630668252 -7.96730755517294 0.104923724454473 -12.1334889284544 0.159380198419387 -13.9751062510912 0.77641359497932 -11.2875483367338 0.0358730432697089
199808 -9.67058303194419 0.768791030777332 -7.70660941879957 0.128833700972636 -8.55422136750488 0.196106383840007 -12.3392863324912 0.129686027587693 -14.590956434268 0.75728138024563 -11.5459806767253 0.0237661510561056
199809 -9.94278988610731 0.552830800214237 -7.91924451505839 0.192100748541769 -8.82367435266409 0.298739363064861 -13.3675232706983 0.0129125334562523 -15.6201009932618 0.231576327612454 -12.3670207333014 0.126544070858634
199810 -10.9924813522097 0.0352898729896105 -9.75251635961862 0.336300908373631 -12.1155609160177 0.0325828033478024 -14.331891131018 1.17749300601931e-05 -19.3761028799178 8.72768422726712e-08 -20.708407589642 4.04210195006576e-07
199811 -11.3673352879427 0.0105490961407456 -10.093472388426 0.141620113818613 -12.6026837487356 0.00500245667289867 -14.340379120106 4.69959371266112e-06 -19.7560123751844 6.34722454606893e-09 -21.0354493349466 1.6960775635901e-08
199812 -11.3578932745502 0.0111213193723265 -10.0720192784411 0.149715457159921 -12.5820667288334 0.00595121536707635 -14.2869759315509 6.52134690729537e-06 -19.7836502038185 6.77225732711256e-09 -21.109048209625 1.50346473614219e-08
199901 -11.176104148122 0.0154316934308815 -9.86627809409129 0.184627549426409 -12.6632415034968 0.00376179292445527 -14.2566506562257 7.22952713131775e-06 -19.509444696604 1.70008982414202e-08 -21.629283772126 2.558477310539e-09
199902 -11.1657687876263 0.0161180799547938 -9.81803642378829 0.19810070897525 -12.6009207065226 0.00453083982189951 -14.2507523102578 6.6419255423443e-06 -19.6108081441034 1.17062332497837e-08 -21.5591124316817 2.84466099848304e-09
199903 -11.1793939978113 0.0127336972860522 -9.92422900222723 0.150694843808436 -12.731651872089 0.00269344526385847 -14.7146382573628 7.34618130959068e-07 -20.6099625371386 9.57632572696080e-11 -22.5646748315425 5.75454670573884e-11
199904 -11.7998228507349 0.00287193278526458 -11.1390572401361 0.0185536739767864 -14.8474936886752 1.54239305478255e-05 -15.229141527904 2.67967200635711e-07 -21.5856978566946 4.949379515874e-12 -24.1853111401833 1.37140254405165e-12
199905 -11.7865670346293 0.000775940405514838 -10.8923445963999 0.00684187434712292 -15.9932795795147 3.83403700520869e-09 -13.2021429006012 5.99263300903191e-05 -18.5873735527414 1.98064829736283e-08 -21.3074509722183 1.63032635006891e-10
199906 -11.8869271378863 0.00068834395793396 -11.1401124679354 0.00542489482710084 -16.4697414689128 1.7253497956323e-09 -13.0836316669358 0.000101980788139711 -18.4549431708847 4.74888384842414e-08 -21.1383044594668 1.02058822782315e-09
199907 -11.7768992606416 0.000867517554784053 -10.775802536733 0.0115251534683862 -15.7207266512775 2.50625524412987e-08 -13.0012274933678 0.000133633239161541 -18.3304585055118 7.89978115307991e-08 -20.7886480620099 3.42256794503855e-09
199908 -11.7739357255431 0.000930716950413648 -10.7933105746775 0.0115857035972745 -15.7645893759989 2.7040322948633e-08 -13.0018491977341 0.000144294398721921 -18.3637970259065 9.47084716778926e-08 -20.8302556770427 3.54893208325438e-09
199909 -11.7379826553185 0.00110810023956732 -10.7860437936807 0.0120676873515646 -15.7023067166261 3.79651258819554e-08 -12.9676012579303 0.000177967660520346 -18.3301709157892 1.25305745474051e-07 -20.9267435371499 3.20600895020692e-09
199910 -11.7200850026046 0.00120809036225727 -10.7842111903662 0.0124167541309972 -15.733157545031 3.79064785179673e-08 -12.7783807612411 0.000293269491412056 -18.2435187523985 1.25373455936382e-07 -20.9267099188453 2.55233957080836e-09
199911 -11.7504958662528 0.0012772359101324 -10.8202702480264 0.0123308091158154 -15.7589275338069 4.1419845173014e-08 -12.5819031910467 0.000590564160090436 -18.0816687463403 4.06699532782393e-07 -20.8901408603495 3.35239124063471e-09
199912 -12.0768923873088 0.000350741113638351 -11.4973601453259 0.00137027537634819 -16.6928828112951 3.92598275684562e-10 -13.1530014142027 9.92604308792549e-05 -18.8183369077493 1.41559463144836e-08 -21.9796102303937 2.89466605660097e-11
200001 -12.3033150466816 0.000149400112863003 -11.6044760311022 0.000863519397497852 -16.4801189669346 7.06609208231245e-10 -14.2306047450718 1.14792429445711e-06 -19.4014499875561 2.10628481183865e-10 -24.2913448105967 6.61907493916958e-16
200002 -12.2157063755783 0.000192984918104854 -11.6694226497039 0.000652386161180255 -16.7602385467544 1.89335137726122e-10 -14.2579257468599 1.17265501803274e-06 -19.3729497548547 3.0268469963347e-10 -24.7572692121206 3.37139947077858e-16
200003 -11.7455291775388 0.000292928815550695 -11.4124521782642 0.000628500155145468 -16.5766682475319 5.97135790783767e-11 -14.1029416886397 7.12074146376148e-07 -18.4378681580214 9.89575265795194e-10 -22.3420599612595 2.52705431250684e-15
200004 -11.0653933242719 0.00240650829448961 -10.6237474862753 0.00841895308941704 -15.6143852047152 9.93890457435402e-09 -13.5640887088164 4.06258747331126e-06 -17.501326621041 2.04857366358266e-08 -22.0652022104249 1.71938112412351e-15
200005 -10.5345541443473 0.008724276953213 -10.0320975253626 0.0299437370248251 -14.7018895783249 2.77026879000254e-07 -13.2476147319453 1.2074095192942e-05 -17.0442123536823 2.16820316348237e-07 -21.1375234858474 2.06893182127906e-13
200006 -9.67642169579084 0.0405668839991848 -9.00882505731713 0.133862880441921 -13.6956161541125 3.13715088592859e-06 -12.2543428910045 0.000172129263483431 -15.2527305647148 6.89307743307051e-05 -19.2878842674894 2.43561494285304e-10
200007 -9.59549665840731 0.0459934586089325 -8.95716228594794 0.137212673375269 -13.592003417567 3.68651387214644e-06 -12.1376713810935 0.000247724750701881 -15.2517519190166 7.53539688445464e-05 -19.3496500614677 1.73010005201469e-10
200008 -9.58735837064384 0.0479151816492542 -8.95097586503983 0.140002964642551 -13.6466827224995 3.41661428426595e-06 -12.1140602719913 0.000281819521704025 -15.2739178036729 7.81160279545523e-05 -19.6675173457383 6.17074411370902e-11
200009 -9.3410656899541 0.101475644169718 -8.5610729567098 0.26651881046992 -13.1788059214579 1.8935361534346e-05 -11.971701511709 0.000607627872725926 -14.8896119976724 0.000231364134456169 -19.0052706313807 8.44175447899312e-10
200010 -9.21284276441203 0.136644390814971 -8.52258308289717 0.297547838186621 -13.2350951682639 2.04711746369926e-05 -11.5924262188628 0.00155124770187383 -14.1222208294469 0.00145910502009165 -18.233136669813 8.04452935419293e-09
200011 -9.22565657768959 0.136168091004357 -8.50371360824509 0.303967255863176 -13.1986297685814 2.32850397598304e-05 -11.5738345241797 0.00175211337481308 -14.0917378537709 0.00163315726014878 -18.2483740892298 8.54254339172562e-09
200012 -9.09761573315368 0.157809406532676 -8.51463702982909 0.287012497412984 -13.2061241075798 2.04399642578068e-05 -11.5511671488269 0.00161861689393775 -14.3184582065862 0.00106507220666305 -18.9543458536166 5.91602155523249e-10
200101 -8.81196560891826 0.202649763875527 -8.32993685861756 0.313481205971339 -13.0248302144358 2.32909788513532e-05 -11.1095731624565 0.00337736383993509 -14.0264163001714 0.00181552750312016 -18.7072888663386 1.49493260023431e-09
200102 -9.00296498344939 0.155654670222039 -8.40952917303521 0.280065526248256 -12.9528708948447 2.90680391698298e-05 -11.4090578848469 0.00183244194879861 -14.1968459155911 0.00122746557715185 -18.5749244876182 2.27119654466391e-09
200103 -8.38266687504838 0.488975864631129 -7.98159551111381 0.515611215925013 -12.4777497810554 0.00013610940563527 -10.0167532713558 0.0518060357922927 -11.82184990145 0.120594876524007 -14.6595951686415 4.18787747445928e-05
200104 -8.53004675615423 0.433358512215987 -8.13503247516969 0.449977916762059 -12.5946172893861 0.000105487979454081 -10.4743523210312 0.0245911868559624 -12.2336610938692 0.0626630867085104 -14.5734624371962 4.47431099746752e-05
200105 -8.52530068761162 0.414167277704807 -8.24739040632101 0.407253343926489 -12.6861650191644 9.84352314173853e-05 -10.1962125121691 0.0343876134975728 -12.1881263925368 0.0673610692203765 -14.527646120454 5.2539923898527e-05
200106 -8.48420975682955 0.387903245692654 -8.30325050502001 0.3215469530519 -12.4807189563447 9.40448619807525e-05 -10.1494101799753 0.0323233355462001 -12.1628413401961 0.050623512232741 -14.1881602761397 4.57567179966536e-05
200107 -8.42192949239462 0.439861639590829 -8.16335496419449 0.376200843172022 -12.0992275954627 0.000263287020560097 -10.147376483502 0.0339043849705229 -11.9439098357889 0.0763389858227903 -13.7084546760634 9.14981893911313e-05
200108 -8.43317311378999 0.390053565291042 -8.11522930855426 0.360554591018557 -12.1852445414062 0.000174064420303835 -10.008434602601 0.0395415229300939 -12.0169836913745 0.0675989718433216 -13.772223796421 8.62329343632947e-05
200109 -9.59667475689314 0.104266618662278 -9.09612996080773 0.126938356264738 -13.331280045248 1.3421571685445e-05 -10.9330604354699 0.00784668334865828 -14.1567435095848 0.00284008237193415 -14.4339770064102 3.95040631825203e-05
200110 -10.0689504166916 0.0492665840494039 -9.50424169431108 0.0678121679062404 -13.6700927882009 5.19875659548775e-06 -11.0614902049026 0.00494352854982163 -14.9277290585995 0.000382018601743816 -14.6131197663147 2.41812203958513e-05
200111 -10.4395080064299 0.0244460815241957 -9.9820947850106 0.0296242184076669 -14.1052751400146 1.36825618889569e-06 -11.571560946871 0.0014881201920724 -15.526293120163 0.000108767287455482 -14.8655707564383 1.5950610902521e-05
200112 -10.4396815326241 0.0252833511309102 -9.98113523915016 0.0305873700595102 -14.1036090680614 1.57897031259631e-06 -11.5207456757336 0.00167282355841628 -15.3432382714699 0.000178635733822219 -14.6172303597242 3.29802221991099e-05
200201 -10.4078960412659 0.0276098889912683 -9.94535820887121 0.0359911062171354 -14.0616393409296 2.17711509890495e-06 -11.5106459335348 0.00181062713096254 -15.3329127166309 0.000198769702922427 -14.6188329390972 3.67287996637044e-05
200202 -10.4267355393542 0.0272963061866153 -9.97630347197751 0.0344346332474463 -14.0177801000837 2.36694246865016e-06 -11.5387481893346 0.00173215111970135 -15.4171750053784 0.000181403035543298 -14.5053720745503 3.96772049610284e-05
200203 -10.3372438265348 0.0315543481660168 -9.85330787277388 0.0446524975688668 -13.9286762291328 3.61825570724312e-06 -11.3121853723616 0.00285230039693485 -15.124913364519 0.000389488694869191 -14.4159181183461 4.88238883174285e-05
200204 -10.4354820814713 0.0252071284909553 -9.81803729858861 0.0440811090185006 -13.8323449859606 4.65108056626232e-06 -11.4208334248871 0.00206606557491138 -14.7880023655451 0.00059065145234072 -14.0728997068635 0.00011540689139674
200205 -10.1394925481638 0.0376416448371576 -9.42039276886948 0.0805721287778658 -13.5173750154669 1.12449963693243e-05 -11.3689213809259 0.00230680057903841 -14.6058111004602 0.000860010578890237 -14.0476603206148 0.000130562749318031
200206 -10.3141400623527 0.0300656799819967 -9.49006152823002 0.0773958704223983 -13.541188519878 1.25001999942531e-05 -11.5337093701085 0.00186713891190728 -15.0900735684826 0.000330395161823399 -14.042602749384 0.000147226057361655
200207 -10.75145872538 0.0154482613310394 -9.89404065715989 0.045641712757107 -14.0939760640854 3.19736684853907e-06 -11.8196609531801 0.00113345698573317 -15.4409547458854 0.000169022794363618 -14.4440702334614 5.33720604014667e-05
200208 -10.6310598708281 0.0116184278462794 -9.64044171861769 0.0377506564179937 -13.7152583365428 2.85016814809331e-06 -11.6383675257052 0.000884233809332996 -14.6036239378897 0.000164030345195766 -12.5213173279777 0.000588368281412311
200209 -10.7673357504706 0.0107737743207337 -9.72442786256096 0.0372190959213222 -13.8915172491829 2.3338302590557e-06 -11.809267563025 0.00071000375367215 -15.0384851600156 7.71145496883182e-05 -13.4080408205737 8.25588318458529e-05
200210 -10.7572192186993 0.00916576590277237 -9.69772931774964 0.0294269138996192 -13.8427650850614 1.42793738153963e-06 -12.12849872242 0.000244377335581091 -15.518524265981 1.6696066463245e-05 -13.632704481671 2.89255660983937e-05
200211 -10.7554235383919 0.00965280517473965 -9.70952827400695 0.0294820035324929 -13.7525982478241 1.99868946657639e-06 -12.0577041118597 0.000305095373922463 -15.3126391526953 2.72127766375126e-05 -12.6609005754533 0.000140507563243421
200212 -10.742923905664 0.0102792734989636 -9.67169285708076 0.031462365880328 -13.701868419874 2.26106577039732e-06 -12.1647011753126 0.000249869084149758 -15.4854884582623 1.91062766903799e-05 -13.2140237785602 2.41945421734506e-05
200301 -10.1170088188642 0.0212808201613896 -9.36318343615556 0.0433839673948562 -13.4179759235686 4.44675389515517e-06 -11.6944014453029 0.000445380583140529 -15.1303015858459 2.17334678322974e-05 -13.0328027499385 3.39065551858107e-05
200302 -10.1267963877711 0.0220017346143455 -9.31445449818771 0.047291943093593 -13.459502412455 4.19689034030246e-06 -11.7064153514389 0.000470721061049377 -15.182797828519 2.17418688629941e-05 -13.029830530405 3.81672491201001e-05
200303 -9.76092250599039 0.0334075277730757 -8.98022729221919 0.0621517854965738 -12.8699186026128 1.37822730782839e-05 -11.5846866190758 0.000402077189873809 -14.7828197682229 2.78383539661462e-05 -12.7121019880747 8.45165282681224e-05
200304 -9.73853461222996 0.0361771966832168 -8.97471429727639 0.0649437832823814 -12.8582072356073 1.60006740988558e-05 -11.5682381583666 0.000479000028324324 -14.962005994946 2.18092730724716e-05 -12.6802888323906 9.43950791436169e-05
200305 -8.76032697041971 0.105872039822655 -7.37414007896544 0.320152723957822 -10.5981878198097 0.0014929228292406 -10.2778486058005 0.0029154517638493 -12.7632802978012 0.000644517577129037 -10.0604332770927 0.00680602484803023
200306 -8.81345940968186 0.102193384171325 -7.41831747033863 0.313435068823306 -10.6247450277215 0.00156935442992219 -10.3999111925853 0.00235017648752053 -12.9580343654062 0.000406305667021847 -10.1694544547131 0.00454110390227512
200307 -8.88876528013789 0.0967574728101601 -7.60611464913954 0.272143291527745 -11.0639529850887 0.000714069220187954 -10.4007834400466 0.00250538562384027 -12.9175622675969 0.000484410173360019 -10.397051894798 0.00326755684700925
200308 -8.82424874903627 0.113262703968174 -7.61782624139993 0.280063187894746 -11.2322404629334 0.000654590373983048 -10.3732742169323 0.00282084925367138 -12.8930390092709 0.000591537290413685 -10.9253170783293 0.00146335193242151
200309 -9.23746061544128 0.0646927715724869 -8.02737851206325 0.174589633706839 -11.7372282966175 0.000211271117567137 -10.6453162591343 0.0016186830063747 -13.0320403371106 0.000392503819272671 -11.2392378576526 0.000719577845970861
200310 -9.28041887833417 0.0638644082964917 -8.07627504272466 0.172377445645948 -11.8375618504166 0.000193963390376852 -10.7659175709206 0.00143547273002427 -13.1884277727725 0.000336613117600543 -11.3741792704507 0.000567756677867936
200311 -9.23560929336884 0.0685452111732719 -8.05549586334651 0.178560852221214 -11.8484246732657 0.000208302560569665 -10.675897373028 0.00157015300588107 -13.1046035421029 0.000363420450822685 -11.4737321915831 0.00047879849728407
200312 -8.90986300659469 0.102171460470843 -7.78080088526598 0.231259908655037 -11.5711426442796 0.000340229724447866 -10.1440840638309 0.00410226498165458 -12.4398817909625 0.00118627039036726 -10.8131720369187 0.00104899188013414
200401 -8.6454187086245 0.13637497759523 -7.50330671982089 0.292575431748604 -11.0219663581775 0.00106934088999924 -10.0751064087162 0.00448943034512069 -12.2476681981082 0.00159866096287505 -10.3669123057214 0.00321800088531682
200402 -8.64598328441255 0.139756152040838 -7.50302844406616 0.298634247498852 -11.0409572530824 0.00116096763251009 -10.1632868483924 0.00401862625819515 -12.4430041686318 0.00111810814529876 -10.3709851860262 0.00330977107574433
200403 -8.69633506679 0.134501315882361 -7.53483762895044 0.292646965142283 -11.1765171197206 0.000991525598351334 -10.1744905391694 0.00415311031531405 -12.4422031481798 0.00120913464920582 -10.4973776874297 0.00298062688731291
200404 -8.56080116899345 0.165839823901449 -7.27533747576812 0.38408630412242 -10.6710847593553 0.00291284100261948 -10.1218208514902 0.0053006256113434 -12.475237944835 0.0012918753849465 -10.5333762363146 0.00323279494545806
200405 -8.60646191890197 0.138439216533613 -7.3529320383332 0.332186267892767 -10.7879016648909 0.00207716692066673 -9.89019629016708 0.00645235588041954 -12.4288053372025 0.00102264070038028 -10.529588568363 0.00311299911021346
200406 -8.6034306451168 0.141673668000138 -7.35271611200006 0.335849602878393 -10.7897103130979 0.00222949758211936 -9.89201452547328 0.00680835230271628 -12.4244305272693 0.00110729651665072 -10.5201265412729 0.00337995572577313
200407 -8.51956588098368 0.156318896227581 -7.28812619096375 0.358082115745716 -10.7697332014547 0.00244734199423419 -9.83189069901218 0.00781157676024207 -12.4532952718385 0.00109942782009462 -10.4494554428773 0.00397409176102278
200408 -8.51290621526766 0.158221701656844 -7.28810881032871 0.361556792773874 -10.7769310541103 0.00256372200384046 -9.66124114718023 0.010029031393982 -12.403664180994 0.00121802885304402 -10.5395527861091 0.00392324584852697
200409 -8.57680559483853 0.154182818421973 -7.35039133639472 0.3513667778146 -10.8303850288158 0.00257744312186759 -9.69067088478539 0.0106796412913099 -12.5485851094989 0.00106464537024469 -10.556395696097 0.00408003681330944
200410 -8.45919964864279 0.182419258305122 -7.30633818677502 0.366776985516929 -10.7033782143601 0.00339888170603947 -9.61343691330441 0.0126328255120867 -12.4444887690516 0.00142633815358533 -10.5508379688068 0.00418971219488342
200411 -8.26917736604871 0.233331592065896 -7.1119290908402 0.439393027371947 -10.3969681072591 0.00647356859815516 -9.23085190455708 0.0242296962137219 -12.1749682957029 0.00248069123005098 -9.8509931398514 0.0144550001098273
200412 -8.19710783826966 0.245556411115716 -7.08513454198454 0.439599366303748 -10.1482443605413 0.00978805501630025 -9.14420078421039 0.027923281346322 -11.9808953995927 0.00351290205042954 -9.65913358380985 0.0184446256783005
200501 -8.10344629855735 0.263167124429012 -6.98784671209789 0.469076332254952 -10.0481896474495 0.0116695194256707 -9.11996832647515 0.029034771560262 -11.9341106082209 0.00368208595362572 -9.76201559541239 0.0165039798350401
200502 -8.12071136694352 0.262893846454439 -7.00337548963652 0.465123927127635 -10.138720325504 0.0107813472745388 -9.29521868313561 0.0243172001661546 -11.9773569291902 0.00370834027405706 -9.8219218341649 0.0156260133219164
200503 -8.26430195241197 0.231038145638121 -7.17967082984454 0.409144563838729 -10.2205978523084 0.00983753269334345 -9.49627220385381 0.0181925924994729 -12.1782746869253 0.00258258071641788 -10.0412790291075 0.0113570180720971
200504 -8.22290112390367 0.245352985660959 -7.12679020732108 0.436031762361598 -10.1951578700568 0.0109024150610196 -9.470229191563 0.0201564081176201 -12.1631290148577 0.00281681902651293 -10.0649183954037 0.0116248802778864
200505 -7.92296747018459 0.310036340068771 -6.85554324370967 0.510060755067693 -9.89111847781436 0.0157506177593569 -9.30481846307005 0.0217122268670959 -11.9194172444256 0.00347112989694053 -9.73540082190896 0.0138720968556562
200506 -7.94822826196115 0.306857197484469 -6.88014903386527 0.503767449699021 -9.91128180211878 0.0160367337332941 -9.33434402117415 0.0227144415632555 -11.9932020041052 0.00331998970483977 -9.68961124968808 0.0158565440901248
200507 -7.9178943990698 0.320400709799246 -6.88142160304148 0.507358390708823 -9.91574555692836 0.0167609718677074 -9.19506467704418 0.0277147473382989 -11.8677102857682 0.00409583836528929 -9.62167449088429 0.0190436452146018
200508 -7.91851409552338 0.324741896550736 -6.87695577019871 0.512395332228692 -9.91670625101644 0.0175850612185649 -9.16882995845365 0.0299094753767345 -11.8719297851699 0.00438273681491526 -9.61682972764788 0.0202043335317984
200509 -7.87257529088632 0.344410534838323 -6.77407540172441 0.552779536816191 -9.81274249976554 0.0208443666750766 -9.05469551409979 0.0368801435931147 -11.8056481933654 0.00525322108348178 -9.48346518249252 0.0237464891674045
200510 -7.71224033402769 0.39441785174979 -6.6061890860331 0.620432822640283 -9.63949130764476 0.0279969954422115 -9.03034981454283 0.0423917710919313 -11.813145710202 0.00598695663105396 -9.55842612965194 0.0245561670530816
200511 -7.67047146852133 0.410374940052773 -6.585640824385 0.627101338768567 -9.58779841474349 0.0308974491080588 -9.01819326864777 0.0452312957706696 -11.759142926374 0.00690953898026865 -9.50970574794752 0.0275348870511317
200512 -7.64875571273842 0.420230940235328 -6.58537963745702 0.62939209793072 -9.58175094733977 0.0325951393425187 -8.94556703414959 0.0509446582495474 -11.7096154268837 0.00777594355107644 -9.50365212639379 0.0290175491531061
200601 -7.7614262448918 0.396881162748522 -6.64285289790565 0.621711795666923 -9.61322857607896 0.0343118570630838 -9.23550281345229 0.0383376456146427 -11.9235784197544 0.0060417246317114 -9.55098099445315 0.0295147071031127
200602 -7.66342638229278 0.419616617045065 -6.54160077930379 0.652028405445661 -9.5062950499847 0.0395528702386976 -9.48002651841953 0.0272425414554174 -11.7810518340927 0.00666273062626126 -9.47445834178529 0.0307138750564285
200603 -7.56352940054499 0.45244528971004 -6.49545307809958 0.673861009233977 -9.42156414094319 0.0473699403218973 -9.26380636849091 0.0351944960847976 -11.7441514946652 0.0070338485755039 -9.37332673876647 0.034221023078553
200604 -7.62219244779263 0.449483725349813 -6.48666343384234 0.68914876579105 -9.39009659801053 0.0514922599574515 -9.25752640181026 0.0384333873750101 -11.737867626916 0.00819852101361142 -8.93625693804214 0.056144892259795
200605 -7.55811827175499 0.4819147473593 -6.50503226952341 0.698848405063985 -9.4607620650037 0.0508709353888423 -9.17532276168951 0.0451686352548641 -11.6292253029504 0.0110019986579465 -8.90308091918979 0.064835066716084
200606 -7.51259141764014 0.500851785164987 -6.4709955557493 0.715715054052191 -9.44947128786469 0.053846566221702 -9.15222541555154 0.047819707921861 -11.5830647673044 0.0119861206140235 -8.88448738474565 0.06790572649446
200607 -7.53677509377879 0.498888800293959 -6.51144352791087 0.705804762791995 -9.44535088473568 0.0560868412486852 -9.13010120717197 0.0509915087874014 -11.6324508405238 0.0118156514870015 -8.89704420970689 0.0688875322108168
200608 -7.50132942220141 0.51448404518673 -6.49102092213467 0.715311863696225 -9.42688868453689 0.0592754931810867 -9.08124383847932 0.0554674509561126 -11.5601705422759 0.0136514280914877 -8.87822412142087 0.0730558735397554
200609 -7.50265166216069 0.518127868582201 -6.49314818860764 0.717048531434032 -9.42420226783807 0.0617349416906995 -9.07245196333544 0.0585162323853423 -11.5559871540649 0.0145672071316344 -8.88246161982935 0.0751443518093577
200610 -7.35446305268603 0.591148120611016 -6.40235785995336 0.772933141268825 -9.37521921589708 0.0683169826211076 -9.08226760335928 0.0631464278028191 -11.6193904860167 0.0152383785414875 -8.91652387116357 0.0747235292435894
200611 -7.24029235366783 0.641963731798912 -6.36973013204023 0.792729704599149 -9.37058706928107 0.0729086105919563 -9.00521429193966 0.070896630474267 -11.4903235803213 0.0189761539441453 -8.79321504974102 0.089260995881754
200612 -7.29448150448382 0.627957823206928 -6.39894467912456 0.783699472981643 -9.38033048730178 0.0748214675002022 -9.0504626301414 0.0701923955308772 -11.6559103517994 0.0165563089204886 -8.90315078159034 0.0829143308436064
200701 -7.25107536484522 0.650381533639817 -6.38823765060852 0.792463396262047 -9.46339647884418 0.0736192897760894 -9.05129336553358 0.0726977481151014 -11.6374861797412 0.0178874876722479 -8.91807510955365 0.0852045252287246
200702 -7.25471548422048 0.650218850525514 -6.40514606788076 0.786175398117555 -9.52271373917739 0.0724158812847394 -9.11667043422963 0.0697032994347842 -11.6337277927401 0.0186077250453792 -8.85456170383245 0.0932705698367065
200703 -7.5256476320247 0.56239774934755 -6.510228577322 0.743743367276007 -9.73745939924766 0.0609643118300141 -9.40373796355418 0.0535092244973012 -11.8195270747473 0.0155047815283706 -8.90887995387866 0.0907070957005413
200704 -7.48663607454392 0.595042028051157 -6.45215746373744 0.778878678914714 -9.69494327750904 0.0699768907901978 -9.32393938286771 0.0609326549721945 -11.7516195095765 0.0182445532231056 -8.82075096304751 0.100726933413728
200705 -7.41388365168083 0.621571096986926 -6.34410918095081 0.82709981574143 -9.63971063991476 0.0835230332669221 -9.14455577139131 0.0727390521765095 -11.5756113342219 0.0216193738955739 -8.70767794778282 0.112757560375334
200706 -7.5044887915676 0.592229886460518 -6.4658072163384 0.788258359787404 -9.78779581970644 0.0769884522358619 -9.2614520946962 0.0675281220111997 -11.493805200648 0.0237652411383547 -8.71283746910927 0.114821967432445
200707 -7.58542254609091 0.566184201430056 -6.51128809276922 0.769566146212533 -10.0457890308736 0.0626133070051555 -9.24100029970103 0.0705168235293775 -11.4485372711315 0.0261629174758557 -8.78413599136778 0.111141765210966
200708 -7.25335765368933 0.736818221013164 -6.03335972982286 0.996823837776494 -9.6001534169968 0.11861183278036 -9.09844382915193 0.0803662410716251 -11.0580982504259 0.038637984834649 -8.3623134863825 0.157725409224495
200709 -7.56019502720684 0.653225673404294 -6.50885618109018 0.850023809922599 -9.86122956317734 0.0967049258765842 -10.1148345310454 0.0394352991217495 -11.9110099764317 0.0177208417819118 -9.12751200403825 0.0846587914665947
200710 -7.93064977743805 0.539738474237105 -6.85331718577022 0.723679448857511 -10.0064349999538 0.0807812974579375 -10.3466057799537 0.0346096226556865 -12.0440121504795 0.0172341529636096 -9.69522839226731 0.0554352658362204
200711 -8.07615833033381 0.530031672163506 -6.88530360068371 0.747178222833091 -10.0842713063105 0.0836593793133851 -10.448950761442 0.0343864742514906 -12.1680025638905 0.0183497854533408 -9.43940502786211 0.0726422697724523
200712 -7.95973819947315 0.561901381145463 -6.86687071764425 0.74995418783884 -10.0036347679673 0.0927961066965727 -10.1452414116489 0.0451875906126439 -11.965037417188 0.022299555759572 -9.34185517806514 0.0816221275961501
200801 -8.20397469723035 0.570148234391192 -6.83643952143016 0.857107255804049 -9.92308216965045 0.128454602502329 -10.3450433963064 0.045565202776272 -12.1587437642675 0.0233167567070818 -9.37012806209836 0.0926419539260636
200802 -8.30804216461498 0.546974519811531 -6.91395566254434 0.829290594470313 -10.1181873987523 0.113084248355476 -10.6234568179859 0.0382865956839634 -12.1268074643234 0.0254074635921472 -9.35908605251205 0.0970982863956703
200803 -8.28088706738717 0.598360488171365 -7.08585206929255 0.810550072250026 -10.6009209847818 0.0850784204746244 -10.564395284517 0.0461183176828611 -12.0408969349016 0.029168911660353 -9.60509605604509 0.0857593000712886
200804 -7.55990534591082 0.711671651205118 -5.95916651293522 0.890038754478506 -9.92055466810175 0.115960968749095 -9.09756047856205 0.136884109926492 -10.9406386062606 0.0637964340616984 -8.56100033831246 0.171391397180868
200805 -7.56955397643531 0.731351725936286 -5.96927697528549 0.885041580541982 -9.95603718520495 0.116746237002499 -8.85398625393072 0.163588939381843 -10.6950745201937 0.0779191479511855 -8.53376493432181 0.176992217404973
200806 -8.00349073333508 0.636996707146203 -6.15515036884589 0.925886052727686 -10.1544152623332 0.110266052147256 -9.06905263049316 0.144577654294604 -11.4043726218239 0.0509085258210412 -9.47971610980018 0.100934934664235
200807 -7.81546748151114 0.731799031492628 -5.85236666221358 0.808518450538793 -9.91992916745474 0.141061613960574 -9.03548533622221 0.170319342893112 -11.2226000227587 0.0621156938661263 -9.5473920996443 0.0978739963940736
200808 -7.17489547927048 0.934641607975919 -5.11094888558803 0.559283890434338 -9.0067464482477 0.286928959009203 -8.43130132381866 0.250973797586672 -10.4881038961036 0.11600505016861 -8.74130656087186 0.176031516174902
200809 -7.50884333936861 0.993567743122554 -5.53257012491548 0.52842191622053 -9.93140990208772 0.242653818222989 -9.76630671754444 0.186737101887721 -11.3688788146973 0.0866548970178435 -9.75330356112896 0.121684021197332
200810 -5.74845707251963 0.054948051715386 -2.1049132719869 0.00149390411104278 -6.64449869087362 0.285347178903355 -10.507580641329 0.436871385340044 -9.68702144753528 0.670699525043213 -6.72334327502788 0.907990969285476
200811 -8.49343265375213 0.752938610831675 -3.80657494991741 0.030234283738685 -7.25785619245471 0.40394782175092 -12.7708725550203 0.0094070174336913 -11.5779907935996 0.103221166389724 -8.04335518477854 0.475995383105932
200812 -10.0847496640917 0.673043080004553 -6.04823037075486 0.31541284692202 -8.93065866932068 0.918718608160868 -13.5289253315361 0.00430129678207026 -12.8151733661823 0.0346224011260342 -8.88307852573749 0.306918492077087
200901 -10.2963438923944 0.669975551763473 -6.06275307421764 0.280814310760978 -8.89758046550815 0.963582416078661 -14.3396994055493 0.00237990301598645 -13.6712680333422 0.0214102708861042 -9.02156025466441 0.29879786245513
200902 -9.75459705889328 0.69960425468923 -5.26012121688784 0.233111224212057 -7.68570912873066 0.751387843054535 -13.6321700445225 0.00451671496742526 -11.1418521638918 0.0957179878101257 -7.49153139101728 0.63837483142285
200903 -13.5099765167694 0.0328277718830429 -7.81958103150879 0.776959281461516 -7.54227594207852 0.852874858803782 -15.4354201072258 0.000835456248935953 -14.4431368718181 0.00449311295851876 -8.66824278719376 0.328704872502677
200904 -9.55549633650643 0.41676926719404 -5.22322657697609 0.469278617928812 -6.66528147061998 0.815141887190281 -13.3750927675337 0.00788733390973138 -9.75096314193713 0.138092531539455 -6.78177148254508 0.827680108474403
200905 -7.59204045857946 0.713055421154542 -3.71946909917 0.0858001372919546 -6.21465556685117 0.270664068354054 -14.2502675803325 0.00601519039328768 -10.6883644546422 0.111574307806864 -10.0409382269211 0.251663212309072
200906 -7.63363937455452 0.726840793649304 -3.80916783348635 0.104933804677801 -5.86362172995889 0.241178673118306 -14.3392186692135 0.00586001513643899 -10.7827268738639 0.106675309134156 -9.10363351590404 0.314216171750325
200907 -8.10415159828115 0.821371110298344 -4.52617082351472 0.15139917647734 -7.8428953314617 0.500287427385131 -15.8893434607879 0.00176358168947063 -11.6781536695213 0.0761547854693089 -11.1766235642976 0.120249003522677
200908 -8.91777982249053 0.910124493787562 -5.28193141701969 0.290758734110603 -7.89194456300781 0.618978151750733 -15.9024932281144 0.0018217233263918 -12.1109287900512 0.0545719908430507 -8.91298784179939 0.316804247953692
200909 -9.43898249051014 0.809004413753935 -5.04279965946151 0.221612991468157 -7.03701426541672 0.411869200863844 -17.2463115117877 0.000499046965932267 -13.1803275416096 0.029552533901933 -9.29537801644129 0.289761773556853
200910 -9.75283283962114 0.700084938530308 -5.15396916112689 0.266895094374686 -7.23631172469363 0.482855262685595 -17.1089812722027 0.000637644078565155 -13.1415430800587 0.0323212814972203 -9.41805347243834 0.272435667985197
200911 -10.5275723848038 0.49327038811032 -5.3905701172603 0.340718791845904 -7.74891530535304 0.628446640163327 -17.4014651168807 0.000580892208695915 -13.245418008747 0.0289312458629729 -9.27323293731039 0.298448007867716
200912 -10.5284873357222 0.499056218569498 -5.37455495446153 0.34467243786334 -7.56803815059006 0.596077529546292 -17.235622910469 0.000743651942548262 -13.0303993882614 0.0354818942024565 -8.79333163104117 0.353286501270642
201001 -9.88618777097388 0.607555627074915 -4.63588699603359 0.24642133034448 -7.06092050679352 0.506272619126615 -17.6226377355472 0.00074208286965881 -13.0490721677113 0.0423616997965584 -9.08297647759204 0.347664638615569
201002 -9.87867268397851 0.614809255014523 -4.62457779885501 0.25183667950856 -7.05566638010273 0.511291161582064 -17.7084808128961 0.000820124507847286 -13.1467568418151 0.0419131579762577 -8.95437695184345 0.380123098899259
201003 -10.8178276520468 0.41608998821468 -5.39746717314182 0.39358513137803 -8.37701656891159 0.835631922534797 -18.2580926505491 0.000652170158788729 -14.1692427240713 0.023685931494877 -9.60927894048893 0.292909326086084
201004 -11.2177549936293 0.362216199439469 -5.59504857106632 0.436231292493341 -8.51147772878409 0.864997854342126 -18.0434807553668 0.00089427414263197 -14.2325245995271 0.0245233120782563 -9.63876798564254 0.298106212515573
201005 -12.7765151747301 0.272083754741777 -5.50356761107866 0.287003299439911 -7.2531973362745 0.351420859164319 -20.1448744032362 0.000309961211045107 -15.8725589525445 0.0143382172011033 -9.08713881110912 0.447778256721273
201006 -12.9441520959346 0.240816480999037 -5.74012853377521 0.344919538416965 -7.31189627489903 0.369054507848171 -19.9937436350941 0.000324724325583896 -16.0602846442537 0.0120822186976672 -9.00356915320093 0.459555073162898
201007 -12.9482447189497 0.278230866465576 -5.75524625055399 0.319235874961237 -7.72027356954124 0.415316658602865 -20.5390460059272 0.000291712191488144 -17.1698270484397 0.00821642744492773 -9.92130879230075 0.335143669190599
201008 -12.7579588586525 0.284172366820956 -5.57598292929991 0.30753962780015 -7.79276486953449 0.430731308709639 -19.8361790088999 0.000541572000551405 -16.4144983174302 0.0126879545181208 -9.90984545701017 0.343434482610472
201009 -16.1328040138687 0.0915194635780361 -7.76559846852791 0.578986430427684 -10.273638282809 0.835550655801401 -21.1879754907801 0.000332481275937491 -18.4567086503321 0.00435889959479475 -13.0935469136538 0.102517265225193
201010 -16.7482401970666 0.0792168007819272 -7.67563479850586 0.552282759844629 -9.93666239546394 0.759169125090442 -21.3733171132598 0.000376528048837254 -18.4655418052826 0.00504036131693242 -12.4355563498938 0.129873361104167
201011 -16.5013455254513 0.0716565432320328 -7.2722198281455 0.59890793882219 -9.61248901205682 0.828784172995381 -21.4077763101065 0.000281957720462445 -19.3792785457578 0.00200264136470119 -12.2477148148183 0.119782769739475
