"V1" "V2" "V3" "V4" "V5" "V6" "V7" "V8" "V9" "V10" "V11" "V12" "V13"
199606 -29.7040127685585 2.96646105331429e-27 -38.5298977875053 1.2796486121489e-39 -42.5851594431662 2.05535080626589e-43 -17.1766944866354 3.90800525765103e-10 -14.5914500509759 1.42355903270985e-11 -24.1059003330995 2.6886280030656e-19
199607 -29.6789547243352 4.03277670211557e-27 -38.5070216533955 1.92263410848712e-39 -42.5917601264824 3.40523578023801e-43 -17.1145082194604 5.34207042872921e-10 -14.5648396101936 1.83108581557649e-11 -24.0705177434601 3.8270866429056e-19
199608 -29.686773566152 5.81585311342162e-27 -38.5137064748271 3.12091680815672e-39 -42.5778992603328 6.28005958661194e-43 -17.1120054884753 6.37499624268722e-10 -14.5106983884163 2.79957258948414e-11 -24.0713091578335 5.11831942587834e-19
199609 -29.6810394509536 8.63201073599487e-27 -38.501473020971 5.21855519933393e-39 -42.5664626597111 1.16005342337108e-42 -17.1596430974263 6.33631961903762e-10 -14.5117791345468 3.34691958654214e-11 -24.0864481280217 6.46815439814467e-19
199610 -29.6766668440269 1.26473063968248e-26 -38.4972303060574 8.37889565744007e-39 -42.5316993771448 2.16891081356952e-42 -17.1862335016881 6.62209315417588e-10 -14.5123326545655 3.98006099566903e-11 -24.1073175408225 7.95603129564382e-19
199611 -29.7883007960573 1.39927468185131e-26 -38.655914196504 9.45178759372369e-39 -42.6384653734174 2.7306338309635e-42 -17.3012890548979 6.20748662140915e-10 -14.6289257480434 3.39251807467528e-11 -24.2571844703547 8.56964847291545e-19
199612 -29.9901972998023 1.24852476788039e-26 -38.9677337531956 7.69912370248969e-39 -42.8570535137357 2.94071094685559e-42 -17.4297905211248 5.93337703416528e-10 -14.6357599541257 5.26307632410396e-11 -24.5306642250616 7.95669825801342e-19
199701 -30.10848455694 1.80160086181472e-26 -39.2230139623473 8.67902246715162e-39 -43.044724533246 4.13988108316889e-42 -17.4294991314848 9.46184697301929e-10 -14.4894261766964 1.59691732493241e-10 -24.5858665121312 2.00936512798112e-18
199702 -30.5168026677788 1.05347971817522e-26 -39.7764874087944 4.33362103313619e-39 -43.6861488067898 2.11060492636037e-42 -17.5990048318828 7.90241385211533e-10 -14.4829572221126 2.91940346674914e-10 -25.0621076638361 1.32478373129665e-18
199703 -30.7717429673275 1.04735876526361e-26 -40.1422644453315 3.63604259463563e-39 -44.1140278637459 1.68775118016124e-42 -17.657947243759 9.00416351119028e-10 -14.4395403653975 5.28129307845827e-10 -25.2715117170733 1.68009876142448e-18
199704 -31.067760843584 8.63361157912862e-27 -40.5340983116746 2.81576199447651e-39 -44.4439316938082 1.90378124295126e-42 -17.6797313217136 1.15196380286185e-09 -14.2242840967487 1.74650685804826e-09 -25.3993652185148 2.52429774511152e-18
199705 -31.5213686838794 3.77749016093478e-27 -41.1243896314516 1.19012895904243e-39 -44.9134938514959 1.63766327646696e-42 -17.798474877133 1.08556068808207e-09 -13.9076631988688 8.61085503033231e-09 -25.760232817924 1.76283972734808e-18
199706 -31.9790915126285 2.4868752545693e-27 -41.8563601210731 5.44928653729599e-40 -45.4054051881511 2.11664767064242e-42 -17.8181444365954 2.34767383509083e-09 -13.2403417090548 1.90249600949755e-07 -26.1693079019856 2.86557836045882e-18
199707 -32.5164514044401 1.63491496661602e-27 -42.8761642278833 1.63852947022188e-40 -46.2214991855786 1.53447443204776e-42 -17.9378522658063 4.67338687684481e-09 -12.800867799937 2.21939577982335e-06 -26.5640422630794 6.03087920173574e-18
199708 -33.3897179284109 3.33849697760402e-28 -44.4068783228262 1.26625311798538e-41 -47.9884952296021 1.30586456824164e-43 -18.6157093277312 1.08800408621747e-09 -12.997722471843 3.35350233920084e-06 -27.9233933889754 4.65014806944276e-19
199709 -34.3354558851592 1.06923726375174e-28 -46.3039742218614 9.05149571783836e-43 -50.3795758786465 8.57845048574701e-45 -19.0589450619702 5.47990241084369e-10 -13.1922393584021 7.88251811317687e-06 -29.6136784229227 4.70660987072338e-20
199710 -35.5264014014906 1.18194572810197e-29 -48.3317907983018 3.77414196851643e-44 -52.8838141086291 3.10337187335979e-46 -19.6228777865041 1.47377177161332e-10 -13.7452129842335 4.75753568694867e-06 -31.6288650617681 8.50960650217906e-22
199711 -36.1308603623197 3.25081943973321e-30 -49.1679595860753 1.06852490258381e-44 -53.7950321253483 9.86326422686909e-47 -19.816525623796 8.00823279842309e-11 -13.9785314069345 2.8904415234875e-06 -31.9543382232931 3.61071261499294e-22
199712 -36.6130282244292 1.02307743003291e-30 -49.7445118381855 4.36307507905133e-45 -54.371146574118 5.05748161658009e-47 -19.9823257580215 4.45952871219205e-11 -14.140575597214 2.09748024047849e-06 -32.1405271607745 1.91553111158451e-22
199801 -36.9629183334302 4.94712518267824e-31 -50.2252374693126 2.2984029084637e-45 -54.8407698907561 3.41996195327154e-47 -20.1816374804524 2.43200754733962e-11 -14.1999138714936 2.21402680697257e-06 -32.3336625590535 1.03096292684216e-22
199802 -37.1332468401085 3.26900357378573e-31 -50.4365450060819 1.85574031682375e-45 -55.0284647728936 3.48078545150484e-47 -20.3050926733811 1.71300142271429e-11 -14.1531205588499 2.98394336191198e-06 -32.3772125328051 7.46104752837006e-23
199803 -37.4979748170252 1.11947389800553e-31 -50.9805957542129 6.99422340028928e-46 -55.616914962628 1.43598470540112e-47 -20.5475706093638 8.41873493760979e-12 -14.1346992792037 4.23157366714395e-06 -32.7748108892429 1.45958080727955e-23
199804 -37.7634088401058 4.06831585563755e-32 -51.4001892447532 2.84207405345137e-46 -56.1014259379786 5.58592485086552e-48 -20.6913123444902 5.03991030557347e-12 -14.166188821476 4.49725651584439e-06 -32.7692850571229 7.64501613312681e-24
199805 -37.7373927536899 4.16620005156101e-32 -51.3240865233094 4.1864296198464e-46 -55.9293622407936 9.39624711999477e-48 -20.5972878402319 8.18700164072689e-12 -14.1665624958813 5.00055510860493e-06 -32.2166233755987 5.41830739795718e-23
199806 -37.5022962279332 9.03774333951538e-32 -51.0529550305584 1.07370233792168e-45 -55.4759353111421 3.53128699189543e-47 -20.4263403859823 1.67709712641212e-11 -14.1257604554723 6.21076046288392e-06 -31.4688314531169 1.03232102904459e-21
199807 -37.0258356646262 4.90966590229542e-31 -50.5947810435304 6.25563154509903e-45 -54.8900191594573 2.93284259654884e-46 -20.1135464804233 6.42185721570455e-11 -13.9559102849861 1.26539643372012e-05 -30.4631887825078 8.34388481186369e-20
199808 -36.6953913375626 2.1469704358548e-30 -50.2633934185531 2.88548616942387e-44 -54.5057039292028 1.85662947556316e-45 -19.6120855024942 3.72741025259193e-10 -13.1439449508979 0.000108847505529273 -29.4212807922168 1.20516190496354e-17
199809 -36.1620474730378 2.04798996949732e-29 -49.7764780316123 2.5300971890695e-43 -53.9240100507431 2.5655331917783e-44 -18.9204035322303 4.31695647294738e-09 -11.9434428757525 0.00245989351135844 -27.7845878575123 3.59951120168546e-14
199810 -35.1021915869611 5.72039900319472e-28 -48.5707664941475 6.58981197707865e-42 -52.5260091358169 1.28330379460973e-42 -18.2107071298303 2.60791680204116e-08 -11.2560916597368 0.0110950430583592 -24.9319217104623 6.30125158749649e-10
199811 -34.3657683923172 6.27953580051868e-27 -47.7312252245123 6.40955620047611e-41 -51.5722565459518 1.50626030389302e-41 -17.739028109608 7.70860561468195e-08 -10.9570685438911 0.0184500672278869 -23.5243725710868 1.74002213426954e-08
199812 -33.5637005611811 8.03802752284281e-26 -46.8067002956845 7.05182451744466e-40 -50.5150014507018 1.85721661240132e-40 -17.0861077613511 3.59745909353749e-07 -10.3925925490148 0.0435481323569121 -22.0921280142776 2.97183718754985e-07
199901 -33.0759243897538 6.69290879332655e-25 -46.2932476370363 5.92089995217351e-39 -49.9130759519402 2.04763731066574e-39 -16.4742757396785 2.35946419566629e-06 -9.85949037432432 0.105665016541699 -20.8572083386819 8.20221593778072e-06
199902 -32.7814370124328 2.94900720818503e-24 -45.9944151888546 2.95420176320405e-38 -49.6715771728976 1.33177199804311e-38 -16.1233939730155 6.54705136555569e-06 -9.5686652162591 0.160853753622079 -20.0262299208038 6.67094683554399e-05
199903 -32.9204059433395 3.50393223433674e-24 -46.3994807779912 3.02011352567348e-38 -50.5288457470769 8.13241493377942e-39 -16.0860049738691 9.02277666843231e-06 -9.58971158555375 0.163673068102893 -19.9176618243988 0.000100159722699639
199904 -32.9829785202819 5.45184301693044e-24 -46.6588011595448 4.35761198890064e-38 -51.0915457944885 9.63876957566155e-39 -16.0339064247068 1.20784415911851e-05 -9.61746405527397 0.161161889781932 -19.8233375360033 0.000129134568019158
199905 -32.9638548633609 8.77630587004499e-24 -46.6366457199468 8.02609333708828e-38 -51.0599571381581 1.92840870354797e-38 -16.0581553562072 1.23122982761741e-05 -9.58377986692735 0.171923989161827 -19.9765655788225 8.75197740101309e-05
199906 -32.9729414666895 1.29582075186271e-23 -46.6544306690619 1.36285704371615e-37 -51.0793152783237 3.26151875503052e-38 -16.0596366432873 1.36428365690161e-05 -9.44999251730969 0.205777309181222 -20.1988603310847 6.22053276115211e-05
199907 -32.9784999355296 1.93869479119065e-23 -46.693331011004 2.2753169874034e-37 -51.1625024849819 5.12647336452623e-38 -16.059129338172 1.51658632908613e-05 -9.36178580977589 0.226445659660309 -20.4054996960784 4.72263811442096e-05
199908 -32.982359453703 2.9234986316425e-23 -46.7084987980556 3.94698236729804e-37 -51.1757525770374 9.139332990108e-38 -16.0635338593593 1.65810321194598e-05 -9.37711986614365 0.212720867156292 -20.5925480162926 3.42178011565451e-05
199909 -32.9569799645917 4.74618698167803e-23 -46.6733950537039 7.52481326810185e-37 -51.1338143543201 1.70935647173591e-37 -16.0577524461428 1.85273463617005e-05 -9.34888779546779 0.219866975778856 -20.5993767644975 3.89669093502774e-05
199910 -32.9008680339661 9.84843621051032e-23 -46.6087805530986 1.66516222794898e-36 -51.0177081993422 4.03771139170792e-37 -16.0342909250863 2.20985907063439e-05 -9.34558456338763 0.220952732311634 -20.5917542516407 4.79934060962395e-05
199911 -32.6351239614315 4.11100012579034e-22 -46.3325545627796 6.019238252707e-36 -50.6700719095307 1.47412344037302e-36 -15.8960943254468 3.58572794891493e-05 -9.35409032497025 0.222263893031922 -20.3932436980704 9.39954993179663e-05
199912 -32.135522820861 3.67787367219212e-21 -45.7820904433096 3.79731214723054e-35 -49.9756499104937 9.17059431050348e-36 -15.5702370713697 9.56205450500777e-05 -9.13765634100057 0.290929843192753 -19.9573665503618 0.000274799586364201
200001 -30.9847089218369 1.94277940249148e-19 -44.6010055333772 8.25876340835427e-34 -48.7085720913279 1.6457555603309e-34 -14.8601103112623 0.000568690407245741 -9.11014714393628 0.313284161528488 -19.1255833330672 0.00140535761017098
200002 -28.9806590426422 3.92533351193985e-17 -42.4659038975164 5.13168814885707e-32 -46.4271332197759 1.06313184871109e-32 -13.9197043455979 0.0028066657048246 -9.12543969396389 0.314201080409031 -18.3393003916244 0.00257274209845834
200003 -26.1249971534904 4.71870535277686e-14 -39.2996506200717 1.95732927898761e-29 -43.0307458557384 3.74522271306739e-30 -12.1327932832706 0.0369862671763148 -8.98061906169385 0.366615473383878 -17.9045800896859 0.00117484005098485
200004 -21.6099583691662 5.48564947916855e-09 -34.8401554922571 2.33225605929447e-25 -39.0777646574273 8.40270345177241e-27 -9.24764048922688 0.69201654925289 -9.10201730653926 0.344823386653821 -16.6775966693002 0.00285159621619207
200005 -18.2955883817016 6.96541883442129e-06 -31.8482183954559 4.18096926022763e-23 -36.1825192413429 5.44019341613762e-25 -7.10482891873263 0.435468306523818 -8.69081777692569 0.485595405096667 -15.5007510185711 0.00681964798038351
200006 -16.0788824601427 0.000455739438314278 -30.2115125471141 4.57166889305617e-22 -34.5810339835965 1.99469392046519e-24 -5.70921332482364 0.109914744732529 -8.50749717624226 0.533364913331292 -15.3744894314888 0.00402630384265822
200007 -13.7721818710599 0.0202909101475223 -28.5153180797481 9.86324120182565e-21 -32.8130418478665 1.5448466474586e-23 -4.13229076021659 0.00916412281782188 -7.99308295464838 0.743893976670071 -14.877671367332 0.00592295299643643
200008 -10.2933486832679 0.633080063032887 -25.9272607997202 7.892009580175e-19 -30.161613275398 4.28269958172524e-22 -1.81924536523239 7.36197262993073e-05 -6.95615629570108 0.804451567610459 -13.9405917968577 0.0128649322298303
200009 -7.73950291553624 0.277999983306992 -24.1137651838674 3.21054985002994e-17 -28.0752302966912 1.72994430535991e-20 -0.0996409170224144 4.90864483806095e-07 -6.0777438963217 0.421107439544305 -13.1760048778972 0.0345711597041307
200010 -4.94730473746303 0.00478051568708961 -21.9389937983251 3.7301063585461e-15 -25.5328983164019 2.58556345875867e-18 1.76587842646044 7.19140079959474e-10 -4.81645199227587 0.088887564615031 -12.1929846000843 0.118864086840778
200011 -3.54712131168007 0.000225990671936617 -20.9658847254465 2.68838047924047e-14 -24.2800537800673 2.71651523707027e-17 2.7104007111474 1.72169914809964e-11 -4.44312907704807 0.0478508103168718 -11.9263727206579 0.166512372136033
200012 -2.76457131566252 3.01351084799429e-05 -20.4838880671933 6.86311093865077e-14 -23.502997635509 1.08370728663565e-16 3.13673591916778 3.45456973023595e-12 -4.2824041605185 0.0367589417604862 -11.8328601572318 0.18832343956043
200101 -2.79084903675317 3.20182470340518e-05 -20.436883819479 1.06057849436034e-13 -23.292528707668 2.4177452826486e-16 3.08844991782994 5.29045133073285e-12 -4.41934733516991 0.047802216049815 -11.9989906161645 0.147662096139076
200102 -3.20767538499234 0.000174654910990403 -20.4065103794458 1.17732585975706e-13 -23.3174199434621 3.08648156028848e-16 2.7547606434466 5.9119803005958e-11 -4.82216271126696 0.126249913090447 -12.2530388734626 0.0642648594031276
200103 -3.36429367749775 0.000290141872771895 -20.4081361645813 1.56618031255843e-13 -23.1663703224098 5.66062466627723e-16 2.65450181594217 1.2260611423613e-10 -5.06883551849566 0.187061407413318 -12.4482314246068 0.0482214971399549
200104 -3.34905985650205 0.000304315724707073 -20.5265011290834 1.48800413513138e-13 -23.1930972787199 5.88854863997867e-16 2.6568519721005 1.527398846605e-10 -5.05645991726011 0.193216342471884 -12.4424025453637 0.0428292425924165
200105 -3.22478231264074 0.000243818477102675 -20.6132077263102 1.49251456065632e-13 -23.1875521215196 6.95829399657894e-16 2.69380605613916 1.65376286703411e-10 -5.08701949374499 0.205961547194738 -12.33923376471 0.0433444623057146
200106 -3.18651203424225 0.000238156544442586 -20.6641724229651 1.76780637272743e-13 -23.1798699695278 9.02183622347325e-16 2.69405750348578 2.0828093222742e-10 -5.08916716946421 0.219236472672403 -12.228313968585 0.0418363648634143
200107 -3.1904947810216 0.000253127296189471 -20.6464351590445 2.52190232975354e-13 -23.1711836958912 1.29463494770241e-15 2.6664212138809 2.95163646889767e-10 -5.2279997761248 0.285229606490696 -12.1822855169943 0.0366890286044681
200108 -3.39778653620901 0.000717441494216873 -20.4272798281259 3.6350150275103e-13 -23.1108703849272 1.2503687220432e-15 2.49008542903295 1.31263866232446e-09 -5.39737365134492 0.423382554327503 -12.2294167432918 0.0266837207121144
200109 -3.53533626460427 0.00133084797029809 -20.2819837290621 5.64259475673017e-13 -23.0707533009611 1.59036467190357e-15 2.33075673177494 4.25651753064842e-09 -5.51031192466611 0.517739257356139 -12.2966585944797 0.0190558227427176
200110 -3.56559790504449 0.00186680506069359 -19.9776554966312 1.35883915716303e-12 -22.8713611703516 2.95969534085874e-15 2.25891549941615 9.27469459163222e-09 -5.38726920842332 0.513414215748523 -12.1466804050183 0.0165691130293832
200111 -3.68993695318875 0.00314691897370383 -19.7708204201014 2.39353975406143e-12 -22.7525009249299 4.4526034220649e-15 2.2144529772299 1.7621603440506e-08 -5.31382566649983 0.528298389717882 -11.9404903376143 0.013959875381307
200112 -3.95995084616403 0.00802066593393419 -19.6410275046638 2.47838800661606e-12 -22.6189973987771 4.93938352075251e-15 2.07905663787245 5.63743154519599e-08 -5.33685828715196 0.632529658765557 -11.862870149226 0.00938984118857829
200201 -4.20536749263658 0.0169622610314321 -19.5380647447966 2.78210833693296e-12 -22.5486078659332 5.39489971203177e-15 1.87919121583808 2.02848731827512e-07 -5.54789107394378 0.821113097755892 -12.1596250958499 0.00387774944160022
200202 -4.42939785466032 0.033606811903571 -19.4998555671984 2.23621610737734e-12 -22.471743764122 4.82332148868887e-15 1.69581346665473 6.89027016961437e-07 -5.77588284390682 0.948055598567339 -12.4681390224032 0.00151365897056406
200203 -4.68145958985857 0.0647001573673039 -19.5130212920666 1.3701266716505e-12 -22.3144233551768 4.48130867454826e-15 1.51593937089776 2.12447647760118e-06 -5.98065422718992 0.737509662008576 -12.8025648812539 0.000476162940455357
200204 -4.99618170692036 0.118684074176118 -19.715636706143 5.34350829168466e-13 -22.3807307221265 2.19082778825514e-15 1.2999039619045 6.28988414352504e-06 -6.3360594021685 0.494146298499349 -13.3541653513373 7.43012670379582e-05
200205 -5.22118107864005 0.186033682154382 -19.8391965843728 2.46602544074383e-13 -22.4334225607212 1.00227842233643e-15 1.20239770893593 1.28130805468239e-05 -6.57925768246761 0.333284101624377 -14.1149760436242 6.00927015575839e-06
200206 -5.40282302164774 0.270705924965648 -19.8631326657033 1.15232502748764e-13 -22.1761676041441 6.94363530985335e-16 1.17809115288924 2.07059684814813e-05 -6.69989819053711 0.229108305456769 -14.4657183316199 7.30335236899268e-07
200207 -5.42717345361898 0.300605501997814 -19.737280830499 1.39203245883171e-13 -21.8552802840662 1.13592787991586e-15 1.26737819449431 2.0356052062226e-05 -6.56914797111863 0.227565954217775 -14.6456324676696 1.97795515147463e-07
200208 -5.20370533785002 0.268500189919447 -19.315244769998 4.30566697056566e-13 -21.2352535098177 5.4587728883403e-15 1.46473318281205 1.452272051822e-05 -6.30615347968007 0.273205258246456 -14.3358903310227 1.9226362433649e-07
200209 -4.79508743896357 0.204066650082878 -18.763040322223 1.82146537879451e-12 -20.436908837857 4.52910230467753e-14 1.7541299468353 8.54475722897072e-06 -5.88282374206592 0.368405579678109 -13.4152709869473 8.33087143758275e-07
200210 -4.22277711617123 0.111507876588476 -18.1912998976736 1.06372880189054e-11 -19.638155289109 5.08821770392625e-13 2.18031576948918 2.82146139063362e-06 -5.26439648553669 0.578083658844889 -12.0672206322769 1.20414742521133e-05
200211 -3.48693207241026 0.0453479640751828 -17.2749519235282 1.26464205756449e-10 -18.4550597245495 1.27104160209981e-11 2.70878826909715 6.71778249073953e-07 -4.55458137554487 0.867341177658976 -10.6496773393536 0.000155257279778784
200212 -2.47474028147501 0.0108655865241102 -16.155439583965 2.13730586237431e-09 -17.091735921495 3.82660010445567e-10 3.36678693673536 1.12961126023423e-07 -3.69792403843046 0.786221971722164 -9.3435855935915 0.00109618288165876
200301 -1.29164731982696 0.00138948766090117 -14.8509711415199 4.86912638867244e-08 -15.526055572182 1.56797128578679e-08 4.28784582942533 6.18081710459378e-09 -2.55406089689472 0.364462952649509 -7.8735255085115 0.00958596876089041
200302 -0.443287226997202 0.000225564558211368 -13.9395336606195 4.90319761606138e-07 -14.3412452197192 3.03985921919023e-07 4.95394659153222 6.4881499961807e-10 -1.63596721878865 0.147445813779614 -6.265499702397 0.0789999655848605
200303 0.523947513651568 2.04587953874422e-05 -12.8641300199276 6.33472686861898e-06 -13.0317918158152 6.55296195646529e-06 5.74710832933365 3.55784241949611e-11 -0.567255261243815 0.035285055249572 -4.67001005041179 0.374964117147471
200304 1.62906266507679 9.94108419587483e-07 -11.6767658291671 8.16931241481308e-05 -11.6340814208044 0.000124197779245094 6.60672312835013 1.41752434967651e-12 0.629205748814388 0.00461708727027925 -3.01536898296693 0.978613778841975
200305 2.54690678451978 7.52613762001574e-08 -10.6089199625709 0.000604229163487333 -10.4020414534332 0.00117222959781258 7.19396260709415 1.98933256034258e-13 1.56645188928618 0.000756251561115023 -1.65514584270865 0.435700631704066
200306 3.34186236491048 8.41379285213107e-09 -9.66893918927607 0.00265952804485301 -9.3618671785231 0.0055007747409614 7.7163555746168 3.8712377746741e-14 2.35986433932419 0.000152202661750642 -0.54919480351685 0.176249429980547
200307 4.10163098816204 1.08487848202488e-09 -8.72765897386025 0.00931328889992093 -8.29872705815326 0.0201539994156369 8.19533456303181 9.66751016554044e-15 3.13385286622303 3.04780157277526e-05 0.461150734172944 0.0628198235931733
200308 4.11246903661008 1.27095359735444e-09 -8.55418710736306 0.0127628566939188 -8.09485450437655 0.0275341336759022 8.22271555667651 1.19633169973495e-14 3.17466808842148 3.00882428659033e-05 0.387366123422772 0.071643057546572
200309 4.19562866739244 1.20112397435146e-09 -8.23200583979893 0.01934035645361 -7.81773250233657 0.0367353703294461 8.3333063102527 1.02983937073542e-14 3.26745717887305 2.65111751394884e-05 0.379048577427132 0.074144371945762
200310 4.26716303208992 1.20055882567699e-09 -7.93899400111564 0.0273448567443748 -7.56849022855375 0.0457041361907357 8.45377051962863 8.47128917422869e-15 3.39319169112599 2.1302699838586e-05 0.381617118899824 0.075780086109042
200311 4.29357451426536 1.38530486997418e-09 -7.74598553240158 0.0340638419355736 -7.38690336163161 0.0531650595427922 8.49713188908878 9.97082562536575e-15 3.43896066721743 2.12214506191896e-05 0.350570104697789 0.0819931398653149
200312 4.35306095185047 1.38380099166488e-09 -7.43971020932048 0.0475812583766053 -6.99865058564113 0.0764540684041687 8.58730727279752 9.11099886620833e-15 3.53586805270586 1.81448365630664e-05 0.313408640819612 0.0876823479457468
200401 4.39058567431595 1.52821891502335e-09 -7.19140626679304 0.060504356550975 -6.57576681805121 0.111219239803923 8.64656581535832 9.87394995909493e-15 3.62330880481099 1.611818759087e-05 0.281231434204143 0.0930559595293216
200402 4.36165933153951 2.19014293364084e-09 -7.06631432553029 0.0696891975125879 -6.36718782950436 0.133503443286915 8.62410592519052 1.56614013449174e-14 3.62626503578536 1.81367751140701e-05 0.263948226612254 0.0984499256281883
200403 4.32779527639648 3.20283695229931e-09 -6.93655350978999 0.0786976305624198 -6.11812246952566 0.160192143752219 8.58376670979571 2.65727561597965e-14 3.62445078212613 2.07609223922866e-05 0.241573379764559 0.104584845650876
200404 4.29387597703984 4.70338778227743e-09 -6.86107647797709 0.0840041066101522 -5.85819533898815 0.195029977492025 8.53699132158749 4.7293508866366e-14 3.61702292767618 2.43270885308973e-05 0.212309061192084 0.111815136532762
200405 4.23943319599552 7.38484843806131e-09 -6.76764405520691 0.0917386813964516 -5.52003864968729 0.253625715812057 8.46566568966093 9.19988038102276e-14 3.59384112925801 2.95067789169402e-05 0.12541311947708 0.127669749404086
200406 4.20286041824023 1.07821906921647e-08 -6.69471980811716 0.0985899055502548 -5.22180262788521 0.316021661128071 8.42121084899659 1.57338546489504e-13 3.57229487078606 3.55055130237376e-05 0.0210853963000357 0.148506911272893
200407 4.15505614092592 1.62254780495498e-08 -6.62787834171259 0.10675393956529 -4.96245741413974 0.382572503322407 8.36306131315665 2.74640291024881e-13 3.53022858493656 4.47630689743212e-05 -0.121323404748552 0.178135937106793
200408 4.02641043541859 3.64137144345574e-08 -6.63783311703214 0.108530945888166 -4.91935683896376 0.401714891692599 8.1385411667361 1.0469582930569e-12 3.41418153887556 6.86588915553341e-05 -0.10145504186212 0.175100881988334
200409 3.83846918782258 1.15649977806837e-07 -6.6664969642664 0.1051657461781 -5.01280007189377 0.377978715379053 7.8036605589619 6.98266639095253e-12 3.2099796375558 0.000139706055497688 -0.143993008453891 0.185971591714221
200410 3.66687433196071 3.54741253170921e-07 -6.67758115625638 0.102612493644721 -5.11795579986307 0.349921234149319 7.45812531260029 4.7513359296238e-11 3.0151145971307 0.000276940297632723 -0.174277626284058 0.19460941427362
200411 3.6670394771548 5.81998058682417e-07 -6.64660247066289 0.107055947859129 -5.13407586640617 0.349833847665537 7.29108973273264 1.5342848390487e-10 2.97472583328567 0.000363965564743635 -0.162532287778161 0.195847566203143
200412 3.72982311125472 7.3156377435674e-07 -6.59388239071326 0.115005772388634 -5.13527500871045 0.353696913211923 7.20002651163615 3.47356504244571e-10 2.96658135216921 0.000435100902086424 -0.157109401871414 0.199022345093116
200501 3.77579267903366 9.29667995331684e-07 -6.56881866572465 0.120979613682555 -5.135909328376 0.357219701998471 7.10506121127749 7.67901471276501e-10 2.96914573115582 0.000495968374860042 -0.147244729069596 0.203110353188575
200502 3.77231799495593 1.39047387541188e-06 -6.53976152460365 0.126557793787173 -5.13835006305483 0.360874517448534 6.91245828282334 2.34765420412382e-09 2.93492058539953 0.000618347615123061 -0.111356932072626 0.200336455103077
200503 3.79884137029435 2.10466975459648e-06 -6.47687912378914 0.133526348092637 -5.13482025375385 0.363016015127337 6.85824680681268 4.89940416462728e-09 2.92932279528404 0.000756158333355028 -0.105218886572733 0.203041881557125
200504 3.70344851090014 4.38499700166553e-06 -6.49752967114734 0.129995066771349 -5.18423461535822 0.351970755772145 6.6814373553304 1.4995527224113e-08 2.87957655307644 0.000999816587221375 -0.0717261798761415 0.200293068597094
200505 3.41767583140842 1.5993770505197e-05 -6.67067014227021 0.104205683979815 -5.34051825501451 0.303704589192549 6.29354977464666 9.06728278955955e-08 2.70709988949898 0.00176014847712684 -0.103654425606825 0.209911992048285
200506 3.1632343782057 5.22754995256321e-05 -6.77997594895563 0.0843350143017023 -5.47075318786761 0.25474917579042 5.99852016005807 3.89382823253371e-07 2.65206597424436 0.0025220675330084 -0.130006714573438 0.220110339854378
200507 3.00463155746877 0.000114682067729321 -6.81728843178337 0.0769404729735395 -5.53869343654505 0.231914456710597 5.84237435954241 9.94923821217675e-07 2.64717278154052 0.00308575372819717 -0.133098495723538 0.225094819039165
200508 2.84767407738404 0.000248255667902001 -6.88930517746562 0.0696790196925671 -5.59502784800934 0.215507268318367 5.76457268683437 1.97716560723668e-06 2.65050007346136 0.00384445824369852 -0.112197614203513 0.226912692338846
200509 2.67877096830735 0.000511115296999625 -6.96366929310284 0.0643945555971147 -5.66341650350886 0.201534620406539 5.68842980377865 3.8659655776998e-06 2.59004968301071 0.0052505069307389 -0.114834724312107 0.233128563458669
200510 2.60825229208375 0.000872701583080014 -6.98784458075388 0.0625054646643411 -5.71253903229387 0.190429835224124 5.78305708856334 5.01450127595609e-06 2.60862971421211 0.00641073550354093 -0.109950742504328 0.238528481990181
200511 2.26540259349687 0.00240837787136778 -7.18742423391723 0.0503562533275838 -5.90028300314924 0.157872980184081 5.55215229127248 1.47267915936222e-05 2.36230798564369 0.0118596216566292 -0.181899613928138 0.261331306052378
200512 1.85080236819879 0.00659341502508562 -7.43823441135769 0.0387434967911167 -6.14030475226408 0.125082399802455 5.32996802671246 3.86945690300051e-05 2.08618930219028 0.021389352383756 -0.263108902698517 0.285843666568526
200601 1.48535948666957 0.0135476151580542 -7.62635982051201 0.0332239056179889 -6.30847425766716 0.109362317616262 5.13831807517805 8.10616484042873e-05 1.83357995392851 0.0331635919297211 -0.288322363372062 0.295022117093056
200602 1.11504535707965 0.0268365885353104 -7.82005215139689 0.0279403247529406 -6.50349595987174 0.0919919250779729 5.06479330054738 0.00013259084075939 1.60714073725173 0.0491747479736773 -0.333175135426944 0.30979669782598
200603 0.77825227652184 0.0467260234346199 -7.94392108771995 0.0259170057849522 -6.66282969434071 0.0816926296627652 4.87543811022654 0.000267321741415225 1.3906187347045 0.0692733578411768 -0.364488465582524 0.321712516357192
200604 0.372015076273335 0.0836679654126743 -8.10201012210832 0.0230585418524858 -6.83907874897554 0.070825973716916 4.62962913345052 0.000584203730392754 1.10003371836794 0.10299878416306 -0.43033358693314 0.343378888104551
200605 0.00631657795832075 0.130571159907998 -8.19078288285242 0.0225015093078572 -6.97860601914817 0.0651216957913032 4.43007722667282 0.00108932763554918 0.88298946301083 0.135525913167419 -0.457955808377886 0.355060355614029
200606 -0.576948148792678 0.236379113897957 -8.46705101230447 0.0180903187719174 -7.39441738164894 0.0459706852385216 4.05045305542762 0.00277683155960583 0.47097685776295 0.209097905527168 -0.556809181485174 0.384146556628474
200607 -1.47755546591717 0.497122547518521 -9.10685653902166 0.00929855462446566 -8.22770030772095 0.0197654874293614 3.4943802058341 0.00915879733043211 -0.0738346213135399 0.350029014609293 -0.751518856245825 0.444803273677743
200608 -1.81954627056318 0.598745881774061 -9.06108470823683 0.0110299137824869 -8.09713227992799 0.0255746976782851 3.24315823540162 0.0142304757618806 -0.157497939758122 0.372851813937332 -0.699158960199342 0.431500107298239
200609 -2.13440766313433 0.714999326622467 -9.15595641888762 0.0109224293097089 -8.2062127352377 0.025186851766195 2.95459277966853 0.0230875933948575 -0.293030661844207 0.414034562886877 -0.712064568579129 0.438139910460423
200610 -2.55124546688688 0.8639781811034 -9.33190283829688 0.0101188750193046 -8.36224267949974 0.023927247652216 2.47338007899958 0.0435309260964514 -0.498133078241092 0.472197267881544 -0.719397356996088 0.44050819914055
200611 -2.93907389870625 0.996656973005556 -9.52530499507132 0.00919198007014274 -8.56383165608054 0.021716480143238 1.99613524613198 0.0757610458992346 -0.714908602313669 0.536859445243291 -0.73169476139372 0.440617156060693
200612 -3.13139427332911 0.923433996876146 -9.58135068047985 0.00952575673120491 -8.61995445374724 0.0224016534384456 1.62319231953505 0.113627620285065 -0.81965847188219 0.573637159637005 -0.752999389032971 0.4473562966068
200701 -3.26481090105482 0.870818482027717 -9.65749888342575 0.00963207171584895 -8.70392498628911 0.0223784772757738 1.29861919419829 0.157986632143074 -0.883298868409832 0.599370039210547 -0.769439600136668 0.454644920323203
200702 -3.18380374305809 0.883711751392959 -9.65170321927773 0.0104525219506799 -8.7183531550221 0.0234891038461975 1.07512263705472 0.200153392541455 -0.84740101469245 0.598625079810005 -0.77838222326212 0.462691747043073
200703 -3.14804674985001 0.8838681717734 -9.65226220837447 0.0112571657852512 -8.73836959224861 0.024512683180445 0.810593220835354 0.254215687847693 -0.804805279823939 0.594681339069858 -0.785588522161285 0.469827734725603
200704 -2.93675519705536 0.94348871046213 -9.61248728955269 0.0126977963493154 -8.71218713982689 0.0268125766124822 0.717113730435115 0.283639002845229 -0.706841451532392 0.574283918733896 -0.779147279222636 0.47317024579392
200705 -2.63523853036205 0.96996124972003 -9.53802257171186 0.014675611141657 -8.6300764533576 0.0306753338972113 0.561032463299493 0.328607277348545 -0.588410866539735 0.551113764631829 -0.772300473618603 0.477103377981547
200706 -2.40648762801823 0.907399959288047 -9.43803273033461 0.0172140034449675 -8.48255177227999 0.0370489814073211 0.412908289269043 0.372954992295648 -0.488111806393388 0.533368032211891 -0.762237231413065 0.480008430555232
200707 -2.14885116851253 0.827486378193081 -9.32127687191448 0.0207854650772486 -8.35982684934267 0.0445454084116816 0.37649813968752 0.390720407517587 -0.35813370391673 0.503483705908692 -0.782354085866621 0.488312601097942
200708 -1.78881531704131 0.713805760498036 -9.18203424121518 0.0258251397199753 -8.23759183199777 0.0544576272394064 0.448137575254037 0.38441195072094 -0.192321305607757 0.466031098900191 -0.694177940888041 0.468448639498671
200709 -1.64092921339649 0.666228521708685 -9.14951003519802 0.029179667511697 -8.26685752099412 0.0588185175352304 0.497767744450872 0.379795136271149 -0.0956497202466711 0.444462954975679 -0.647886068216397 0.458341960494972
200710 -1.6949273596967 0.657371544531549 -9.51341367004714 0.0255145228357708 -8.76743767371957 0.0473055282213939 0.535624857375383 0.366291314922002 -0.184575481616767 0.454308978266489 -0.86837161228519 0.497654219264936
200711 -2.09564449259183 0.682456819204777 -10.6229419023261 0.0150589310934225 -9.99686085651572 0.0260991793384431 0.436545538529276 0.353722314982317 -0.586280390620475 0.501155969546197 -1.26259649529128 0.525742220774131
200712 -3.08957205599116 0.853645731238601 -12.4160420281883 0.00516191609973662 -11.9595069565097 0.00809951424928207 -0.132207534951534 0.431279729499048 -1.48047325907057 0.670135038794508 -2.07821829004904 0.638699292081837
200801 -4.4598783061423 0.872341215810585 -14.4318242881332 0.00142016120454256 -14.2583741932572 0.00176832993687229 -1.11317697579478 0.620163178350996 -2.7313937201336 0.956184660207209 -3.41699274473397 0.904345537081119
200802 -5.92336785550616 0.615978958981167 -16.6231119718329 0.000337791970994765 -16.6908434473965 0.000329852355803852 -2.22153013878386 0.850115978440011 -4.18210048640559 0.731150305816585 -4.81192883207213 0.834526273592833
200803 -6.93108236605591 0.555491415843091 -18.8621950373969 0.000100993459610856 -19.5758321930331 5.63488583067399e-05 -3.12974001507684 0.954916361505568 -5.45562903866454 0.556035079598718 -6.45871727909848 0.624702016976088
200804 -7.61272853052413 0.539136089660215 -20.4286011056542 5.38105654964444e-05 -22.3146080026863 1.22740026941685e-05 -3.87387352067172 0.972344315180715 -6.62842460005113 0.422951188294327 -8.19087572346639 0.433042566534348
200805 -8.11501182397911 0.547179680995246 -21.8857898682059 3.37755754399794e-05 -25.0336927508274 3.14350820604782e-06 -4.58975027243098 0.937954829987274 -7.69140365101908 0.337050979943033 -9.9545122835635 0.297022688807262
200806 -8.66308013679087 0.514010487366829 -22.6179407350972 3.60442155214854e-05 -26.5448707495326 1.95547792235112e-06 -5.62525494972286 0.811925872817875 -8.88047626709578 0.233274358705807 -11.7545188653779 0.164825801244077
200807 -9.20072978557571 0.461549460744461 -23.2017568846436 3.97611154749227e-05 -28.0955095780654 1.13171538460076e-06 -6.78947109408357 0.667564507210549 -9.99282189699717 0.149953312661176 -13.4135628373968 0.0818915945137364
200808 -10.3227321907892 0.25104318535682 -24.8835102489362 8.30773705992844e-06 -30.4826833847939 1.13305227223389e-07 -9.11077369790567 0.247580359283768 -11.2344302370055 0.0681342794146401 -15.23927159727 0.0208418094679729
200809 -10.6610423777934 0.190915242860182 -25.3895105183651 4.99937635453259e-06 -31.4975974547716 4.1024123798797e-08 -10.7371305387457 0.104306628772905 -11.6438729238599 0.0501496379390093 -16.6678984005286 0.00686232367145452
200810 -9.85672520378589 0.264166772872959 -24.464751491556 1.30210291145514e-05 -30.7332563299805 9.54775331889927e-08 -10.3947944310296 0.122620483636343 -10.9708387945979 0.0771343598204086 -16.0509149942317 0.0100428422078462
200811 -9.64763200503078 0.35888697871851 -24.5479208294568 2.82418074374795e-05 -31.013612620907 1.85556554193958e-07 -10.6966875278528 0.128982120153069 -11.4410541457719 0.0788937404120895 -16.1103293636203 0.0144539097864346
200812 -10.6114709850136 0.352223674996972 -25.5495682474302 4.23453921740635e-05 -32.3751596262617 2.07959830437841e-07 -12.3890159099932 0.0763644113087715 -13.1928935603118 0.0458022462625538 -17.4295902891188 0.0100802387281976
200901 -11.5482608131656 0.353487943622085 -26.3182238673634 7.37928931769392e-05 -33.5621207483449 2.7829823387682e-07 -14.0472678338886 0.0462907672016816 -15.0235919733028 0.0260707094017519 -18.5179315900786 0.00800602552692322
200902 -11.1963806338006 0.650168920540188 -25.3171300653324 0.00068668909558381 -33.4745115118346 1.44387547512803e-06 -14.6012342474448 0.0611405756427938 -15.9429566849927 0.0333036768689431 -18.0599182149034 0.0169104950700364
200903 -7.19778196602132 0.249670175118363 -20.3180173274205 0.0592811759599793 -30.1282677155798 0.000110389133496345 -12.34902052038 0.352612361029714 -14.4504284890203 0.226171242688697 -16.1918239806614 0.0990800291145395
200904 1.89916636770365 1.21540519430682e-05 -9.14408385427084 0.176959291778443 -20.9819556302819 0.125183832010585 -5.36211541854421 0.189172781931677 -7.91557691738709 0.218177042774736 -11.7034527316765 0.829514855254466
