"V1" "V2" "V3" "V4" "V5" "V6" "V7" "V8" "V9" "V10" "V11" "V12" "V13"
199507 0.738399580581239 4.98935401088964e-12 -0.223293281758696 0.00162084407279951 -0.329338991263928 5.92964782604199e-05 2.23981765685262 2.48618392331327e-20 -1.06290526115898 0.000571830700128538 -0.17476743537943 6.03442394509302e-06
199508 0.749313374572924 5.35396952715618e-12 -0.229204510447301 0.00170782134734164 -0.358480061855926 7.14596333843298e-05 2.29791994382988 1.91184693981431e-20 -1.05242973623878 0.000547952561220422 -0.187464000269411 6.42066961344769e-06
199509 0.770437116086464 5.24380671510228e-12 -0.190675857488332 0.0015434855434588 -0.324213805424001 6.71498012642441e-05 2.28693424572252 2.59862453457747e-20 -0.993526912756715 0.00045645586574386 -0.139605744417581 5.80845381457274e-06
199510 0.772824207830414 6.09788628833763e-12 -0.211062839725296 0.00176335882511986 -0.359855440198853 8.80831025633273e-05 2.30346346693567 3.03270366188941e-20 -1.00394473418035 0.000507665398563168 -0.147350859027839 6.99765890093787e-06
199511 0.742216834693787 8.83598529702811e-12 -0.291170581805766 0.0026147601546981 -0.423594955412954 0.000138379774200644 2.31009083338997 3.79632132658158e-20 -1.00681195186016 0.000561481989524272 -0.129327792620892 7.61905761758443e-06
199512 0.765213177696078 9.56565475714964e-12 -0.226330120926321 0.00230540002864014 -0.331154305912773 0.000106712910565284 2.30040507753072 5.45586429808836e-20 -0.951547838389644 0.000469755228556382 -0.0588106516371756 5.99840140138205e-06
199601 0.781016691467262 1.06400489970871e-11 -0.189230351529046 0.00221744971937683 -0.280931187984557 9.86021154241769e-05 2.29753058068124 7.71053929757898e-20 -0.950607822877569 0.00049390008382191 -0.0542821061958465 6.53608076655756e-06
199602 0.854226005874481 7.43545900452297e-12 -0.0885759009665588 0.00161823656401196 -0.154396781190402 6.02015371975882e-05 2.28228902165436 1.16376813366944e-19 -0.932527700119556 0.000482123329083753 -0.0230909886024921 6.20135059020182e-06
199603 0.864590993812708 8.43993883849193e-12 -0.0410727941633215 0.00144815605657129 -0.0994860014458254 5.20239200822607e-05 2.27418920998238 1.67699211678568e-19 -0.923700066074162 0.000489633504755875 -0.0112736254775925 6.53752346385998e-06
199604 0.889692839679634 8.61679027905654e-12 0.00810442521905763 0.00129016800043874 -0.0477438648316619 4.64151479980578e-05 2.2811369886488 2.11659770800223e-19 -0.913980039622597 0.000496241409894867 0.000515445385707025 6.9771252184302e-06
199605 0.929472925833152 7.47054131251815e-12 0.0687102430817155 0.00106616827504515 0.0495414665039551 3.21041852607169e-05 2.26979000877412 3.08452079172391e-19 -0.908442029296719 0.000509737961129653 0.0238718574551933 7.03669510738526e-06
199606 0.929304101283712 8.92798372319805e-12 0.0678705956842718 0.00114224683608788 0.0638629882519059 3.45786969527535e-05 2.26962705999536 4.12417735951543e-19 -0.90809053848826 0.000538552090776045 0.0378161711912628 7.54125769351059e-06
199607 0.905267968431522 1.22249960487891e-11 0.0344986550865678 0.00141486189556643 0.0339866772662512 4.74150984217852e-05 2.27879172615368 4.89969692628282e-19 -0.939739950337226 0.000650280152855769 0.00575810890574013 1.02689082884905e-05
199608 0.872347907091275 1.8733572842579e-11 0.0196861923416281 0.00156977075514334 0.0347879565800624 5.06654812432279e-05 2.23656217989404 9.09199684288156e-19 -0.946265486934039 0.000698956175128784 0.00171319082652444 1.13708097501912e-05
199609 0.946721010997431 1.4970539901206e-11 0.0518313853561714 0.0015105626535225 0.0499626923843866 5.09794068184949e-05 2.23875804018031 1.46495190549551e-18 -0.980688601519963 0.000874786132309171 -0.00626786374817723 1.30419450726597e-05
199610 0.885796664766225 2.85820137098676e-11 0.0136414300456411 0.00186911341856428 0.0379173212865291 5.77292382146758e-05 2.19658119863249 3.29502156122154e-18 -1.00441763271453 0.00106437250705545 -0.00615798038554605 1.44144260391357e-05
199611 0.838657193087267 5.34559674349115e-11 -0.014750373746697 0.00224904238245165 0.0250654317524468 6.52655437113199e-05 2.05718282109408 1.6045916678966e-17 -1.11471606408464 0.00178224703428173 -0.0644991318424104 2.02461276743342e-05
199612 0.806605152506334 1.02482880002194e-10 -0.0505392603219912 0.00292996693043583 -0.0196847895451491 8.81699852538887e-05 2.02755052983893 5.03057972014484e-17 -1.15365546645338 0.00274959247328313 -0.100511555587657 3.01193668626508e-05
199701 0.877899201848575 1.03612368305213e-10 -0.0745980851281525 0.0037274610068405 -0.0524184410616524 0.000115703418145502 2.25286154456298 2.24207310394204e-17 -0.994612356779268 0.00216573471361965 -0.0933684811406543 3.84048655517649e-05
199702 0.867526231965587 1.69536879136052e-10 -0.0673824443784277 0.0042990504767425 -0.0543760195763632 0.000134433671513431 2.30385677642891 3.24194314450258e-17 -0.948486666777981 0.00232701414998304 -0.0637528658409048 4.22549813309264e-05
199703 0.885682075894412 2.07786389278861e-10 -0.0854692609399521 0.00510937571342635 -0.0808774347181629 0.000166278564965902 2.25650725657378 8.65040749606223e-17 -0.99711179375499 0.00322528132327596 -0.0905287728397264 5.60952424747787e-05
199704 0.990674864100916 1.34802654880041e-10 0.0374202630071041 0.00374536940273572 -0.00922106766572117 0.000138745897888996 2.35742799850983 6.96216064321643e-17 -0.918370004814739 0.00290910838478999 -0.0133191078162787 4.7124525948505e-05
199705 0.957722153605045 2.14896418945004e-10 -0.0877164766651006 0.00647407329319911 -0.115436099586463 0.000257282760831471 2.20519573254601 3.83589095667343e-16 -1.06486754071027 0.00572365561305898 -0.116825409869659 8.89194497173579e-05
199706 0.985195365425906 2.35390054344831e-10 -0.0630670579585768 0.00714387038437804 -0.122133065674213 0.000328125743572401 2.05809077405966 2.57916760007713e-15 -1.27561927389581 0.0141034535103742 -0.208191137053526 0.000168560154598405
199707 1.11619900428663 1.3027006678677e-10 0.0986282900173441 0.00492670312550129 -0.0698756146469304 0.000318918636601926 1.87795633788223 2.68781208748378e-14 -1.36974118343913 0.0245976504354312 -0.354768934102423 0.000401916510147789
199708 1.10000905350712 1.82574955201334e-10 0.130412308208061 0.00485391305437292 -0.0440771363040549 0.000321381973880055 2.31537780649304 1.40168844043321e-15 -1.07487161707951 0.0106917983615696 -0.151373504984864 0.000183890159650566
199709 1.02792902717317 3.31860554988774e-10 0.0395158608328838 0.00684763302548003 -0.17321743980252 0.000546475053842228 2.05570195734522 1.01600977613506e-14 -1.27893985211811 0.019046024341774 -0.31777971313347 0.000347361003669294
199710 1.07679842378134 3.2803016567088e-10 0.107682470765924 0.00594385509789716 -0.146545782518825 0.000546618790437961 2.39468047859174 1.00989164200274e-15 -1.08516275438206 0.0110188889610981 -0.178280014475907 0.000210590171683071
199711 1.1546992186138 2.51607356849981e-10 0.158015426012947 0.00530707581567304 -0.0939290690480821 0.000474092222662456 2.39160339860904 1.42417302377044e-15 -1.09436513315178 0.011811679429071 -0.165600199644045 0.000215850078511804
199712 1.18714159969355 2.45139565796522e-10 0.175031120574076 0.00524905684688458 -0.0927944838285288 0.000506883593525141 2.35075104349516 2.62493913538488e-15 -1.11939210791374 0.0132844022419382 -0.206252198161372 0.000269794418425886
199801 1.17003623151088 3.2296839691631e-10 0.178412785904858 0.00546374505327306 -0.160563634424005 0.000705394393056131 2.20848007808792 1.03560523420364e-14 -1.15879057688264 0.0159950760233801 -0.255354132728258 0.000365185422633581
199802 1.07609644218734 6.54149761560668e-10 0.0666663141250301 0.00811791675089705 -0.366245734549686 0.00164491105704028 1.84915650242522 1.86813941156495e-13 -1.39011864571419 0.032207978720478 -0.469409310550373 0.000913325272315385
199803 0.885751225541576 2.24756980669638e-09 -0.0972471123168894 0.0139476019021197 -0.731750364139749 0.00571359607328602 1.70359700902981 9.81785867276953e-13 -1.68621708980676 0.0711004964988229 -0.786263498285211 0.00303123597941429
199804 0.725148560930511 8.40313528058192e-09 -0.206955903737605 0.0214268262348639 -0.816004678651483 0.00911914158722569 1.70410315515369 2.15567567446255e-12 -1.74793821862222 0.0953602115120347 -0.7930853459716 0.00399045936608309
199805 0.547042844267309 3.1747109246539e-08 -0.312034918957793 0.0312852627927969 -0.96111407516879 0.0161621822362221 1.74297991189299 3.03899093271871e-12 -1.79138880450878 0.117239775310686 -0.84001832861631 0.00558513253537669
199806 0.759200571889662 1.35369140085576e-08 -0.101801217211195 0.0190903196342024 -0.689870133795423 0.00817606295015197 1.81170231508428 3.18626664135926e-12 -1.7350510298775 0.115027235970927 -0.669712664657141 0.00375407047512532
199807 0.86616212529157 1.02974162329088e-08 -0.0194996283189974 0.0163403771869883 -0.58897524023569 0.00687059791331995 1.81216029904037 5.47829558122123e-12 -1.71587051220532 0.123778146227888 -0.784794982849046 0.00633870874062538
199808 1.03819951137367 2.60443683367137e-09 0.100031598872119 0.0102837660271237 -0.509355667688438 0.00464821660274146 2.13279338867964 4.34398047575796e-13 -1.502097466366 0.0644143269779036 -0.544693604571167 0.00202564620748546
199809 0.972244471009331 4.1860290662127e-09 0.0284453633453419 0.0130251749934197 -0.536309243723387 0.00514258784631957 2.17472883475063 3.75782937891022e-13 -1.49721294279543 0.0633391976798722 -0.546610611887988 0.00185360857667597
199810 0.968916997811864 4.98122360126738e-09 0.0178936733917889 0.0139039744102533 -0.562579808384189 0.00602735950667322 1.95722406178322 1.87059043914758e-12 -1.68650108827968 0.0979601988852514 -0.683361147350969 0.00298938852394348
199811 0.965722819334602 5.85928681609628e-09 0.00785013910427068 0.0148090113644758 -0.577845237093499 0.00672709024179596 1.83491732425369 5.92885619802625e-12 -1.80418405011196 0.130193572417686 -0.78020734942148 0.00432891965593229
199812 0.961962141560735 7.00783202935783e-09 0.00948380931911075 0.0152895734682534 -0.569965442371156 0.00696609605196683 1.65464847238392 2.82126848082065e-11 -1.855984754692 0.154233191639929 -0.78890902783062 0.00492327175234943
199901 0.967424288888585 7.89451177192536e-09 -0.00254770916194857 0.0162695297958164 -0.564282489167356 0.00708661463233039 1.70637271890067 3.06641994559032e-11 -1.8069960628218 0.146486934742006 -0.747495897765771 0.00457377085871262
199902 0.972609169877658 8.92639011684506e-09 -0.016862632456327 0.0179963958365086 -0.571429795846479 0.00756470049484199 1.87600476416381 1.34702561189385e-11 -1.75210262565904 0.134356734468988 -0.719357694919198 0.00427090123110703
199903 0.975369276232918 1.06913126876262e-08 0.00599782610253285 0.0198494561406146 -0.521901093208377 0.00732944807490173 1.87253658748152 1.6813688974634e-11 -1.75761154835847 0.138265508069082 -0.689626491164663 0.00424945786900684
199904 1.0552463581877 8.0942659151928e-09 0.271278661498364 0.0111246482447968 -0.388031723202831 0.00532411656129164 1.87367781321657 2.04045470596908e-11 -1.74275850341601 0.134221357357455 -0.63692594653264 0.00379012202243032
199905 1.0528508524863 9.55392915583526e-09 0.308235037746374 0.0108848576919663 -0.37251246077008 0.00541895200264293 1.88573337651567 2.09717527293478e-11 -1.66652848919402 0.11571056487342 -0.66395342580492 0.00414248426970017
199906 1.07046224405428 1.03239485353295e-08 0.357209550131776 0.010205536984758 -0.314982141994369 0.00482916837481977 1.97080206711368 1.71599214557575e-11 -1.64752588947901 0.114210589103708 -0.602056936626405 0.00386135301435943
199907 1.08976098342202 1.03366141503488e-08 0.43267253941639 0.00836985435125202 -0.288922960005022 0.00459252394159855 1.97780079108468 2.09437524409375e-11 -1.64694667529197 0.116154916695073 -0.564801628615719 0.0037327738970282
199908 1.19196367844727 6.32713265641079e-09 0.534283477653985 0.00646160426894033 -0.216942656138941 0.00387528567144346 2.00935714867319 2.63693958592612e-11 -1.62999050921706 0.116275880012462 -0.541878528930484 0.00372160730784025
199909 1.20325985149693 6.94106847350542e-09 0.559708333739084 0.00629281562646263 -0.214680202330353 0.00412403282713994 2.00987349080872 4.19985777088704e-11 -1.66596294382122 0.129579243850281 -0.565338119052838 0.00430987919547739
199910 1.20197712664809 8.16171844094219e-09 0.56683209623376 0.006429231141539 -0.237084927897135 0.00469415519748326 2.26033824387881 1.29640814983772e-11 -1.63300976423608 0.126499035045555 -0.563064008964065 0.00461556105067757
199911 1.2220204374777 6.82128437730377e-09 0.573132724470871 0.00661324247704883 -0.281438397807321 0.00587987286136105 2.56973363833085 2.75608518920685e-12 -1.53449400338899 0.111605209342695 -0.661228734790131 0.00686225051035093
199912 0.919710320842959 4.17293709353409e-08 0.581535531836619 0.00666297393529528 -0.207896805644991 0.00521249254564639 2.95083442643983 1.75875826812958e-13 -1.32199598658516 0.0725955478317326 -0.293388943852024 0.00244287569052035
200001 0.632723358866294 3.36296376085125e-07 0.576939741038507 0.00702846456293334 -0.3324815245765 0.0089691086841247 3.21762276119887 3.14902867460508e-14 -1.59192139939575 0.115844129278381 -0.731315322991821 0.00892388089795859
200002 -0.463823186615708 8.87883612449975e-05 0.810714719939187 0.00386021219593988 -0.20095683169512 0.0105532375672955 3.88201948160499 6.89319983904018e-16 -0.735342653993509 0.0285696725490378 -0.401149429468273 0.00770141842031242
200003 1.46317410046857 1.77578635849531e-07 0.883255563671126 0.00321580911755561 -0.132073135183886 0.0157740578752265 3.87755384029538 9.62025640729859e-16 -0.404416616464642 0.0176353228980619 -0.0716209781676858 0.00621508259955793
200004 3.31047679447796 1.05017097382503e-11 0.0931096749209215 0.0387464842421106 -0.730653359012079 0.141384499676068 3.54185152344184 1.46535503053788e-14 -0.897239558055829 0.0848082309924009 -0.216945346652486 0.0245379700594104
200005 3.1110598710911 1.46182021056594e-10 0.493352377351108 0.0261118566581588 0.0372712377074036 0.0545752952555339 3.40121571759897 1.66836560653065e-13 -0.546412279090913 0.0603181630968319 0.189677433670044 0.0149814071174526
200006 3.23772667273624 1.38361627116067e-10 0.631696013066585 0.0227475128127878 0.259992369530704 0.0412914654829152 3.3692712342675 4.46733292108468e-13 -0.445697609159934 0.056024156390608 0.41326924098346 0.0102894394951578
200007 3.13399455517082 3.52884139450355e-10 0.588396016764292 0.0282008348361809 0.21066256074036 0.0519634869875621 3.15412757352672 2.70369614369987e-12 -0.4782047894627 0.0650387415470746 0.507176588744063 0.00910764550704349
200008 3.14582905678032 4.00154459768613e-10 0.568340238453025 0.0305208667731976 0.20311797371606 0.0553093958475826 3.11422952359649 4.33328890110481e-12 -0.493724676757168 0.0694276790528096 0.438312058889512 0.0116437691423989
200009 3.22083973388857 3.10471284072826e-10 0.555241393836914 0.0322526097646489 0.182213782941909 0.0593937014805457 3.062533208291 5.67077022910257e-12 -0.540675834462268 0.0769753349141897 0.368080584825392 0.0146454725527719
200010 3.34100340581731 1.05204929622662e-10 0.461128309387493 0.0401650609583699 0.101927344012787 0.0718341050897546 2.91506058481871 1.67232652887974e-11 -0.577126969328723 0.0858768571806551 0.422198964210307 0.01385116938126
200011 3.12934503684186 2.36307453409664e-10 0.391381298078908 0.0482912319868095 0.12221650803983 0.0710859170392503 2.65408118376198 6.13113004050821e-11 -0.604740095692402 0.0928619789204347 0.385658711301273 0.0159205834532461
200012 3.40168293080001 7.09428214372895e-11 0.5185837919499 0.0370917630110274 0.150641661049167 0.066805986097131 2.82238702106931 3.38612616408743e-11 -0.529715542981801 0.0794362115951042 0.473852094336036 0.0129199797273218
200101 3.4017158848745 8.78345059116196e-11 0.486925804460936 0.0415018747558334 0.06615941210798 0.0852134986055486 2.8200561679491 4.28091327971304e-11 -0.506001032367687 0.080571756932934 0.518115002823627 0.0123596546084582
200102 3.65305968065027 2.01066990302264e-11 0.710156927109562 0.027057416897946 0.223358552906527 0.0744311796556518 3.13752882988853 1.67233951073819e-12 -0.158048762848884 0.0422974290427627 0.795736333578267 0.00622185844718737
200103 3.1147010967476 3.12756958261613e-10 0.72489323241024 0.0253559765064831 0.537863612627121 0.0398264578201237 1.63073473543488 1.13086274819368e-08 -0.195142280162286 0.0436046451495696 0.73412655199957 0.00738888126028102
200104 3.45460548942712 8.47842911048324e-11 0.774478569508896 0.0230924260249474 0.41210731616218 0.0547964120789456 4.11651145772187 3.4637212739621e-14 -0.0711749369634029 0.033982572395897 0.813514608537702 0.00618995748113721
200105 3.31140510089288 2.29549962850142e-10 0.81236090883704 0.0219275769384425 0.519798213986722 0.049009536885813 3.64438507966882 6.92913950261877e-13 -0.0179004537035343 0.0307056208758649 0.864052589985631 0.00555563471178401
200106 2.74433399848404 5.71444291593404e-09 0.817049932514025 0.0222725247653683 0.638980827575797 0.0415071935098856 2.9199749271355 1.27683489206512e-10 -0.053151398408291 0.0343005364925075 0.825628786127619 0.00647988967659517
200107 2.26314273382069 1.27008131721035e-07 0.803566393624822 0.023800921020142 0.655712495215233 0.042872417226087 3.08004731200719 2.52940448131645e-10 -0.0720020133605503 0.0374575296425321 0.821140226248296 0.00700731715322544
200108 2.17143175779146 2.54351033321583e-07 0.814140945219555 0.0244306970804497 0.675067202678348 0.0423706519629538 2.85768507829928 1.02028413403396e-09 -0.0940908656806627 0.0408186441289577 0.790506549936376 0.00806798440777435
200109 1.48004278750676 1.47524417641551e-06 0.666966032297922 0.028380136102362 0.731428430886649 0.0350223865194379 2.43240531396499 7.66030013034437e-09 -0.248324723060311 0.049857441949087 0.618091110042551 0.0114075959059274
200110 2.33484642758246 4.69927944148809e-08 0.895822312518879 0.0181981458754066 0.757035912457982 0.034253289746539 2.75943122290572 2.15290462531165e-09 -0.156665480636264 0.0443228592546932 0.735497623910142 0.00921088827943667
200111 2.8656883539897 4.10352175940886e-09 1.06959642485244 0.0123836551273922 0.773715752393356 0.0338089795315291 2.98570270249391 8.34137657061836e-10 -0.103889176755567 0.0414375307118582 0.855213164675173 0.00703339597550176
200112 2.88680109015726 5.04673315199218e-09 1.06849256434657 0.0131295115973556 0.778339713438092 0.0345414038736322 3.05444141866872 7.83675023537035e-10 -0.0522880575067886 0.0391767840755079 0.886480156042135 0.0068564816022019
200201 2.7462765676914 1.31139009391272e-08 1.01151770184318 0.0158185942067229 0.777212490956469 0.035707267112634 2.82443049561838 2.79233942914882e-09 -0.168542599828547 0.0508972513583187 0.810791679852618 0.00851869317735816
200202 2.65361256520215 2.85841340475027e-08 1.02066467535801 0.0165565484840855 0.78868868980182 0.0358884293347623 2.91348243934995 2.62962437048924e-09 -0.142297231993949 0.051774120856849 0.78453298125517 0.00972523477519339
200203 2.92440971072436 1.08854878307491e-08 1.13664848436532 0.0131568134778698 0.773986546327898 0.0378103802105913 3.1152343795024 1.2471796719073e-09 0.0412506608955976 0.0368371752913609 0.865988693403452 0.00836844755241683
200204 2.90599407181981 1.530903946204e-08 1.14611431282704 0.0133621676410661 0.688334433447235 0.0463500093469246 3.03190652958601 2.25783019260232e-09 0.0444854867964528 0.0377441179616486 0.862910774829284 0.00883331656668358
200205 2.90225510012065 2.01773217498125e-08 1.13930423459021 0.0140597824149762 0.604731435311767 0.0574235248884958 2.93419746960597 4.56652647878977e-09 0.0465017579168281 0.038736753171068 0.872811285896835 0.00902173177297049
200206 2.8010050054471 3.73730644817265e-08 1.16027068522319 0.0141107231992942 0.606484537457985 0.0626067272819581 2.88596948177912 7.26612207753217e-09 0.0880016122416727 0.0362714478519847 0.892724641529885 0.00894358100435997
200207 2.52505194479605 1.14831703800965e-07 1.39517104521378 0.00803514742270854 1.05281305570019 0.0278297303964212 2.60037019586137 1.79551771118704e-08 0.096470544363747 0.0311568983165922 0.917005762105183 0.00840854520872079
200208 2.47882166456608 1.66201113973438e-07 1.40639462030649 0.00820731775778039 1.10041159041685 0.0264951783206941 2.58886198070235 2.30213601235848e-08 0.0966879678170995 0.0321784438699101 0.912554385558362 0.00890967210431246
200209 2.1462053821042 4.98829626164275e-07 1.50082185651437 0.00603766415272212 1.31116440090361 0.01679948545678 2.39596687898059 4.40926971797801e-08 0.172823541418687 0.020146031655407 1.08588381399605 0.00465427213434408
200210 2.43014851657563 2.06874247551864e-07 1.55505855896058 0.00564667141098742 1.30334614783285 0.0178000491744262 2.92809887716903 3.93083344075285e-09 0.867384725997866 0.00405961785952754 1.36521409288488 0.00236435903379941
200211 2.7206636041097 7.06148708529416e-08 1.65482837866817 0.00460480772691968 1.28479076229555 0.0191901177252573 2.96875437360339 3.96103454431115e-09 0.995987133338838 0.00298431483613881 1.4752751043105 0.00179708672754336
200212 2.63440264866076 1.31123805292861e-07 1.66410996858185 0.00477147025165052 1.2573609307825 0.0211283935350256 2.88296042641831 7.1274942594782e-09 0.973103022564537 0.00327828602726691 1.46328314178286 0.00196211355210273
200301 2.54167400491294 2.65091613160572e-07 1.64628335022782 0.00530911605935794 1.26423667118277 0.0216917399796035 2.67713728757788 2.1744145947793e-08 0.85859038556062 0.00464955193006875 1.43306847718143 0.00228337580145736
200302 2.38827241328952 6.09784838920773e-07 1.62225534124072 0.00590078147591587 1.30870099768027 0.0205915164740651 2.49900074176257 5.49821010156119e-08 0.783066000513999 0.00594530870217847 1.39696462044552 0.0026499442374761
200303 2.38971246040272 7.77750223125058e-07 1.61747908886882 0.00632376042237694 1.32650835575956 0.0206760432268384 2.4787107659094 7.69490443386505e-08 0.728022707699383 0.00725766842446039 1.36917076750322 0.00303556907273441
200304 3.06982355468222 4.2372425167361e-08 1.81793659998106 0.00372352555537612 1.24397500536845 0.0242965479268312 3.25936637816193 1.65798661120274e-09 1.25348064029609 0.00171479989768599 1.63938563749843 0.00140191846493289
200305 3.31105367964994 1.33408435610374e-08 1.75392696300778 0.00427521479050733 1.05280716914581 0.0355927398650814 3.37503393158245 9.64693976316681e-10 1.21334385299322 0.00192280893388192 1.61562439198515 0.00151058448345833
200306 3.32409033017024 1.48889936556043e-08 1.68882815114577 0.00537860085224356 1.00370692366371 0.0416731605757533 3.37498532419016 1.20963828428089e-09 1.19863663365848 0.00216020347452942 1.60913993212883 0.00166334625042849
200307 3.33258445350223 1.74032611695656e-08 1.64487883990562 0.00641728335334067 0.882370303289903 0.0548834281979452 3.36445509146575 1.58339677679291e-09 1.16306235320086 0.00251266322750933 1.57935991381917 0.0019250814899192
200308 3.27461113868726 2.68905023578575e-08 1.64820435479524 0.00668930440572555 0.912685163835925 0.0534893733236026 3.36144913423185 2.14164909228037e-09 1.18103590679056 0.00255987487863544 1.5831576938873 0.00204245199043572
200309 3.18723662323085 4.59673351886887e-08 1.65918125807537 0.00675830171506196 0.966057855207547 0.0496318218662203 3.24705187138297 4.5030601380899e-09 1.17899133494862 0.00273544399595888 1.57670073293346 0.0022161461452656
200310 3.08284420698514 8.33551515115815e-08 1.63449819279106 0.00739505413571084 0.988907033243802 0.0483852529221514 3.09254802505444 1.08139647768791e-08 1.16244031464965 0.00287697042212157 1.53940863324498 0.00246476074144948
200311 2.92651917064526 1.95867698315397e-07 1.57196264212702 0.00889468334087596 0.988689176150426 0.0495461276469472 2.82673303882159 4.33134596140282e-08 1.07374724127182 0.00381951685325918 1.4637149325778 0.00319401699367128
200312 2.70465678057509 5.70723401076493e-07 1.45346708859917 0.0120547876221761 0.940952461974598 0.0549819780355662 2.36784953638802 3.13811635891399e-07 0.854830041756027 0.0065301869976335 1.2923794429519 0.00507034574441333
200401 2.51040109391918 1.53487678301754e-06 1.28571210540546 0.0180135331684166 0.823941586890198 0.0682754672607466 2.33630580501525 5.54359798892557e-07 0.812809739498166 0.00808948097138575 1.24242022148889 0.00635858031312081
200402 2.33280771325085 3.89647777221513e-06 1.16318435003618 0.0247619640482443 0.730875298983702 0.0826037197690597 2.17612291981761 1.50304778355262e-06 0.695828026012812 0.0116125662186318 1.21210510424772 0.00762593543485364
200403 2.68364712879675 1.67377738073017e-06 1.36063059684428 0.0187488706705296 0.884483876609532 0.0684721838709653 2.73690986241728 3.12509722357843e-07 0.979677771911347 0.00729883938620592 1.50787372300403 0.00442537988338092
200404 2.91057077852083 1.06505999670863e-06 1.48710646658822 0.0160872608388282 0.997729172978445 0.0600093268951196 2.97743968347174 2.0043525378071e-07 1.13367502195239 0.00591979371649558 1.57058097147768 0.00431378266057057
200405 2.95819019190762 1.29434212470621e-06 1.49153113934357 0.0175244303055469 1.03624197478794 0.0592466305963718 2.88478198460188 4.40061684627952e-07 1.12672997081407 0.00676396732203527 1.599030938757 0.00453332709599303
200406 2.83835225472838 2.56773868450563e-06 1.42774947459257 0.0212858072768215 0.99154041432068 0.0660947343428286 2.86273657295997 6.81257500673573e-07 1.09748665339916 0.00789711318955103 1.56326953279904 0.00536884179336226
200407 3.06960946748371 1.46169723695271e-06 1.57410496411358 0.017214962856053 1.09357034618678 0.0582145898388575 3.22350734196498 2.32468689123331e-07 1.23177143264513 0.00641722372149892 1.70067184776083 0.0042627474228903
200408 3.13279637567678 1.50271944503537e-06 1.59831719722584 0.0175972981594906 1.10027033595445 0.0602609384506707 3.30404218188142 2.36600541578695e-07 1.23651214107258 0.00695376950202537 1.71135761021115 0.00455679819740258
200409 2.95087132498845 3.55684616984502e-06 1.48396507788968 0.0232807944196113 1.01624000084674 0.0717348932698985 3.13437651728147 6.11276982297368e-07 1.07877843475274 0.0105504089416512 1.61924751576943 0.006104500409022
200410 2.74113219465337 9.16147873913571e-06 1.34754362793689 0.0317754288249424 0.93165828947811 0.0852771055298386 2.94941735316008 1.66842929001919e-06 0.92535008012794 0.0158211343150946 1.49132776180703 0.00874518336829182
200411 2.25587598622677 4.78468794516252e-05 1.00643624381336 0.0585363454789585 0.613303838947332 0.136974818933062 2.51004301867753 9.34556388272667e-06 0.625641020100653 0.0298405995361559 1.24367402867763 0.0154038790265209
200412 2.05671580056753 0.000108649063207856 0.811620842017846 0.0835824211801057 0.463906943454384 0.174368672887713 2.24427438336391 2.82634174783805e-05 0.457308441422133 0.0434905305955851 1.12222235375936 0.0211152587690983
200501 2.06302241775003 0.000140807856579231 0.766125814472363 0.0960262483746162 0.402589229731376 0.199633755811766 2.58576854931254 1.37922652557026e-05 0.605714050659545 0.0376977838130585 1.25226135372422 0.0184031762851066
200502 1.79867112625326 0.000349122766200947 0.573241554007131 0.132208774157201 0.177959207409562 0.269894306208716 2.34135796353543 3.66330636672089e-05 0.430935307561731 0.0538230229226248 1.12442931890981 0.0251135328031104
200503 2.13973066528322 0.000190030261018621 0.790539605197593 0.106253115348888 0.409036184150147 0.22214424951352 2.65360641467238 2.03668054232963e-05 0.713668510520915 0.0378209379002572 1.31100947976301 0.0199200088515233
200504 2.48006922951434 0.000101154745665041 0.995182857701093 0.0862856532181892 0.545200294964665 0.202744032873938 2.84996595177799 1.58766671068522e-05 1.01444343811486 0.0251701514393707 1.54343441923742 0.0143457546395908
200505 2.72640636369983 6.91890988478379e-05 1.11047123245201 0.0793869552854226 0.683485303312736 0.184204244152142 2.92837611828934 1.76355039175969e-05 1.08975616913006 0.0246554013790216 1.56645445526582 0.0152603902287387
200506 2.71591800153538 9.44728846563948e-05 1.01992697290776 0.0966278782104412 0.611395493572098 0.211375410076531 3.01024075122457 1.91194720880932e-05 1.00199862461657 0.0315400166279764 1.57729833485001 0.0164913644860325
200507 2.54029202311727 0.000186172059666322 0.850376356712335 0.127959678072799 0.457650053509928 0.262617235009195 2.84449274127896 3.88415744841427e-05 0.876312179493499 0.0418083265659023 1.45356356375457 0.0221211362161425
200508 2.30370775470896 0.000413881118074431 0.728449400032938 0.154815361219061 0.374850260328619 0.293773451069751 2.7880771597744 6.01810021627018e-05 0.845742699726793 0.0471814654603717 1.42150427664833 0.0251061581151163
200509 2.29454293227558 0.000530085008037466 0.710914824048214 0.165281266613065 0.367994953928563 0.305158674719481 2.67898038420026 0.000104964752528581 0.85155374836523 0.0502292812906358 1.40519436995494 0.0277402988555465
200510 2.69953816060235 0.000247374659478845 0.950700980136454 0.128891344964155 0.577175100730898 0.254267724359253 3.02254155332456 5.60514333443709e-05 1.12976759239873 0.034938661007882 1.53446112693697 0.024132044943828
200511 2.69319546294821 0.000329231915173763 0.950770326492267 0.135590156137111 0.588273992050969 0.25987158459463 3.04872138515272 7.24346675167143e-05 1.09097269867934 0.0403015822446709 1.52349999369528 0.0265919365665449
200512 2.45702150542512 0.000715088909968052 0.810444810543309 0.166469571653996 0.496212019593434 0.292743564207072 2.8702789147132 0.00015217468343722 0.938017864342999 0.0539996393427507 1.43694352598953 0.0326953333644485
200601 1.99963063976174 0.00215811810575084 0.544541265812193 0.227190970837246 0.24887999831863 0.37348296218456 2.57103725025366 0.000385123649948442 0.698180303256257 0.0785252359691667 1.26395552685978 0.0445303018328713
200602 1.91992562835093 0.00305008965282655 0.455601902200553 0.25743077803859 0.185097220793673 0.404858373701138 2.69234024464965 0.000363489758365953 0.728189295852577 0.0802413163948341 1.25440022834239 0.0480458966521498
200603 1.7120079384657 0.00544208311652611 0.262421945717894 0.319309040682774 0.0193320659847895 0.475011146909733 2.45738294318466 0.000768737080274617 0.618855588230693 0.0977795921538721 1.12359696852391 0.0611255844631164
200604 1.2529864434106 0.0141006691076376 -0.0108632158900335 0.415038996625742 -0.201268839973778 0.571583807909727 2.05558240371491 0.0021796904945109 0.449260949582642 0.126761462473891 0.980500059931178 0.0783412459557008
200605 1.63399329306176 0.00857755647560759 0.265105044746583 0.338032178434506 0.0995468874477878 0.468839222915275 2.4474938063594 0.00119507761462735 0.694000201898404 0.0991401664231553 1.18275819004143 0.0633579866409304
200606 1.91420792783574 0.00640456082339375 0.406063150432801 0.311010378307422 0.248976136842927 0.432057401659065 2.49410635694661 0.0014178574300432 0.753381625182936 0.0987500741204923 1.28732859168738 0.0590520550876714
200607 2.13061724339803 0.00548043031126544 0.507826521828048 0.296916506860185 0.312098521214588 0.425883978228246 2.56737283958752 0.00163955205786091 0.736635039521827 0.108466617073187 1.27609659619115 0.0646077954286821
200608 2.07659277378468 0.00651261567114335 0.484962617849527 0.307970428392783 0.284042717891575 0.440055479212156 2.48574906647644 0.00213714893265979 0.711375598709629 0.115089950749855 1.24068835858974 0.0701614114203476
200609 2.04125509053837 0.00757279361729707 0.492736998135379 0.311253806362605 0.29084628204703 0.442989833633276 2.53011591099992 0.00222029873937402 0.709891837685939 0.119237348091377 1.2304799853769 0.0740475117875951
200610 1.96825284401004 0.00925770527499771 0.429666452664468 0.333042417535659 0.233497547021067 0.46683934036088 2.41086759007759 0.00307256271589891 0.659934540029683 0.129558612049216 1.17629866014644 0.0819432670880179
200611 1.81728640602935 0.0124821025222293 0.335583301411058 0.363495949943574 0.149213408878401 0.499908524568901 2.30993911803429 0.00407836749396892 0.600056519834768 0.141819393247402 1.13954108574518 0.0888269322915901
200612 1.67963152153577 0.0164863204434141 0.277184690714827 0.38598414313553 0.0945837283192641 0.52409953037154 2.22282356703652 0.00527205378029863 0.551440391337232 0.15344734945607 1.08548246903403 0.097947730195164
200701 1.64369123009374 0.018696751224884 0.229980915247352 0.405668269409931 0.0617637590979214 0.541209055336497 2.21647413771999 0.00587403606315723 0.568623438246618 0.155006279843945 1.08201211437358 0.10192701582996
200702 1.64852395761033 0.0200247395219859 0.215657583180939 0.416065115406893 0.0729168753170861 0.542657701729568 2.25076091112905 0.00613569260313277 0.609499524727575 0.152869314120336 1.11084841813653 0.102267903141548
200703 1.55825457574086 0.0242651572512696 0.144507321349929 0.443239243166885 0.00656174005004839 0.570970237106006 2.14104310152418 0.00796296287711613 0.54408395751967 0.166929888096477 1.0881771563475 0.108566406684172
200704 1.41325084584041 0.0312921941095499 0.0330386108119751 0.483706029489208 -0.0812969014780673 0.607423190677316 1.98582675648754 0.0109476780383113 0.437558886442635 0.1883331347957 1.00220477689973 0.122367668559772
200705 1.40686043821421 0.0338286250275263 0.0265996369209764 0.492546322999823 -0.0671326788960203 0.608135354520171 1.97228750548327 0.012241977418857 0.413961892065118 0.198052270776891 0.987674385208404 0.128638732971279
200706 1.46302345371759 0.0333837814056643 0.0623337768685284 0.486954622377737 -0.034999410129477 0.60202408273643 1.98863515518858 0.0129566791703077 0.439836953950046 0.198665529869568 1.0129172576292 0.129501883531401
200707 1.49225977646756 0.0339285084482782 0.0792602484981253 0.487105786172917 -0.00189561357610835 0.595337608694258 2.03538451345524 0.0129246658207623 0.504640796469846 0.191102286610447 1.06907279223327 0.125547092351906
200708 1.53235384580069 0.0331995141979387 0.151970396896628 0.465225643392798 0.0608417820282092 0.575726857929216 2.04203179627217 0.013665713124139 0.521207063635309 0.191991149922207 1.08998575066117 0.126246647555193
200709 1.54653422912606 0.0342545543239762 0.151168435982285 0.469775434897278 0.0595309707046798 0.579896807914833 2.12607084758615 0.0123517201465595 0.534573874771926 0.192764474917796 1.09746993729 0.128365927827331
200710 1.62537821322982 0.0320684133975675 0.163264357747173 0.468517696941525 0.0592395565649384 0.583267762740577 2.21596670860111 0.0112911804519483 0.557016330176718 0.192368857152333 1.1104275110304 0.130100687993525
200711 1.43911547999057 0.0403131693590435 0.110435396315423 0.482813656467091 0.0383613098097202 0.589024099324034 2.18397278136631 0.0127766132552121 0.521692332819246 0.201961557883447 1.07240109073626 0.137367851561742
200712 1.32303386548185 0.0488342327037145 0.0709826877818398 0.499224098582514 0.00660118008676269 0.603058841541208 2.08619951826023 0.0157238924743827 0.491226371902787 0.211985542364571 1.0430691821096 0.145400178796954
200801 0.851575165485208 0.0803316874610747 -0.129769210890474 0.557874797519163 -0.128966844669498 0.647608122921794 1.69326329625554 0.0260493271105048 0.27377605852561 0.247121366399522 0.868190339869768 0.169565636697204
200802 1.09536800632284 0.0655888256150911 -0.0157853812177811 0.526122036341879 -0.051582547617901 0.625368825512803 1.81244674890357 0.0244136416321613 0.344677468021337 0.23960877738663 0.867123159127603 0.175498556454969
200803 1.07864770450518 0.0707496248914913 -0.0263779610387926 0.534716809857656 -0.0639639541206494 0.634031441080384 1.74861027335499 0.0284488131871579 0.32791537165705 0.24869112117906 0.901146773762906 0.175364521445882
200804 1.15805726190839 0.069046804382404 0.0277591154055346 0.522532283288702 -0.0555474775663312 0.635615211529752 1.96768643998665 0.0230496390931041 0.451810460860769 0.228973655879948 0.967250286090082 0.170089535377436
200805 1.23252374018368 0.0677742977760429 0.0444661691060277 0.522661991277882 -0.0489958729233297 0.637850103525159 2.03552644256014 0.0229268881051967 0.478960164853826 0.229682320749025 0.94293452488925 0.178925952847838
200806 0.769708442420625 0.110667972492116 -0.105478612676602 0.568743195255998 -0.144888926757902 0.67041224059735 1.59219584440197 0.0406027431731372 0.237379374891522 0.273588412854596 0.692779585778114 0.219057247125971
200807 0.402135929615666 0.165702946057267 -0.266219555753189 0.623419417539216 -0.279394890941642 0.71720766324126 1.31483413680971 0.0613863411286617 -0.0223955797649555 0.33635417464564 0.644627091172112 0.23648087977752
200808 0.221755989339634 0.199105542253752 -0.354630771416375 0.654624103000836 -0.326957974864506 0.734458124805234 1.10127086299604 0.0808286131730436 -0.207459523207376 0.383502092276666 0.554759714795028 0.258727303110147
200809 -0.675952455356832 0.322566452914159 -0.844967444005218 0.773773417931682 -0.631829181431165 0.80871025200117 0.325870069500855 0.140543567811284 -0.918935021542167 0.530986884543541 0.248496687192368 0.312811155902923
200810 -3.51534471940167 0.866558761591996 -2.65473685329176 0.786338980332911 -1.75910265419958 0.92144922328298 -1.85955613405226 0.417199303240081 -2.73023386066953 0.997103010942239 -0.722517585059013 0.474012889667105
200811 -4.34363231724346 0.879024914144188 -3.30547586081968 0.59214424502751 -2.43793226657172 0.707634528846642 -2.29482426068304 0.536050565934329 -3.35337420075381 0.784378853603018 -1.3217538999347 0.642575017632665
200812 -4.20494840567343 0.924161350348429 -2.96459618778933 0.692244688524954 -1.940109485206 0.862334619652981 -2.1465244698196 0.485698592746293 -2.86009742140765 0.950563827909273 -1.07983700793135 0.578327043452844
200901 -4.47654269810684 0.847725780010625 -3.57965998941878 0.530852457313818 -2.46261339802039 0.698735339379422 -2.40835204446177 0.513819955539963 -3.63930740942149 0.746224579296727 -1.81135416121829 0.769480995196471
200902 -4.81732965160906 0.75108090416447 -4.23154285243685 0.379010439460745 -3.10514745469075 0.517076398242917 -2.84290994486698 0.61438452453365 -5.03076001381222 0.406691842805108 -3.03972621508037 0.854635871698785
200903 -4.09997328402689 0.96494252682762 -3.59763176671801 0.507671892393404 -2.53533391952665 0.647752715324371 -2.13550924085595 0.438241671139552 -3.78042594920462 0.693798213075628 -1.70195285308314 0.758371002361534
200904 -2.1120219684716 0.363699616090709 -1.6858777551465 0.908773759024001 -0.655996738011289 0.768220249979902 -0.857154854577935 0.186654798027825 -1.95385515323592 0.748139510809232 0.75483152460426 0.176160698340849
200905 -1.07984009597262 0.145302192464305 -0.464965479991974 0.521250256109908 0.367114389143675 0.473482879946448 0.409748719686831 0.0510768811247057 -0.489533058936176 0.342791134192461 1.65619887750421 0.0858522860421694
200906 -1.05664165511694 0.148912168931809 -0.487937836551811 0.537287376724211 0.272355630150989 0.506717074081756 0.360375340854668 0.0571186554406659 -0.73338409141428 0.404102765738744 1.56391799276273 0.0993938432861438
200907 -0.767102939422259 0.116079822433848 -0.0993352954058446 0.441910788028117 0.689180105513354 0.408747731132884 0.88644780749304 0.0310798048421027 0.0675696188517261 0.240447749151752 2.41308966548159 0.0445744291199644
200908 -0.987065824699584 0.139728987617936 -0.123234298183217 0.443085557060798 1.01677135857161 0.334540886371141 0.793627288851551 0.0363121103527806 -0.0220776216909968 0.259026330957466 2.35782965735434 0.0469970765484773
200909 -1.45854367276232 0.194143205145485 -0.333807237206152 0.49118636332632 1.0057326650343 0.338104059515159 0.530731125349992 0.0479343726095432 -0.192253916884888 0.292426297602912 2.21230875863884 0.056923129327411
200910 -1.35494772725746 0.19890456173212 -0.180117279870307 0.467210183670843 1.11463607922145 0.324302004121426 0.636633395931507 0.0487563071059655 0.069480133025468 0.260008600102588 2.70938189369667 0.0380544879931354
200911 -1.43184959786293 0.228544575904645 -0.186375987437515 0.481850694165956 1.13433065693432 0.328463538877449 0.300893074886521 0.0716694085957563 -0.135925080172217 0.306038911231037 2.67096858454428 0.0431898057413099
200912 -1.29633927213451 0.226240557733777 -0.0554782616565275 0.463748084897886 1.22719022446541 0.318539235914606 0.181992225644345 0.086707583738908 -0.173896369802873 0.32716716297977 2.74862633183408 0.0437998198320636
201001 -1.13545763925553 0.216421823401132 0.0900963116696851 0.440414388545955 1.28446073665567 0.314920829265015 0.641434049575229 0.061424661894338 0.455622058496841 0.222685308858964 3.1757877711145 0.0300158789584274
201002 -0.846321007051754 0.187976513801608 0.280986592420351 0.407320885697165 1.40779850055552 0.298428114318737 0.762413567725095 0.05950556782992 0.586382905167648 0.210016376395989 3.26235914205975 0.0294163592330686
201003 -1.28568823563966 0.258241237846608 -0.0567756124817409 0.486383826049844 1.25843440328695 0.328489642847627 0.381875837238266 0.0854515822492916 0.306938664844569 0.252835609449997 3.12182535157095 0.0345097955528593
201004 -1.398086237408 0.296942268429179 -0.035112572043694 0.497304597767902 1.29602010289245 0.331625710258119 0.887560662667009 0.0616309511524496 0.529083543780351 0.231087347211108 3.3640989237592 0.0299004127214128
201005 0.262189496821985 0.0871493812688454 1.26355440872046 0.235495515750981 2.32342859973518 0.167016322639062 2.22145485620246 0.0139587637851321 1.533959769932 0.102378315883479 4.29865052063851 0.0102486170370268
201006 0.407208357067756 0.0854795132387952 1.32384227726168 0.235903897020239 2.37264329000776 0.167159985868947 2.17134624152689 0.0164020914253702 1.57318642189846 0.103265371649004 4.30682750986895 0.0112250137316459
201007 -0.379227542895344 0.132625536119767 1.05670725145992 0.266391006822241 2.71559804452228 0.131276611890259 1.80407338048189 0.020922249948923 1.97739859685165 0.0697391007341694 5.02167798636164 0.00442418209572851
201008 0.38557712359536 0.0829284987633598 1.37929739502659 0.226043376048835 2.81131357548926 0.126107442111422 2.25705824505165 0.0157505353044495 2.43765681926772 0.0504449002538557 5.58321037944406 0.00246295622743168
201009 -1.16493728079785 0.187187929380806 0.90962243539876 0.273163629738015 2.95552592008538 0.112453457420618 1.14380195711175 0.0361958984037384 2.06752145308461 0.0604043136314359 5.47835682107516 0.00281158611741043
201010 -1.90801284584412 0.287201344217135 0.644984678937466 0.318662494183713 2.95736988405165 0.116701844910501 0.628159245933724 0.0584730514920921 1.79023869057812 0.0778482088257498 5.34741212019791 0.00372153973062598
201011 -1.1110503584397 0.171586641204685 1.00125787372793 0.26164181787579 3.14276353101073 0.10188460280977 1.38531124974147 0.0293266701467994 2.21280074781556 0.0533122858830362 6.05074557115649 0.00144537767631511
201012 -2.08429336638389 0.249061212295718 0.691044398814722 0.285513404686827 3.35886143831357 0.0859328599527844 0.873733421189493 0.040578480964609 2.14708997361556 0.0526973926909112 6.1781616721421 0.00131854342700768
201101 -2.23492851954519 0.276270049068746 0.601306190155504 0.304565177136294 3.37788330383504 0.0891563142974139 0.866437894037186 0.0444585297014613 2.1330047260484 0.0564806568855061 6.35171472881858 0.00115436756937902
