"V1" "V2" "V3" "V4" "V5" "V6" "V7" "V8" "V9" "V10" "V11" "V12" "V13"
199606 -7.44154243094723 0.000457293199189512 -3.45743831462948 0.709049872057515 -4.50685705355671 0.963454889371474 -11.7587454072449 6.18859819562239e-12 -7.63349810137031 6.85521903922319e-06 -8.43263464945625 3.78248218446591e-06
199607 -7.44382098081857 0.000481331085137564 -3.47183321056708 0.720453492799211 -4.53286245511049 0.943126846928208 -11.7921512016789 6.56464376080568e-12 -7.66613815652999 6.78475577783294e-06 -8.44320860151879 4.08014053167073e-06
199608 -7.44923142409348 0.000494843453636786 -3.5097834537821 0.758503783195122 -4.61068959128814 0.854296442267799 -11.8620516292889 5.99049279546812e-12 -7.76716120386107 5.15952383842348e-06 -8.55624996090254 2.88113064888858e-06
199609 -7.45078752817836 0.000521790179384764 -3.51708602501293 0.764852431982442 -4.57293042950135 0.883400681153193 -11.9223318787422 5.24091030650772e-12 -7.80568268330728 4.93274768006552e-06 -8.52409072544087 3.642564996227e-06
199610 -7.46494225439838 0.00052831166244699 -3.54424729192833 0.785603531490153 -4.62446376935672 0.849312056257397 -11.9838698637559 4.96859302489459e-12 -7.87048501579648 4.35892762202329e-06 -8.61051652081146 2.96578085854168e-06
199611 -7.46994474039628 0.000551077165328987 -3.5510445158381 0.790807027511641 -4.60308313151909 0.87149261649855 -12.0164425590041 5.23034586119633e-12 -7.88036805048908 4.70583286431049e-06 -8.617573024246 3.28950645332567e-06
199612 -7.46834861862926 0.000585036341768207 -3.52553591438054 0.77788353099557 -4.50257305649859 0.937083969509344 -12.0120284629513 6.56110710316946e-12 -7.8588877625956 5.65531439105485e-06 -8.58387253212192 4.14854178171482e-06
199701 -7.46959727207623 0.000618421565571212 -3.52366797812975 0.777917700947811 -4.45703496975749 0.968767087271168 -12.0304906501687 7.35853510826691e-12 -7.85821707845529 6.30556863512313e-06 -8.48856806327976 6.33764430308622e-06
199702 -7.46062818608286 0.000663436954961919 -3.51488346591451 0.77769324008326 -4.5009723956879 0.931122933853928 -12.1347485483755 5.00933294069946e-12 -7.95188873452506 4.55156274883155e-06 -8.53729339960647 5.88031137253893e-06
199703 -7.45954629892138 0.0007058438693299 -3.51469902284989 0.77827122200987 -4.51147733356989 0.929185961429277 -12.1360681009249 6.45492110160766e-12 -7.92998719872322 5.64046827000911e-06 -8.57687239333467 5.85647118030232e-06
199704 -7.44212918450493 0.000789563491746212 -3.48409021614327 0.757506843221366 -4.50477924393897 0.947540330864345 -12.1352992164239 8.46245189202134e-12 -7.89749330033642 7.40754524333129e-06 -8.48024061239998 9.83599317491631e-06
199705 -7.4796143535951 0.000753075996287342 -3.53585007712167 0.79632516932264 -4.65759858554122 0.842870846769825 -12.2563644109922 6.36915056485189e-12 -8.06845889663887 4.48680809455656e-06 -8.69907217629267 5.10683274188955e-06
199706 -7.52953235557752 0.000695852542824813 -3.58354978453876 0.832084047786445 -4.82159671035285 0.734282683214094 -12.3170422337501 6.30441392624203e-12 -8.19418019931846 3.24111298913369e-06 -8.96224235757373 2.12732107127309e-06
199707 -7.53178026954913 0.000745620900368824 -3.57712185546215 0.826485898824348 -4.84415796132573 0.73135971757858 -12.3385428716113 7.34395702375783e-12 -8.2210337419713 3.39474864599804e-06 -8.98517230730009 2.31764168603547e-06
199708 -7.55779136073313 0.000745058172443532 -3.59276380673554 0.837629445283548 -4.934404930462 0.677353859051419 -12.4026772856194 6.85300926213774e-12 -8.31402401056369 2.69277588765468e-06 -9.10784152331907 1.6907469459277e-06
199709 -7.56976334056494 0.000755458782727696 -3.57053760732171 0.831560634900362 -4.95991788388235 0.663838958249507 -12.4827395721055 5.09852361511825e-12 -8.38562488097043 2.16733134984202e-06 -9.11971185705072 1.84091679208843e-06
199710 -7.57761248016333 0.000774304877034589 -3.6242393572993 0.87890129345088 -4.92252163373395 0.672869230245387 -12.4821135254212 6.31087322777725e-12 -8.39142316574 2.35483010667726e-06 -9.14734495988045 1.77509354100974e-06
199711 -7.57543669364558 0.000826552077289637 -3.584410712854 0.853550985229384 -4.92799261229095 0.66249807726399 -12.5568844044228 5.14231092289038e-12 -8.43902138942909 2.1349133346197e-06 -9.16096823497501 1.86782560172422e-06
199712 -7.57549431524756 0.000876877234980744 -3.58691872526091 0.855747554510006 -4.92389552184076 0.667555449949655 -12.6033534487071 5.27366611440826e-12 -8.47256369110971 2.12431428994862e-06 -9.16478697220182 2.08122402018656e-06
199801 -7.56544593045374 0.000952127959376518 -3.59530625485383 0.865046695437885 -4.90664004940442 0.679884511974922 -12.6518092189217 5.44347162573782e-12 -8.51726296865931 2.01964275225388e-06 -9.17557016191346 2.24472404305841e-06
199802 -7.55552886457909 0.00103084549881596 -3.60370174145008 0.871717869807436 -4.90204023602225 0.683003140213565 -12.6810615300582 6.01874755336649e-12 -8.49948498823014 2.41877004310915e-06 -9.13667241571603 2.691599154636e-06
199803 -7.55163296138457 0.00107799579064607 -3.69413593577776 0.961677293720308 -4.92179736238738 0.633414041105477 -12.6690155207316 7.47327493678028e-12 -8.48637572021704 2.69526697322155e-06 -9.17150361696204 2.61087942295308e-06
199804 -7.57958426905141 0.00103764477809148 -3.81153367271085 0.948221811699026 -5.03703144670731 0.549943427384584 -12.5855578104709 1.10605382145939e-11 -8.41424374701181 3.70751810348052e-06 -9.23559268871643 2.36144568174967e-06
199805 -7.59427186297112 0.00105908991881371 -3.83004519665768 0.941807149223003 -5.02954047802309 0.560450756879886 -12.5622260102296 1.48897850064525e-11 -8.41162841411975 4.18667173821353e-06 -9.25161306534832 2.56401225382211e-06
199806 -7.66695467312657 0.000897474551563827 -3.96544270805346 0.844366847424374 -5.08054828631579 0.537619918659754 -12.5398738748951 2.03333270024573e-11 -8.42795930956557 4.48091546767042e-06 -9.39965812164061 1.73905869992316e-06
199807 -7.70815683530492 0.000840851238513029 -4.04728014133013 0.787013727765385 -5.16942554808379 0.47607305670262 -12.5633783540371 2.29218790676996e-11 -8.5066661076425 3.68713109131348e-06 -9.6055285961631 8.53345622470747e-07
199808 -7.71141264092607 0.000888582785009145 -4.04754290924634 0.789753110506167 -5.10770047206164 0.506185911674704 -12.5962131115953 2.4871885268594e-11 -8.53468218147646 3.79337211158291e-06 -9.6794173046705 7.81451418765605e-07
199809 -7.68412804645291 0.00101512744332086 -4.02848045101218 0.802730791490022 -5.05510337282573 0.529199807567107 -12.5667113816182 3.0038958390366e-11 -8.4878857416252 4.4246387109837e-06 -9.70873668644048 6.54600227049453e-07
199810 -7.64894236035505 0.00119648419632631 -4.00809948390437 0.819738728563097 -4.89373091341745 0.597646047279 -12.538426520616 3.95971019384853e-11 -8.42013140114042 5.69539882659055e-06 -9.61881379754708 8.16736572851321e-07
199811 -7.63531064098997 0.00133624318535685 -3.96964596977447 0.847445826517498 -4.78051306273901 0.644143983114153 -12.4771378148702 4.86563476085926e-11 -8.39172506986199 6.03985480446904e-06 -9.63793440093101 8.17573502055052e-07
199812 -7.71700291040143 0.00116110469561655 -4.01438452292771 0.816238471016369 -4.79023640725704 0.637466344503159 -12.4783522574206 5.89000140054402e-11 -8.37931326534533 6.95733826575219e-06 -9.63822898227218 9.41110391481504e-07
199901 -7.57682714891539 0.0018153017605028 -3.85232251586631 0.911449549453006 -4.70213240155009 0.672760789847526 -12.4916197617036 6.92434925645536e-11 -8.36402947000097 7.97170686966968e-06 -9.67051940707762 8.44485272815962e-07
199902 -7.86626926584661 0.000870458621147037 -4.02061275695635 0.746758049376959 -4.68064747694201 0.632848809778971 -12.4829708910842 8.29027543312184e-11 -8.28861748146941 1.07943408201626e-05 -9.53046535240261 1.46375991282907e-06
199903 -8.14359263502122 0.000471658806757261 -4.18907550791239 0.635369405731044 -4.69466984791267 0.608682421465462 -12.5002733995563 9.6704836650408e-11 -8.28719033292158 1.19613962231391e-05 -9.46444209578734 2.01545671042237e-06
199904 -8.57129095869982 0.000136528740447652 -4.43066592278283 0.436249911007768 -4.54897482743177 0.56324200781757 -12.5723271701635 8.64047728314959e-11 -8.26394080670758 1.09265445170186e-05 -9.06581083319675 4.79565680560856e-06
199905 -8.77461180564174 6.84722195528897e-05 -4.38798197879928 0.377882186921807 -4.21186316840858 0.647697915066169 -12.5710183071087 1.07528817077786e-10 -8.17046694463197 1.50482692955408e-05 -8.50336285373723 1.81721811638527e-05
199906 -8.87756375281399 5.38589877456969e-05 -4.42145167268626 0.35687187399791 -4.13885849328453 0.667334137749749 -12.6192139278116 1.00987011608587e-10 -8.12284496029736 1.68480789969723e-05 -8.38416577966938 2.64087972870631e-05
199907 -8.97500184455113 4.34236367105731e-05 -4.45739274118917 0.329399457263042 -4.08471727079358 0.684786266862177 -12.6212139442093 1.24104438979696e-10 -8.11920371336923 1.87360128858821e-05 -8.32744013895197 3.34385669055741e-05
199908 -9.01242141905731 4.25568889512682e-05 -4.44798194977378 0.331136382284093 -3.98757735312192 0.729925784791355 -12.6205732644381 1.51831499368075e-10 -8.11001139549132 2.11219371991987e-05 -8.29142709764841 4.03586655303928e-05
199909 -9.00111343293986 4.82246756218099e-05 -4.4655497424384 0.325351184439762 -4.03668611493166 0.698530638203279 -12.6227214283393 1.85239629827135e-10 -8.1171819291523 2.27211848100983e-05 -8.34761714322361 3.67087925208517e-05
199910 -8.99651608469481 5.31529872594382e-05 -4.42571816692618 0.343461147290841 -3.88815910117735 0.776721015300613 -12.539097387329 2.89530700451385e-10 -8.02939179239721 3.01059958979189e-05 -8.25819184865637 5.13760618236327e-05
199911 -8.9727388463565 6.31613887424474e-05 -4.38630518592114 0.365294155906236 -3.89653325744486 0.776980490592626 -12.5100965756214 4.05774691989598e-10 -8.01087040689674 3.51859559955027e-05 -8.23331092713369 6.10009487469132e-05
199912 -8.63936860834307 0.000172210027736178 -3.92302541008038 0.552677998410837 -3.56841464064759 0.928017646280679 -12.2676160667935 1.21657510751535e-09 -7.79847303291941 6.27294040946378e-05 -8.00008335121738 0.000106171871048822
200001 -8.81993323310657 0.000123809516577878 -4.01773387549011 0.506331338641805 -3.57355785459537 0.92632116517586 -12.2440636592348 1.91615188160093e-09 -7.74598266837148 7.97776290496582e-05 -7.97990657395724 0.000123509836201835
200002 -8.42803684602737 0.000394084282454908 -3.63228888859597 0.671470584769454 -3.34178572537294 0.972923583110404 -11.8614667912388 8.49496941793929e-09 -7.60973928515685 9.62224522259505e-05 -7.86152131106279 0.000148559680998962
200003 -9.20677999433279 6.00914849146853e-05 -3.97389226756559 0.459981960964405 -3.31591620186855 0.931365043674221 -12.1385958312661 5.81734132985515e-09 -7.66319023103019 9.10097176428055e-05 -7.94946156120706 0.00010750247073437
200004 -8.88272175234654 0.000214735769448551 -3.6367378388767 0.635362669685949 -3.15809203882511 0.992441228715583 -11.8347542255917 3.31498739504056e-08 -7.32897575769409 0.000230891134852071 -7.62982341822331 0.000237439331763298
200005 -8.43384539887417 0.000816632036292299 -3.37093747985664 0.771142398809607 -3.11102468178732 0.990895040619921 -11.8073474336978 6.08926088378479e-08 -7.27149096949311 0.00029204002288919 -7.56974802872239 0.000296215638894472
200006 -9.11321853237059 0.000174899885270069 -3.58565901780974 0.633017315696173 -3.11906301213931 0.99644009960328 -11.911957140455 8.16939283793052e-08 -7.13370862434159 0.000448810321260754 -7.50727506704263 0.000378616505164138
200007 -8.85352357779241 0.000492980924144942 -3.32698552121702 0.779794061110494 -3.05880037174444 0.964750067234102 -12.5151170941621 2.50443907177099e-08 -7.21440257274126 0.000406960719653115 -7.52166659088918 0.000406302898452527
200008 -9.06403967701481 0.000458359023173069 -3.28485722705478 0.81607580753788 -3.04062373959251 0.954278129954319 -13.0899990237781 8.37611245325353e-09 -7.22230580883643 0.000446545151537041 -7.36419526038983 0.000649472905222378
200009 -8.74045243282526 0.0015285469270014 -3.06321403198386 0.948731548069505 -2.98177394080406 0.932447557711715 -12.5703074893733 9.41872848182033e-08 -6.84138982391262 0.0011087859561345 -7.02655799082255 0.00141877236973477
200010 -9.09380793031214 0.00140360337562576 -3.08062284254182 0.961634246440773 -3.00439623362616 0.943999348511747 -12.7958073530906 1.2416504167513e-07 -6.82868445112736 0.00130139232934528 -7.09538876302296 0.00136499169362611
200011 -9.64323631606301 0.000641470511650767 -3.19264237887398 0.903183410346353 -3.02679255474436 0.95834464712446 -13.1681192137996 9.25123837496488e-08 -6.89865017246383 0.0012430113513506 -7.2200326054555 0.00114112388463241
200012 -8.65746021032412 0.00570375791030485 -2.70008514276558 0.86452921306393 -2.63839396665142 0.858795824575064 -12.2907723667326 1.6362857851399e-06 -6.40799236202529 0.00351730143211367 -6.83604439358472 0.00258703994756814
200101 -9.29799731551277 0.00187413129774914 -2.92145134318882 0.992296910069574 -2.7181945983221 0.920048075931726 -12.1765229425045 3.85981743615007e-06 -6.54810037570326 0.00287882839398886 -6.9036957610217 0.00245801401808568
200102 -8.57052066484059 0.0104059889174867 -2.55120397311246 0.797317207141617 -2.47492218818599 0.80446422081339 -10.7761823142111 0.000186530011077944 -5.90843754469457 0.0105901908034793 -6.44910615501957 0.00642822847661418
200103 -7.44322129527897 0.0712062700937843 -2.2722194205044 0.648955945971792 -2.47381832153015 0.80321723015304 -9.05657569202631 0.00504599730701032 -5.82244474372107 0.0135831282836063 -6.19373442618836 0.0110117909432818
200104 -6.71087238717347 0.182767010566232 -2.07882358365032 0.572583481478244 -2.42681399275193 0.800241161986854 -8.75363062573864 0.00912158686315436 -5.73899157942686 0.0165215066640079 -6.13826140804798 0.0128555913213279
200105 -6.96218054074653 0.144011990918788 -2.11926575543273 0.59527467242411 -2.42477435938799 0.802221896900268 -9.14148468134546 0.0049974903274494 -5.86934296144321 0.0135069804430426 -6.3415303968565 0.00874473913146678
200106 -6.31976297866588 0.29925463007998 -1.89963512501434 0.526820911061341 -2.39741077502971 0.840068956488918 -8.49529893976495 0.0162337063037407 -5.50512792431788 0.0233686526594327 -5.95193224792938 0.0156645285564623
200107 -5.6739394430122 0.523918030195588 -1.78462500404379 0.494896134907222 -2.43025853016705 0.876676317852101 -7.63212969580167 0.0530202610389304 -5.38239475773654 0.029671345888132 -5.78416200506788 0.0211707083034222
200108 -5.9532685107855 0.415880607912666 -1.85459809811359 0.534816854049958 -2.42903688491816 0.878871066807971 -7.46369358329242 0.0766066453212625 -5.43771059994513 0.028979935422742 -5.86039777425615 0.0195404987175264
200109 -4.9000171265831 0.840774597318899 -1.66065356341143 0.461948992845646 -2.34906536797495 0.855657622721017 -6.18134705148694 0.29539877979823 -5.12452053206227 0.0490659078455185 -5.57556481265891 0.0309211692049617
200110 -5.0778559435039 0.742451887043119 -1.65052694658094 0.459884627062426 -2.34642931643507 0.856279374058023 -6.95681593977189 0.091446316101227 -5.62771373392958 0.0207016552973185 -5.88321717916667 0.0172351424568682
200111 -4.19772565116712 0.876241118425408 -1.49151539098558 0.409177887690781 -2.30916185820647 0.855668609033406 -5.45122984440327 0.345128331607517 -4.91785491641399 0.0554059914298745 -5.44606394746021 0.0323774524240948
200112 -3.95340003410798 0.740700431364411 -1.48150582587292 0.406925730082571 -2.30791914318957 0.856182302000532 -4.76929221712441 0.601318478632997 -4.66724932330147 0.0798968577971296 -5.24991504201877 0.044265350978447
200201 -4.04430543847485 0.773849096882684 -1.50295749120519 0.418239583382571 -2.29988091535591 0.854447497716617 -4.96065958113188 0.534381804126232 -4.8856716456902 0.0594964137699764 -5.45563145119452 0.0321357758372112
200202 -3.86567847180779 0.672979411679763 -1.35393245331656 0.376271936753972 -2.28454738195274 0.863094913032481 -5.55341136293912 0.290410929734334 -5.15066831228064 0.0400820025428827 -5.53012654439238 0.0296952386449772
200203 -4.03238620611299 0.747448168751914 -1.33729732116763 0.372060822399948 -2.26804850862687 0.857897676887489 -5.73751946370427 0.25742975156542 -5.20014207422481 0.0395308581366871 -5.50978454986371 0.0322639123074196
200204 -4.09095537670165 0.756190270676031 -1.37677784775527 0.388634645040004 -2.27222276415457 0.86054923177104 -5.65130780102994 0.309729754899626 -5.27036253347808 0.0385588727552045 -5.52744238275749 0.0333188038460571
200205 -4.35514392370135 0.917122976342992 -1.40457075815681 0.40344348281769 -2.27361266328363 0.862189605308952 -6.0748973322698 0.187458196155062 -5.6584322586007 0.0192979340703698 -5.67050451072786 0.0255476291079341
200206 -4.23056659601624 0.860742250837107 -1.35872328098097 0.397486115313907 -2.27023769634784 0.874880390938177 -6.07136123087564 0.193224010603151 -5.76271027727318 0.0169728440126 -5.66916993032163 0.0266944798064222
200207 -4.2454894730708 0.882424342556277 -1.35487080606032 0.400000134773736 -2.26853990319593 0.874758276828539 -6.16496807497977 0.174601406721806 -5.8229430139997 0.0160421451168857 -5.68387492525124 0.0266966645597775
200208 -4.27882041310779 0.903704613270392 -1.45181869441533 0.456581327826694 -2.33028933978721 0.910026627269388 -6.03729738336012 0.179929068438998 -5.73701174102448 0.0182011806397532 -5.60789543889662 0.0303035802111896
200209 -4.30198346291335 0.913173395177054 -1.48944138000506 0.474233776524112 -2.41134772987772 0.953632021249847 -6.04244762094874 0.181630123064467 -5.74315683262623 0.0186608914085267 -5.61517531628475 0.0311535641610817
200210 -4.60112126883319 0.934452150949584 -1.9607448420184 0.727757200176535 -2.86301164917182 0.77681570427465 -5.36237878918062 0.311271137192121 -5.36635783821933 0.0330346334038305 -5.49134812624088 0.0392611581210621
200211 -4.83816427880277 0.826603825547355 -1.76742238420697 0.626977925216646 -2.54953130972906 0.941179136520174 -5.55211211096729 0.206706938539774 -5.66985050377824 0.0190858017111614 -5.73174377560102 0.0279031744992558
200212 -4.3910623999124 0.955630959695118 -1.38564771608467 0.462976846097102 -2.18023485606085 0.86648255726493 -5.47140249346942 0.2297101484585 -5.65447856375272 0.0206593101341736 -5.54923420038314 0.0377020441847819
200301 -3.92414849962859 0.716126822842849 -1.3687855755506 0.445953041730061 -2.3348930487322 0.933457332309886 -4.8110373697912 0.408809460357784 -5.27676838191253 0.0370886412184315 -5.41424032568611 0.048462155694835
200302 -3.63374144233832 0.55607271591296 -1.69305722056476 0.571237480538591 -2.81284799922299 0.826963736090435 -3.77806169267771 0.81316619091874 -4.92495519850804 0.063121948476418 -5.14992029389341 0.072791213609145
200303 -3.68391528187662 0.531532571569336 -2.18045092400541 0.783593684958041 -3.28313338628181 0.622510958355593 -3.16711296334506 0.861559922684644 -5.13844642014032 0.0513132980619981 -5.3067934205653 0.0640749681787016
200304 -3.45765527893442 0.406661735047564 -2.13857346524942 0.733756514887506 -3.21651996191781 0.679788135468561 -3.14561354481293 0.817600797000619 -4.81412860156691 0.0837189606717094 -5.04693664583087 0.0945462255845508
200305 -2.58331937144443 0.178382679757834 -1.24516973572877 0.386921713173962 -2.64791157353901 0.947388817908993 -3.45682073032647 0.974324971346392 -4.89691339952618 0.0790930788269498 -4.91710293698007 0.114807214073708
200306 -2.48772306290086 0.156598120036136 -1.22454160893037 0.375327281861192 -2.74104678817861 0.910905807720827 -3.4485588931191 0.961344833380003 -4.99466319471416 0.0725651098941359 -4.99414154978508 0.108172528169531
200307 -2.76891045193932 0.216769985733818 -1.47735495850856 0.470660893794242 -2.98504128796773 0.795804799370903 -3.54403494501043 0.998991332375274 -5.0281635929208 0.0726837054738697 -5.15597465441324 0.0908355881940374
200308 -2.8321073162644 0.229618068964474 -1.43579107169358 0.452390423408153 -2.85643571587659 0.860852282062772 -3.67958836063251 0.938173908508753 -5.00971238802326 0.0771507992471852 -5.12019480520529 0.097764297448501
200309 -3.06600916196973 0.303116857203674 -1.6391199454693 0.540698230254788 -2.9745293655556 0.807018072454204 -3.69193317098004 0.939511615634795 -5.09836638485883 0.0714643800366088 -5.23030886603797 0.0869358627236065
200310 -3.13974660090046 0.324229864066984 -1.71323793561571 0.570767046780354 -3.0303475924168 0.786014562549297 -3.67447397253744 0.954595049875724 -5.08424079810819 0.0758609661840875 -5.27795867177614 0.0849871826226708
200311 -2.92561964156959 0.270090233815982 -1.63826870665453 0.539969698241291 -3.0204225204739 0.795326498660296 -3.58788799321448 0.998822543133803 -5.09117953584755 0.0782229877788918 -5.25725379774111 0.089953245565709
200312 -2.72738409472495 0.223115169833409 -1.50432276476677 0.487718927641124 -2.97212664081772 0.823166529855286 -3.60181721774686 0.998880728697972 -5.02210368359515 0.0880626299960044 -5.17612839189383 0.101440513681491
200401 -2.38050261961662 0.161333086544398 -1.26497977567228 0.407296196256389 -2.78787195301604 0.90515373522198 -3.48126377963713 0.946627727235516 -4.82924765167319 0.110281853320962 -5.00732536144259 0.121771559696883
200402 -2.30146846927299 0.149024744928652 -1.23474983274183 0.39766160927308 -2.76390007098315 0.919524137929115 -3.43189790038123 0.924735101960155 -4.7987566090995 0.117332898067005 -4.98841554203606 0.127450323291062
200403 -2.19823870273992 0.133975541121993 -1.17289298144672 0.378318148905781 -2.72230887307507 0.941811396882833 -3.35619009903216 0.892385880180017 -4.72707262195089 0.12971292466523 -4.93999761016917 0.137119241303591
200404 -2.44594732104311 0.18809422492875 -1.47235486945145 0.515574336054097 -2.95286840798783 0.799262549674242 -3.32740121839639 0.877886164311822 -4.79050015612723 0.124154450661105 -5.03425352119073 0.125063324270989
200405 -2.16195077385499 0.1459452115382 -1.28564231273498 0.45426927831921 -2.7960812775685 0.865917740388738 -3.23364143653282 0.838471563888189 -4.618735021484 0.146847344683314 -4.90059659744011 0.142546413876096
200406 -2.11593457514234 0.140531058432464 -1.26590483327247 0.448594796375636 -2.78907498741439 0.87311063535617 -3.20836086921434 0.827306151438363 -4.6410301217598 0.147079637004801 -4.91724935645563 0.143688296373662
200407 -2.08645068864539 0.13815580927591 -1.26683032896846 0.450065500834779 -2.82172183398679 0.862362791564417 -3.20685625448776 0.826673115619552 -4.6505459818722 0.149482695107098 -4.9200368853392 0.14691991293485
200408 -2.00597491748842 0.127220089050072 -1.42896653985223 0.509971428472895 -3.01775645960096 0.776254370712932 -2.81353507905158 0.686880645063097 -4.60553856346491 0.16062489499263 -4.9546544138416 0.14606904551025
200409 -1.94789050073647 0.118344359853124 -1.45930669450622 0.516931095870314 -3.05385171778336 0.769801486799789 -2.69676215176771 0.63859989805827 -4.51942492151072 0.178626144904763 -4.89696986767325 0.158745697523183
200410 -1.91781143792373 0.114418570672752 -1.45122447207042 0.51122505967214 -3.10117963071386 0.757563676144498 -2.76439846719154 0.663237518945812 -4.57444944443337 0.173563981720118 -4.93284132464065 0.15757125178164
200411 -1.76277984325288 0.0999367376182593 -1.35866096405961 0.481684712884365 -3.06378388206023 0.776958346524623 -2.72285389917253 0.648190242229932 -4.56568387785152 0.178819131369012 -4.90013823678819 0.165985638212519
200412 -1.76480690886902 0.102886968534725 -1.35616913475791 0.483795141296938 -3.07206965118447 0.776176761652577 -2.7615754156618 0.673386735753794 -4.56575936056243 0.182565532624801 -4.9049483027801 0.168861078633313
200501 -1.72293973505309 0.101375705891014 -1.32402765672719 0.476823381450689 -3.05235128507566 0.78607412326161 -2.77095869030546 0.67985218048954 -4.5596137597143 0.186927816760093 -4.89376001943156 0.173945780507022
200502 -1.84888599164825 0.121286187554397 -1.39780130836356 0.506040523420373 -3.09185115510677 0.772936772947138 -2.85284271029813 0.715033952719304 -4.56334497256174 0.190622256129496 -4.90086222590425 0.177116399957958
200503 -1.8001733147097 0.117920591894673 -1.39976427535977 0.508943951543867 -3.11565741119486 0.766100648631623 -2.78440068151944 0.694173517457539 -4.55914115370024 0.195458391800486 -4.90929557666686 0.179909107920202
200504 -1.78645994980093 0.117433823299987 -1.39853211681396 0.508341120254552 -3.11162061558448 0.772700199434952 -2.74513555840312 0.67877406136905 -4.61600141888088 0.189581764445543 -4.95537299888349 0.177096350296355
200505 -2.12034573186002 0.168253130120264 -1.74330674849865 0.639539859472876 -3.37228746803724 0.668026144318248 -2.631362018562 0.63277916231974 -4.6185612728179 0.194885553204177 -5.07489143380082 0.164064101439033
200506 -2.04129364468351 0.154455058887103 -1.72659788503811 0.62933541474405 -3.36880971425213 0.676022853967077 -2.60252908010892 0.619993777167901 -4.72003351330954 0.182251938607652 -5.13988475227383 0.159541765482271
200507 -1.98089857835093 0.145400654926655 -1.78947914200498 0.651040363127483 -3.42729824086707 0.659297331461329 -2.35172060911233 0.539321409715326 -4.7335232603539 0.184966829147629 -5.18431332298257 0.158029346661456
200508 -1.84585531371235 0.129540940084893 -1.68791433004205 0.616929821520189 -3.34090585447626 0.691029556645176 -2.35414801130474 0.539994501110193 -4.73307934551421 0.189738650446615 -5.16749915911117 0.164938181638482
200509 -1.86267257666828 0.133380914925149 -1.69944801619286 0.622086136285224 -3.36374869224483 0.686642737292657 -2.39649819672827 0.553545465608271 -4.8174093330926 0.179338482447616 -5.25705273160297 0.156037217940307
200510 -1.98555291903686 0.153430319372219 -1.76723835058192 0.649591177289027 -3.40900097480028 0.672907255512164 -2.47227202805695 0.581235124424394 -4.86844507036406 0.17587712730018 -5.3058723491302 0.153972494518302
200511 -2.03529880306246 0.160007608562344 -1.7372135389486 0.637185460630579 -3.36931068801762 0.692428413673923 -2.55615975313026 0.606581260701822 -4.76636879329733 0.196260932819394 -5.19634254293393 0.173620392263078
200512 -1.89529838929356 0.138622704830739 -1.68951159887416 0.616707643593295 -3.34513920320498 0.708493262967358 -2.40928051027209 0.554133475372545 -4.77313535139512 0.201602701638598 -5.20551242401039 0.178425495436403
200601 -2.09923485007362 0.165441491457096 -1.70144563594381 0.617123319944123 -3.30992883299233 0.728282927692425 -2.73354250346134 0.670533664243549 -4.92087829164907 0.183696758550825 -5.27584356434712 0.174439226865919
200602 -1.97030328908894 0.147692014537723 -1.54732859859403 0.56812430512764 -3.144953874082 0.785944964992073 -2.71492157604722 0.661047871692172 -4.85003595918574 0.198783061242168 -5.15509423401053 0.196047509440807
200603 -1.56275978408207 0.106041274901207 -1.46116867557291 0.541872408245111 -3.11290747155852 0.801384041018785 -2.26019287789077 0.532494094446288 -4.70898048039647 0.223337921966226 -4.98699572289087 0.224832148486004
200604 -1.60575529127369 0.111363118868431 -1.40736878764653 0.526420913127147 -3.04007826400834 0.82947380455238 -2.40949524484604 0.580830867859514 -4.75521382074127 0.220946128151247 -4.94804889301619 0.236579002761616
200605 -1.65083718112446 0.11761276339019 -1.41054685369355 0.528688739867618 -3.04162792595537 0.832635499142173 -2.59206863876595 0.644482073099631 -4.8027176873906 0.218744218902242 -4.97762154214205 0.237160331462746
200606 -1.39576209873018 0.0941527464836631 -1.29112808771303 0.494223545131882 -2.9838033846475 0.857157664059496 -2.32318127872406 0.56104498640917 -4.75551321645449 0.232870169079446 -4.89998331836752 0.256468214045822
200607 -1.41021752619004 0.0956474251894932 -1.24424787915212 0.480501202716315 -2.91570944851114 0.885113895263233 -2.29166885618404 0.548106247376609 -4.71337328850898 0.246577431203266 -4.82044197815339 0.277049367457432
200608 -1.36580608710226 0.0918936215850902 -1.23578389363912 0.47753852544156 -2.92782300083161 0.885724314873564 -2.22495861219336 0.527236618323707 -4.63869046207219 0.265143175966925 -4.79157697949895 0.288608458489376
200609 -1.33605235808458 0.0912584157693867 -1.20274799484221 0.470859995319658 -2.90436739892497 0.896286094160052 -2.28729093116773 0.546846055490172 -4.65491357046484 0.268084546399292 -4.79959304115023 0.29286517538854
200610 -1.12925904967915 0.0780896536434572 -1.10748753560215 0.448628221438689 -2.85452930782455 0.915134987833084 -2.15822452429759 0.507617803051395 -4.51831352502114 0.296954386927693 -4.72314786829842 0.312297235044079
200611 -1.26836361875446 0.0917556756994016 -1.25877942986627 0.495939553525383 -2.95842863309526 0.875820484616255 -2.39817678191261 0.576217972344029 -4.59177490252476 0.289147156756176 -4.77225132420318 0.308289323043112
200612 -1.25610002881986 0.0943468161102788 -1.24825390250087 0.497902261243383 -2.95686881237132 0.877396188886665 -2.47937603522257 0.598675496137066 -4.60288664448332 0.292845784043982 -4.77543155510234 0.313221025619801
200701 -1.25341890350279 0.0978813623903664 -1.24302675999495 0.501997930873015 -2.93410642788821 0.885694090445246 -2.45953825418099 0.594259761183776 -4.58647738617006 0.300630020377258 -4.77861429454116 0.31811586561254
200702 -1.17176432991553 0.0937535801339757 -1.19069935671465 0.491904191297808 -2.90105546968726 0.899896427411497 -2.45898067066337 0.598343787005377 -4.59289295003933 0.305460303592042 -4.79614287548911 0.321369200844321
200703 -0.988897242037501 0.084251117678542 -1.14007830844427 0.483566605337172 -2.88920643452026 0.90645163848524 -2.47473364239028 0.622996829305529 -4.55484761329163 0.317020784250855 -4.75916666582648 0.334666798143448
200704 -0.936010739137716 0.082698330596467 -1.1275498493869 0.483463353727771 -2.89669260345431 0.908158651204538 -2.44308865324485 0.621428033974241 -4.53989783879956 0.326029109778355 -4.75683135566833 0.341825118610038
200705 -1.05059723628569 0.0938661478019159 -1.23258310156131 0.5153009378403 -2.99629744154011 0.881269100543232 -2.43662440547037 0.623837185559192 -4.54431266703754 0.331671374182127 -4.76697041164331 0.346995535700397
200706 -0.824480592800736 0.08008175363608 -1.16704268003187 0.501307940791798 -2.982899801632 0.890940031938442 -2.30790485632655 0.612032314946161 -4.38770722990174 0.363209078820639 -4.59645682815601 0.385095393133483
200707 -0.392465799919495 0.0563324668517255 -1.03069173448305 0.468818626004135 -2.98181990630504 0.899310321173498 -2.18360800581119 0.584771959181975 -4.2357632870176 0.400111081574148 -4.44028973972124 0.426705958674209
200708 -0.351898935179484 0.0539600426451155 -0.93984374376801 0.445706687503655 -2.95268458355258 0.918820681206757 -2.28967680293779 0.61848523096379 -4.09970001540372 0.436670896155147 -4.24518865901449 0.477391158183836
200709 -0.449926704552039 0.0589330825312682 -0.997793587293017 0.458474142507833 -3.03978021741051 0.903857232375148 -2.32312487562971 0.627687917499424 -4.00321358509432 0.46769232608008 -4.2290414844635 0.491855259503228
200710 0.422633997244026 0.0234302861464384 -0.53472506222636 0.347695073102295 -2.80323325437049 0.998806761166787 -2.0193484833873 0.529859549444616 -3.43997537492402 0.620243513144183 -3.63486037039629 0.649204743355077
200711 -0.423610078233949 0.0337159105908872 -0.571154228968163 0.305686006204432 -2.82549649066113 0.933983536606341 -3.48998261524827 0.851301310162194 -4.26382630947197 0.475641917235553 -3.96754596365858 0.615708018362431
200712 0.953997621931013 0.00385822450866267 -0.180873992319897 0.196393237960369 -2.90857219630816 0.867115034411025 -2.30522660110708 0.433888099354101 -4.2882245478812 0.536720667930235 -3.95215959147253 0.687009072632368
200801 1.20888891048067 0.00119622862525104 0.0777479514278201 0.131933290866904 -2.83945904128942 0.76385409629958 -3.22681876693209 0.549168237772509 -4.17997660943115 0.629389443125237 -3.74837901582994 0.80993432408215
200802 3.75780222451461 9.09733660832851e-06 1.38747761189416 0.0337056756570591 -1.9318552350178 0.45961634971923 -2.02225912849858 0.224587988661998 -3.3257177785607 0.940100289975112 -2.87107839575793 0.859794575272866
200803 5.56813335344509 3.28971671173771e-08 1.74324046186879 0.012986334707242 -2.60402575726433 0.488587519820275 0.9515741822545 0.0094029317464852 -2.04047926027711 0.558321100101896 -2.14731074047496 0.528342576402776
200804 1.56391031730918 1.39746054314897e-05 -1.04953711664626 0.0941492667433329 -5.16001225515594 0.989718240188296 -1.14018314307738 0.031431797314603 -5.50665998087405 0.699039211745247 -5.30207469263189 0.794788379942698
200805 3.25330472998815 1.03745035702617e-07 0.20947318367921 0.0166409410514481 -4.86710065132756 0.750558166406975 -1.19679905354702 0.0108902944581569 -5.77335857648673 0.873384492154822 -4.88984869393361 0.929253114049711
200806 4.52715201333956 1.54407852161663e-09 1.08838648702941 0.00324182553200927 -4.79210004800801 0.599718953943588 0.181014551486458 0.000714715403931722 -3.40476239595904 0.365032488008353 -3.07034148670779 0.388529658994148
200807 6.96812466689649 1.91075660446734e-12 3.29626682273492 8.60880247628528e-05 -3.80697306305562 0.307854400615555 3.5279955587566 1.33318501331353e-06 3.16890510502686 0.00074720161596971 0.752960688987325 0.0257090268986452
200808 7.46324289197606 3.43479586047211e-13 4.07845762692177 1.45592265342721e-05 -3.36430924705755 0.201978321395538 2.13025555188415 8.17469808218108e-06 2.37075718195116 0.00111895654546979 0.270863798269294 0.0325402083749052
200809 7.0910086471845 9.73499555892044e-13 3.87854781108353 1.62056116472606e-05 -3.56056903579154 0.208878602343224 1.19876198191884 2.57449092359656e-05 2.27588732136358 0.000856776077683846 0.255219431827125 0.0309633020114897
200810 7.43647558961675 2.06570324993244e-12 4.77614121637293 8.809509878272e-06 -2.62332786184709 0.167643966653457 1.63388567798387 2.0624989999257e-05 3.40604085468469 0.000321227441229176 1.2448425312481 0.0178725540276775
200811 3.88538193750244 8.48929355640076e-07 2.75394636626024 0.000900489357159532 -4.23062510249665 0.568148443781877 -1.00169589781727 0.00431352709255044 2.5074063506025 0.00575239765715255 0.887133237105764 0.0665357390539603
200812 -0.161673085393121 0.000539226055957076 0.42923944697103 0.0144960779440081 -5.50399231189713 0.835164756362607 -1.14869150933183 0.00315425292946845 2.16034443154169 0.00772026263465963 0.534814592599908 0.0857774645127633
200901 0.193611432769158 0.000178187726816827 1.95050023860619 0.00335099374643364 -3.63870433820148 0.478509270306672 -2.04910582703175 0.00573806906440743 3.19737081554444 0.00291846799083779 1.47148859368811 0.0473007608147824
200902 -2.71292230402256 0.00257264234194309 -0.36430950568962 0.031504919145115 -4.7529707563539 0.687734227511641 -3.89188979615536 0.0172967158383638 1.80097700215452 0.0132731742666816 -0.142594497986037 0.167589168301176
