"V1" "V2" "V3" "V4" "V5" "V6" "V7" "V8" "V9" "V10" "V11" "V12" "V13"
199606 -3.53470200460275 8.42539591283772e-05 -1.55696956296789 1.15600287941064e-10 -1.92347030933788 1.82394772834834e-12 -2.47822991275586 8.11388908140498e-06 -5.44688807319895 1.04465557174156e-06 -6.81073227215414 0.00217713503661243
199607 -3.53163980844187 8.98590434784641e-05 -1.55491060061177 1.36238805618778e-10 -1.92274565475929 2.19501252318296e-12 -2.47795331613678 8.85105322702315e-06 -5.45139843028479 1.21165581993948e-06 -6.7987169768629 0.00222732415383162
199608 -3.55095022983309 0.000106411097508312 -1.57675839208935 1.87236209417916e-10 -1.97861753832629 3.75660305471352e-12 -2.4871818304788 1.03966138892709e-05 -5.53205647328352 2.24127603852689e-06 -6.78095190775485 0.00240298419014556
199609 -3.50964493160166 0.000109731430983772 -1.53402387399257 1.97387837750294e-10 -1.78947542539578 1.70748819697422e-12 -2.58833078631282 2.08141424353232e-05 -5.51314448367057 2.61800647465779e-06 -6.80315467918333 0.00316212658530232
199610 -3.50232259185657 0.000117765494735847 -1.52834179990071 2.31622227925555e-10 -1.82192354918276 2.60558018372805e-12 -2.57069067374394 2.09431356735558e-05 -5.51094914938657 2.87860393951209e-06 -6.76615581156057 0.00298640476935167
199611 -3.39968607956245 7.96711751098435e-05 -1.40391571537097 1.22371387000902e-10 -1.78321041083702 2.37024449361624e-12 -2.62270696530189 2.40974840928062e-05 -5.62189953540857 4.06109085846398e-06 -6.70472383635445 0.0020651138140448
199612 -3.45838928015334 9.26065918349024e-05 -1.43437842564469 1.29868023500192e-10 -1.83813624432474 3.25735207348547e-12 -2.72555591799151 3.3022335443479e-05 -5.98881098884474 1.69558898866959e-05 -7.10233008935353 0.00506351679454477
199701 -3.75112997746967 0.000278687275869843 -1.64838533199456 3.97666672382667e-10 -2.10256236377624 1.61166918712811e-11 -2.89231520961044 6.0907254888057e-05 -6.1663047318349 2.52957546724807e-05 -7.39088232481044 0.00803562134947086
199702 -4.16235282307065 0.00104398419584184 -1.99497386376422 2.22410046555533e-09 -2.5136855927411 1.25311362457956e-10 -3.07185362316444 0.000110667086779227 -6.48596613789858 6.10972383106265e-05 -8.02610912438471 0.025696767313645
199703 -3.97143773888646 0.000456411252888571 -1.80928671154179 6.62576010422887e-10 -2.35038157332113 3.77850934152675e-11 -3.07098917468123 0.000104747665920001 -6.41678771112557 3.72392669424231e-05 -7.88527822439722 0.0132788650826403
199704 -4.1058475654048 0.000611144169133756 -1.85474657916007 6.76920593974324e-10 -2.45365483076481 5.05841416084613e-11 -3.01530977996323 8.2597330434687e-05 -6.3673262282514 2.53820940472237e-05 -7.69049345320076 0.00623288705106623
199705 -3.8684305734995 0.000223265304895471 -1.63193200007747 1.53880189927978e-10 -2.1258453158669 5.47703147833486e-12 -2.73831635973385 2.77245360505559e-05 -6.05741468039707 5.97912314037864e-06 -7.20874183888001 0.00110580767724111
199706 -3.28705724169658 1.90635497611527e-05 -1.03772584233659 3.25991420139543e-12 -1.361515781571 3.32801618785829e-14 -2.02077565187084 1.09920567532948e-06 -5.22957878491124 9.17214365531941e-08 -6.33844615063732 2.04724851357149e-05
199707 -3.21966515916634 8.44648491190247e-06 -1.06226822161637 1.38005893182543e-12 -1.37775056591716 1.13444249379167e-14 -2.41673380621696 3.83252010790139e-06 -5.83687224689042 4.72019269788325e-07 -6.81126963951639 3.65486935728444e-05
199708 -3.1158385711205 2.88749401405779e-06 -0.782226161277033 7.70792262059822e-14 -1.08758873719235 3.09956546844927e-16 -2.04395416880438 3.68676129946442e-07 -5.47652707338475 1.56502543533393e-08 -6.37210511283413 9.6815213323549e-07
199709 -4.47997530216755 0.00047924034351322 -2.14291312503636 7.19850628596038e-11 -2.64879625721661 4.77096715069888e-13 -2.68678135432305 5.00805573878581e-06 -6.11008078387314 2.41721888839239e-08 -8.22051398678119 0.000129769932439834
199710 -5.06195796946138 0.00173329642481369 -2.61708666590974 2.16006733091822e-10 -3.40139002482545 3.6656878299295e-12 -3.02663719512462 1.42528842380234e-05 -7.63952864250588 3.61218036169174e-06 -9.3500031908254 0.000708461803140946
199711 -5.50403962549213 0.00620238087836354 -3.01497389330048 1.54121248975418e-09 -3.83355713582745 3.07693582526862e-11 -3.16127956390588 2.71159060973813e-05 -7.4432345214801 1.23740187849275e-06 -9.55619890336499 0.00131497910640439
199712 -5.22174742831321 0.00274722701655604 -2.724459682319 3.48163483039387e-10 -3.5584467848041 6.62355813813487e-12 -3.05861756468644 1.95490855012127e-05 -7.1998690371549 4.0882185156337e-07 -9.28235501583119 0.000700758363266924
199801 -5.21219807069633 0.00254508441232063 -2.63739999485177 2.12189193744388e-10 -3.49839973494139 4.36770859250645e-12 -3.06802954451075 2.05133421100872e-05 -7.23045908810487 4.05364578921658e-07 -9.12725388021456 0.000466552401502409
199802 -5.25627116295697 0.00297877802670408 -2.69973773629604 3.43913675880887e-10 -3.55402187187843 7.02871550014224e-12 -3.11423623801699 2.62832605475041e-05 -7.14657710490665 3.08837185065218e-07 -9.05136917194598 0.000406317858509536
199803 -5.35540638701038 0.00393416535649716 -2.81108271496318 6.14336726268555e-10 -3.76913258281575 2.40697050709175e-11 -3.27239986307464 5.08905746209284e-05 -7.67480265131701 4.80929946928332e-06 -9.35301145457783 0.00136527289023553
199804 -5.53635314525081 0.0160295670372574 -3.11321621063543 1.44321833518602e-08 -4.11427481801383 9.73291224401343e-10 -3.37932728153765 0.000247941557571809 -7.79664028440505 6.64100214813169e-05 -9.13571330077212 0.00353370558559608
199805 -5.54228730952353 0.0194760361651265 -3.07985137780162 1.90869245642553e-08 -4.030594179812 1.07906695935851e-09 -3.26513253144676 0.000199989194119859 -7.74761639542336 6.66314759922551e-05 -8.68484374318273 0.00125974984176494
199806 -5.41504979345959 0.0168273907689647 -2.92186567697899 1.25450266642923e-08 -3.70693312482726 3.19542792070966e-10 -3.12400928843346 0.000143558958210769 -7.64967870164168 5.6998623964544e-05 -8.40197335755122 0.000471409830380923
199807 -5.2717551366767 0.0121145127729733 -2.61460165381096 2.76465846549979e-09 -3.32742083265127 3.71369821036209e-11 -2.86006662187475 6.15149209673464e-05 -7.38632312527088 2.2669858043438e-05 -8.14095951215443 0.000122215373199633
199808 -5.10778133355241 0.00813854571456617 -2.34501612736602 7.13437494426687e-10 -2.92382238543445 3.47595378732056e-12 -2.86474459726649 6.21692709171768e-05 -7.49398546956255 2.89865876037662e-05 -8.24621346904268 7.57935481128857e-05
199809 -5.61716479359435 0.0333000451338194 -3.10555137678497 3.94277497830717e-08 -3.92981678660687 7.45110702283058e-10 -3.37495001552108 0.00057865861487486 -8.73567100393939 0.00335347576464188 -10.8843944047472 0.0765811552384698
199810 -6.12426778848414 0.10796322222633 -3.86035981931083 1.84456819609518e-06 -5.01458318080659 1.91718933141701e-07 -3.587185443345 0.00189865088916296 -9.42071798811699 0.0291375193886118 -12.7215905465883 0.798780658040815
199811 -6.56216195282044 0.324346851661473 -4.39140685620978 4.63087175411627e-05 -5.62888166127089 9.70026194643039e-06 -3.6578100098132 0.00435929763601215 -9.53256053422065 0.0652564699680182 -13.1768879997768 0.683784858850205
199812 -6.72336678516428 0.389784680060797 -4.50246314303389 6.49430356088033e-05 -5.79583125236935 1.71373511310836e-05 -3.70936636098538 0.00513674920343031 -9.66835148033172 0.083310200994996 -13.3493066784363 0.593940146494568
199901 -6.1874199952451 0.200250620728596 -3.77898854225367 5.0565441587912e-06 -4.89380624070004 5.85560755958534e-07 -3.14930012442514 0.00130378265407384 -8.84211465820679 0.0205218875537238 -12.7447344919666 0.959777662926216
199902 -6.26568926637094 0.217023440413204 -3.85529606524251 5.8357551809792e-06 -5.16668960453408 1.16997060946176e-06 -3.14326561025784 0.00129523330538664 -8.98610423245427 0.0277565051821454 -12.629179371842 0.928893860983792
199903 -6.56227146381605 0.343992818292913 -4.39406316930206 4.72977982153551e-05 -6.05199698295433 2.68079802954204e-05 -3.39620518465442 0.00329260899185644 -9.29944943727674 0.0757341191850982 -12.833606421477 0.825108728710474
199904 -6.78402704102639 0.449770705038408 -4.69185798627505 0.000119376234947116 -6.7084578851921 0.000183116685574151 -3.50239352013137 0.00483977225500862 -9.41760662942512 0.109418972917513 -12.8648466462857 0.800442120417614
199905 -6.52784589738358 0.549061032497217 -4.34596056997818 0.000209029949088205 -6.58192995873133 0.000875193021229339 -2.89315265855628 0.00275887462305299 -8.18443941730764 0.047562416768264 -11.714489630045 0.822060953089141
199906 -6.53649093996342 0.556397216964955 -4.3671955857304 0.000246473547998629 -6.59818513937014 0.000988722079212392 -2.90069799855184 0.00308701421740517 -8.23970880445757 0.0532833127117152 -12.0303511279116 0.987564954779581
199907 -6.43817081097091 0.531339273292269 -4.16642909832374 0.000163318990168355 -6.29163534795485 0.000523766617634155 -2.83299493196614 0.00308667492302421 -7.96703738306428 0.0417803884888287 -11.7969071811894 0.848392680610259
199908 -6.36170755850187 0.509890807953367 -4.05286679282058 0.000135995923771876 -6.11173233295623 0.000383791996996314 -2.75972527384296 0.0029824803791283 -7.71180282827877 0.0346324367233686 -11.2538422237128 0.592373544337978
199909 -6.37204323040823 0.518089664637149 -4.06474271412764 0.000153386610776273 -6.11650443607532 0.000419308804136393 -2.76034421671401 0.00315489226592924 -7.70731437669812 0.0353698339639736 -11.2413759435492 0.580324163507391
199910 -6.42743885669312 0.539833161285329 -4.11511571352141 0.000188682955523503 -6.14657442265656 0.000475978186936398 -2.75801551346375 0.0032791697324339 -7.70166002069912 0.0362073667125124 -11.2240768509587 0.559435293115246
199911 -6.45892784098718 0.538047198209871 -4.16928564672625 0.000222026138243734 -6.19345624969603 0.000547976939376362 -2.83366257120417 0.00416242862473925 -7.74036893598959 0.040509205834009 -11.5013717166062 0.722902840692304
199912 -6.28046636795634 0.427358592914939 -4.02953063831475 0.000139654984714204 -6.03331487246286 0.000350952042867439 -2.91638600551154 0.00503608024629686 -7.67700092420447 0.0351393644531709 -11.7301621639641 0.849066532503188
200001 -7.08051171793833 0.925902671047815 -4.6974439212172 0.0017736837327999 -6.61811648509083 0.00364073111154964 -3.50561956212445 0.0258803217486822 -8.0695939082887 0.125607684013933 -12.2499189149215 0.50650387277888
200002 -7.1652476642095 0.936918344533236 -4.78018198491363 0.00203046771954031 -6.61110102871365 0.00319061604671166 -3.58173657315284 0.0301709710798323 -7.992722269428 0.113086175629842 -12.2821665155492 0.465464627584665
200003 -8.10066838763379 0.426587910995158 -5.64847670118636 0.0331209268198725 -7.50525129969066 0.0597926389993644 -4.14244361936236 0.109988099038471 -8.04582808367096 0.247236780551251 -11.536318786267 0.596883123207998
200004 -7.6793671312654 0.718517907032288 -5.12444062471438 0.00921043769829877 -6.94247969548245 0.0185009195130427 -3.9431975792751 0.06806040161748 -7.64126339624891 0.139132732999976 -11.4672889372172 0.628874740070143
200005 -7.18956547491105 0.95993703889051 -4.70844883770192 0.00374491815012039 -6.45431113702752 0.00776326282026948 -3.67850210923997 0.0405571517204795 -7.36547550618463 0.0976132080984911 -11.4571709965839 0.638945716100376
200006 -8.08058711543262 0.346967001336823 -4.70882809848117 0.0150873663377031 -6.08927430638195 0.0173793933360995 -4.29229254663743 0.181488302057188 -7.00317444101983 0.141509490276817 -10.4198145653655 0.832224806430126
200007 -7.01416582739625 0.831923903250454 -4.04044585840175 0.00519083599886557 -5.47217653587588 0.00831010266309381 -3.38892129541404 0.0483167262533179 -6.24227460283939 0.0618222920663134 -10.102877673296 0.909427342724687
200008 -7.29515296108543 0.730281124025651 -4.16442820890806 0.00702529323023238 -5.58997142342275 0.0113162115286979 -3.71418454081369 0.0825932673341103 -6.53942259382714 0.107821095233054 -10.1468709123709 0.778668687440194
200009 -7.64822600166151 0.598347116043697 -4.33006633566402 0.0104858856432908 -5.73537288285946 0.0156281261093569 -4.16736197718179 0.167070953298636 -6.91890266989679 0.192477138213385 -10.4577591543219 0.484654390245704
200010 -7.73281550851463 0.621155395715897 -4.21255522067261 0.00775998103959269 -5.58459124422728 0.0109371253174928 -4.00486517915197 0.12176266585798 -6.630071810576 0.110318436478114 -10.1101711967839 0.660543453262292
200011 -8.12125509406807 0.451339718734929 -4.33473718500486 0.0111994078804678 -5.73101198337567 0.0164211146493779 -4.17521548089133 0.15126210121547 -6.90585478804067 0.160882600707717 -10.2645390012521 0.586645413758609
200012 -7.35564251999636 0.774693359668779 -3.97151006467764 0.00772463638921828 -5.16164964917669 0.00895841982134092 -3.54876753156539 0.0721408654537778 -5.98612713943611 0.0642718028244954 -9.79671422013519 0.734415929844521
200101 -7.7486419125262 0.536990612591947 -4.01253708917486 0.0115068246465498 -5.20387596234617 0.0157769538799292 -3.81449821397317 0.124597876063607 -6.35863441028468 0.174897929876242 -9.99760751717451 0.545272847204446
200102 -7.61612838136834 0.616839758350636 -3.99808808377438 0.0117518809938857 -5.17999992170004 0.0157222377996574 -3.69485050740408 0.103368268744547 -6.21314920723153 0.141300565719295 -10.0317262087192 0.542092510390388
200103 -6.42218851406076 0.932930106909745 -3.68117750952521 0.0131713450399822 -4.67164539893488 0.0107152448808183 -2.81911177922205 0.0404527379897947 -5.27692703204627 0.0482285534986159 -9.05663683263198 0.874481407196282
200104 -6.26831765058387 0.896252211628196 -3.90898363096779 0.0261712530480896 -4.63507727993568 0.0147061032080385 -2.79112244943163 0.0485478338504891 -5.0256929597722 0.0459743119320939 -8.84966556965181 0.929290043049763
200105 -6.29181587435828 0.907282416163301 -3.91472868225433 0.0270138624032092 -4.6422577888054 0.0156085385776049 -2.78658265389085 0.0494520945186126 -5.00472474797671 0.0456580245077316 -8.81220961052211 0.932363168178007
200106 -6.26925281380959 0.893927203047687 -3.94276647340976 0.0290486708849279 -4.64545787360608 0.0166341217181987 -2.79827210528736 0.0537196259874026 -5.01354377736472 0.0479939515889484 -8.70449113218683 0.911909861141702
200107 -5.60368307978214 0.662222087293735 -3.88668773889189 0.0408105434069336 -4.332871220489 0.0154963057658388 -2.43821916929818 0.0365163283823254 -4.46323160817357 0.0261898748486588 -8.31447464703876 0.98520005804833
200108 -5.73211442858521 0.738895616425532 -3.84587354799415 0.0409380965267265 -4.33849499136245 0.017795592497421 -2.49707588104484 0.041563518747017 -4.56168108597266 0.0328954083381224 -8.32431709331933 0.982764067405085
200109 -5.02069503802822 0.530051288570973 -3.71224131151284 0.0485940037871061 -4.08088595177352 0.0168132849127846 -1.85669780809554 0.0193040358389304 -3.92978095757397 0.0172735637950039 -7.62726018910187 0.83443210123884
200110 -5.02551362570447 0.534035272242793 -3.76603162785609 0.0551696225844322 -4.10711181736476 0.0194294321375211 -1.85389608402799 0.0198610941261352 -3.9088314315826 0.0182427099985519 -7.60301286319025 0.826198467749373
200111 -4.96024258756003 0.507042738129645 -3.7694545567021 0.0569863373284867 -4.10943967346884 0.020353858136323 -1.83138263207827 0.0198016437942121 -3.90556703784988 0.0189289730900248 -7.61367444449679 0.83814274961041
200112 -5.05151381644546 0.547241188248651 -3.76706069775632 0.0605376526445258 -4.10198930070218 0.0219453763463469 -1.90734984113548 0.0241269894870311 -3.96182150747162 0.0230193398233275 -7.65980110479918 0.893552063249927
200201 -5.04449464778307 0.539804125409174 -3.76157044410823 0.061878398959529 -4.0979153197384 0.0226745187942005 -1.90556987854023 0.0244838495089347 -3.99220341258171 0.024697494916576 -7.66331607799342 0.885052783650938
200202 -4.74775007305948 0.435996422025925 -3.53960832552696 0.0530682458407269 -3.86913510251727 0.0195800642332728 -1.83010300756792 0.0219864956498993 -3.81310874628278 0.0189082075365905 -7.68361666718718 0.884948895461316
200203 -4.90559321539787 0.512905018566094 -3.58794993285267 0.0605490014859231 -3.87592882219034 0.0215592370374048 -1.95685687629608 0.0298867403101035 -3.94594963164909 0.0259516842430965 -7.95226306519121 0.931002791458452
200204 -4.85203247569939 0.48427893645238 -3.56811584419283 0.0595184940884285 -3.8719999309925 0.0220635415671633 -1.82927698356459 0.0245800326096441 -3.89443405170662 0.0236274133455172 -7.79667585569277 0.974109774657844
200205 -4.4002646366913 0.353260504612643 -3.0816410870403 0.0372074047435407 -3.48499209659971 0.0146580473315099 -1.53948268351265 0.0176009666357929 -3.52438818038359 0.0141740919327708 -6.57792527968064 0.502258190260264
200206 -3.92976651350767 0.251363360933763 -2.65200935325465 0.0249208927773604 -3.16719356233373 0.0120545837845007 -1.34016516037454 0.0146986050235492 -3.09201433171939 0.00836900760805065 -6.01021337877479 0.335397204814977
200207 -3.95476929813015 0.26402254779394 -2.65279665248364 0.0261101794195709 -3.15471365648994 0.0124379090156943 -1.34414862765937 0.0155213893703617 -3.08526460037299 0.00878017600726969 -5.97293462192741 0.322961106165449
200208 -3.94772368714078 0.305118455922785 -2.80813838324419 0.0511172472636339 -3.41552011133521 0.0340915087981432 -1.41740129668257 0.0194728411419369 -3.14160208546497 0.0126298105200249 -5.91901373366064 0.321139571669318
200209 -3.85093785296484 0.282494890282123 -2.68138357409877 0.0429590511225683 -3.27620512397246 0.0267742511762192 -1.35224275569614 0.0181460122462508 -3.05639214337952 0.0112660257838296 -5.75985239261496 0.280217640666644
200210 -4.35564865652578 0.59339659631498 -3.51305279934391 0.265140822854745 -4.48172631404202 0.314752846697933 -1.74134792147664 0.0463845149222514 -3.63907018714014 0.0768649520964772 -6.55459656368407 0.728566821823649
200211 -3.57820310003933 0.339453701489 -2.05708276748688 0.0573123205620355 -2.73435695338244 0.0476615796218256 -1.33949483995324 0.0260047995968588 -2.66772412691829 0.0229341918046318 -5.37820466296155 0.333014763700639
200212 -2.77791392076552 0.161946351873819 -1.05313612421098 0.0126956702477585 -1.57633604820882 0.00771610895302634 -0.970691301663695 0.0148300795406259 -2.0462982919931 0.00904836645213045 -4.76263340776513 0.192910559152961
200301 -2.84262600814231 0.169229893004666 -1.36152497975734 0.021440466673477 -1.87833614243447 0.0127277497552452 -0.953088978517802 0.0139656316529779 -2.12811557185353 0.00999963656817463 -4.91700946714637 0.217142110986833
200302 -2.88333743708715 0.171145133033596 -1.76119425212431 0.0405295185462256 -2.39074969569542 0.0291012793000149 -0.841049434352414 0.0111509703514509 -2.20726227178847 0.0108126802156177 -4.72280556428004 0.155765394016301
200303 -2.85517564491822 0.156758906721467 -1.94263373827295 0.0487874661145395 -2.76230027384812 0.0460435876354673 -0.668316291676341 0.00773341767248242 -2.60472841727888 0.0201515820874887 -4.8321065320212 0.154528026887973
200304 -2.84330098928307 0.145954679282366 -2.09953104314646 0.0558402530984145 -2.87356409907606 0.0469789526724965 -0.501850028808959 0.00541537467673528 -2.43017284885301 0.0130069229628606 -4.84480714828091 0.137150338518679
200305 -1.38972768182644 0.0297778046995646 -0.248930246041557 0.00403914429823163 -0.595212641969445 0.00156369889223755 -0.0330419971646068 0.00246403504120463 -0.840757551992732 0.000969643885736205 -3.79381959296095 0.0358429592095026
200306 -1.21832547298273 0.0229455450886383 -0.0637201959432954 0.00281031055643574 -0.411799289682024 0.00105115489111683 0.0850133187655255 0.00203526872052708 -0.667362899223956 0.000667858758235753 -3.78976386016254 0.0341057044396068
200307 -1.45058469805501 0.0365412384841132 -0.309574156802173 0.00510876940553399 -0.676332989646022 0.00208572763473447 -0.0143425407915343 0.00273264160104212 -0.866546459561546 0.00113744597294998 -3.82909391560562 0.0353053184730427
200308 -1.62280865716902 0.0504929984928682 -0.431396394179417 0.00686815330950493 -0.757773508761184 0.00262404971955 -0.163439217763051 0.00409072258739665 -0.937794755495958 0.00139592990237756 -3.97467259551127 0.0446741439960817
200309 -1.75994800096977 0.0700250748835824 -0.583086423372348 0.010634730822747 -0.839969417962205 0.00397206264074445 -0.30956908126043 0.00594504109037937 -1.11590248005369 0.00255663763834298 -4.12323834664119 0.0582786587441269
200310 -1.85149795788577 0.0854148818964868 -0.692738615789024 0.0145561025831792 -0.882137480329703 0.0050690633786251 -0.475972824223203 0.0088273527612495 -1.28947962698456 0.00406744153919348 -4.25016870945183 0.0757276495463611
200311 -1.53911665634783 0.0647282693324987 -0.505897083736229 0.0122171242242005 -0.743383403647346 0.00465345315810508 -0.169869876194184 0.00581478635943816 -0.907245159534043 0.00239415561582587 -3.88071071619507 0.0592041962461421
200312 -1.35467174667891 0.0525923924255761 -0.378064238744336 0.0105495766122572 -0.586420910937124 0.00382618423105921 -0.0878230579689498 0.00511652741623073 -0.718468273501571 0.00174368894636238 -3.75671352261548 0.0502918188042156
200401 -1.3340960225805 0.0524280401591274 -0.370140801398877 0.0109655249337174 -0.544660254084661 0.00374366378646285 -0.107239404091364 0.00551512460538541 -0.672341259110798 0.00166785508014735 -3.93912045325771 0.06623493659598
200402 -1.38864292770942 0.0587244165777886 -0.412031616163433 0.0127366565763359 -0.600241567824056 0.00456892226734566 -0.27037669685126 0.00808478383213918 -0.797457871474139 0.00236420808557516 -3.954872350364 0.0755277922121975
200403 -1.35287531571788 0.0577213939823846 -0.405334653256473 0.0133068006010785 -0.58415092153401 0.00474096269714466 -0.21631153849333 0.00756248343236822 -0.755298497606671 0.00231329390495451 -3.9508440474892 0.0773064127156756
200404 -1.44081943554477 0.0786057745336837 -0.265436230010097 0.0155284244835131 -0.630704245115732 0.00886921799618001 -0.490434167813825 0.0153708150179318 -0.835308652016553 0.00462290628038599 -4.00004174596196 0.100286771621097
200405 -1.44902764990507 0.081327658204478 -0.264782709511668 0.0163651588542774 -0.566202114129455 0.00835541399447359 -0.54424704009628 0.0171745929370842 -0.757840460577563 0.00426098911376651 -4.06417812492625 0.109117971590706
200406 -1.38656215337274 0.0778063676424959 -0.238390633752839 0.0167428395985467 -0.487016873388635 0.00771412673416844 -0.429234199966544 0.0147803291491671 -0.669712936497335 0.00386174169437817 -3.99494787378514 0.101801536959405
200407 -1.33510192695732 0.0750874242432271 -0.223190618119662 0.017267742609279 -0.458689869043494 0.00768010852715119 -0.427503400842655 0.0148672696696519 -0.690638953001321 0.00419328244561055 -3.99724614762642 0.101336421391367
200408 -1.33136295539795 0.0765555640984007 -0.242996633201686 0.0191292084399434 -0.580231443101287 0.0101307724395163 -0.288770038890385 0.0120572799247093 -0.637177947465806 0.00393934563809044 -3.73029609795761 0.0743731172599117
200409 -1.36097497989818 0.0812346194018854 -0.262483618420939 0.0209368991617621 -0.657336953228271 0.012117999648808 -0.311941645398006 0.0126395140956836 -0.638069502235816 0.00410567187792754 -3.69914546495014 0.0724275996277269
200410 -1.16162574196259 0.0679695029841445 -0.196282920902502 0.0207211278258076 -0.486527621645383 0.0100082611082158 -0.0497518521872742 0.0086363765209116 -0.424506993697493 0.0030754922495511 -3.48666801772939 0.0585492515599567
200411 -1.07155395986018 0.0653199312076106 -0.191516326963348 0.0222927647227783 -0.405757806020191 0.00960974676844164 0.102182966472586 0.00725959582925572 -0.350533765476047 0.00300008956028606 -3.43752967801745 0.0572389586323774
200412 -1.07053183648764 0.0676652379319497 -0.199831048245769 0.0237388949371537 -0.399874956543189 0.0101920025422198 0.0646427039372122 0.00827084361873914 -0.354761259968517 0.00328555878152841 -3.43593218101712 0.0601212571911573
200501 -1.0683863737774 0.07063142577386 -0.162165063701813 0.0238208705234659 -0.393786677059982 0.010820552534709 -0.0167847645180963 0.0103759292839377 -0.356043431594411 0.00360421519360862 -3.37227113244358 0.0621459600224232
200502 -1.08749959324312 0.0777696410425954 -0.106251340815189 0.0240192233841038 -0.394808329553564 0.0120309269527865 -0.181879487225234 0.0146275519245211 -0.393930412828447 0.00435902458454779 -3.4376399388681 0.0716659009677951
200503 -1.04512489589972 0.0776742089641877 -0.112387312879747 0.0257183157026608 -0.384456570851266 0.0127138407482912 -0.128530777809588 0.0144519525645141 -0.36776067107418 0.00456014741209262 -3.37806054859122 0.0701897009356776
200504 -0.982631614071838 0.0750723088667425 -0.0725089753217611 0.0259584069268897 -0.32909808734316 0.0125288593103672 -0.0383064788284981 0.0133699004804117 -0.351985581801717 0.00479535077073393 -3.29927830302643 0.0664587947447071
200505 -1.22784505692835 0.110094434722482 -0.243029009073492 0.039310610857548 -0.50416694777482 0.0205188439755474 -0.313809007336507 0.021704013424184 -0.537572218299509 0.00785714369665143 -3.4586388831191 0.0851278410262948
200506 -0.918352980682768 0.0851192212878401 -0.0507664508107464 0.033903200070448 -0.306906959824138 0.0173331870848376 0.0178259526300906 0.0149606340611763 -0.386952359431247 0.00709959310218331 -3.20812108977824 0.0743444847763359
200507 -0.843696354486556 0.0810681528032155 -0.030576462457943 0.0346980457831636 -0.292275159822619 0.0179703398045271 0.119525193974179 0.0137937371988139 -0.355365149377396 0.00735601842774828 -3.13829659599563 0.0740853256551667
200508 -0.806615987006731 0.0801858494892854 0.0267096252687393 0.0341003204531995 -0.226038418563057 0.0176356974519544 0.162300803787152 0.0138326258391703 -0.303206482262364 0.00747924809169387 -3.14251292042673 0.0774283261501076
200509 -0.6652333981916 0.0720345564949429 0.128911266798404 0.0321621639766448 -0.148269143363944 0.0170663084373308 0.199938786985021 0.0139752124615923 -0.304709497891253 0.00804212331753677 -3.12760885974559 0.0795278041546435
200510 -0.701560223967168 0.0780297964774251 0.111826482346244 0.0347701347477943 -0.179813745319457 0.0191281898256628 0.198146797165966 0.0149702084786035 -0.319693518943609 0.00896435679114342 -3.12705967540843 0.0827138944585011
200511 -0.91886222216675 0.104535653537132 -0.0304043060276982 0.0445438841757057 -0.307593675202078 0.0246123626256862 0.0100138259559679 0.0218908713752193 -0.536555479833223 0.0141185519622758 -3.24784351321719 0.111222238394091
200512 -0.866877134753108 0.100334951641337 0.0111964609666781 0.0436997238336926 -0.272145541481006 0.0244415962435862 0.0394213120020193 0.0220230816169323 -0.492434225309557 0.013840088803529 -3.25542319590364 0.114337385904054
200601 -0.930453155622302 0.108022005308707 0.0344667018624345 0.0436496017744015 -0.260700957791626 0.0250439145307919 -0.0498101764004444 0.0261501673201953 -0.660271200181572 0.018296564918534 -3.41136233291712 0.137578298771652
200602 -0.996127959375892 0.116602714438216 0.0472796388296559 0.0443837332224312 -0.240647059774401 0.0254222670498872 -0.0973956084803884 0.0296509769738848 -0.714362412583625 0.0204672628575734 -3.56825956076692 0.166838687567452
200603 -0.860600668492584 0.104026726943194 0.0673726832376986 0.0448012618384877 -0.205216749047654 0.0252809523064135 -0.0151833259335543 0.0281592327533479 -0.583109008068039 0.0181468093028726 -3.44318788812528 0.154723797389293
200604 -0.829883822895727 0.101729007183519 0.163532680839606 0.041653641919234 -0.1264556964099 0.0239781781849437 -0.0986135960179269 0.032649190111851 -0.656391423751046 0.0205587686337792 -3.52398234164493 0.170066976556741
200605 -0.882062379412418 0.107757779948118 0.15512930819136 0.0434511785284146 -0.132982881335231 0.0249800428360418 -0.142151059753726 0.0359010151460915 -0.669253562341132 0.0216163750704189 -3.59284047506221 0.185785091352366
200606 -0.428451076724401 0.0702726890046179 0.475941858848616 0.0309276152896176 0.266819566327492 0.0154306367459033 0.230215569354131 0.0248233467890272 -0.201594073600786 0.012582808228535 -3.21754489206498 0.142264855900609
200607 -0.590400887452991 0.0812957216071658 0.384687089681246 0.0342026669634249 0.148744872225326 0.0173687223594846 0.196043573924209 0.0263404495077405 -0.319794159850351 0.0148856533824698 -3.40513638706028 0.169676185877339
200608 -0.715161402990572 0.0898289966503997 0.278173534739001 0.0385255392200826 0.00740473069148484 0.0194569058990087 0.196120282295098 0.0266649170651736 -0.333790632069531 0.015467472804561 -3.4618327085189 0.176967678233012
200609 -0.682930113244584 0.0881501268434073 0.336827408421347 0.0371912336775296 0.122966604587404 0.0168799543899994 0.265843168797519 0.0251491530913444 -0.245071135197228 0.0144975854199176 -3.41919699579176 0.173350527089845
200610 -0.752373597560663 0.0935520117769035 0.266748715267229 0.0404199291587822 0.121933004286456 0.0165940121194522 0.202200954481324 0.0256961645265069 -0.18956612222516 0.0135439279135561 -3.55765149901428 0.192346018020746
200611 -0.832994778123286 0.100581066814189 0.120323004997425 0.0479682122779314 -0.111361399933751 0.0219626626763416 -0.117528709076242 0.0352876580494239 -0.381715776218283 0.017414292388471 -3.80823913693189 0.225303744835751
200612 -0.795983425497382 0.0996628411148087 0.201818909821794 0.045770677843889 0.0244879298796463 0.0193578192242642 0.0532209260944327 0.0287353297009246 -0.253049226432212 0.0158703970405644 -3.68821958454295 0.206051935385574
200701 -0.891576562629326 0.113260791016158 0.0577457380178337 0.0564054284782067 -0.171678060097147 0.025906700920897 -0.257814125182931 0.0415179034032154 -0.319595543055229 0.0185710281726642 -3.84207693855596 0.235228098102752
200702 -0.838619949062336 0.114722363045157 0.0783045956411432 0.0593504865624328 -0.186401852512419 0.028952574282505 -0.434939463987494 0.0525996512153386 -0.247758110211427 0.0193384460285667 -3.84089323420793 0.249617348434151
200703 -0.805816896587452 0.1192200284848 0.0842179204493698 0.0630504634599698 -0.210814011285931 0.0323869929434394 -0.698918831599227 0.0711942335649827 -0.169152205882916 0.0197619025136952 -3.84808704830581 0.267390947767137
200704 -0.713055669429186 0.114299381990625 0.119481814912259 0.0638781094251213 -0.180503379877583 0.0333613111974569 -0.757022941431318 0.0788873883150311 -0.0993113545227686 0.0196878603417149 -3.75161019477401 0.261350318115892
200705 -0.969526049302383 0.152300337146666 0.00309530613346043 0.0801491732910634 -0.349990872748163 0.0463954034933057 -0.347269219616186 0.0611649175503499 -0.191083403681147 0.027142362383202 -3.5967854884952 0.27453695235105
200706 -0.975334242992876 0.15677733539651 -0.0367394751261907 0.0867336218980299 -0.423016884515537 0.051788375628271 -0.287620414902356 0.0603487466816101 -0.215761192035679 0.0297470017174228 -3.60914920580437 0.283377319562763
200707 -0.657858720283921 0.126122514026639 0.0939369744334617 0.0797734618629426 -0.213149197168327 0.0427809785066701 -0.329289063063953 0.0677295012422489 0.0502640313537639 0.0242258622580695 -3.40584876781989 0.254869597723656
200708 -0.661597970106009 0.124460378943856 0.117432332414991 0.0787115943634178 -0.188882730619744 0.0400934286833479 -0.353587725712612 0.0730788170672102 0.0457975124861121 0.0253254184580734 -3.52724262447621 0.275904605265588
200709 -0.880555148275763 0.147828327689901 -0.0666363534655101 0.0938650343902549 -0.460884473938061 0.0507328682251832 -0.435247144326967 0.0837640210897233 -0.164083837715845 0.0326347463605272 -3.75573843932635 0.317602621577031
200710 -0.517608765091992 0.10279281315462 0.0648622529009213 0.0769583394934383 -0.195810974066135 0.0330925807412702 -0.664968252365306 0.0942099839717282 -0.134541546957445 0.0278311054328576 -4.07190270610513 0.342298890115614
200711 -0.475004608767748 0.0664716473138253 0.545597397442654 0.0325945657949282 0.285162917939052 0.01066226516224 -1.05278818786629 0.0872834068128711 -0.845907413698388 0.0320973977078832 -4.54943375941994 0.294765452443699
200712 1.21821664487659 0.00665324158103591 1.79961729424897 0.00448593898977714 1.29946874260901 0.00121627854646117 0.522762715197655 0.0108347924130911 0.560971858230086 0.00320882648122327 -3.69888757451744 0.0861721351874203
200801 0.252245853463151 0.0101351973800471 0.965103342414086 0.00623488704604008 0.513990674965714 0.00125425910457248 -0.774916007232762 0.0221892633297156 -0.347581363317007 0.00426855235845706 -6.29634608003464 0.265174762575692
200802 0.579174804114901 0.00307558839381704 1.50271659585939 0.00143005269781942 1.32043337016589 0.000121128683435247 -0.843424120649106 0.0104134397658939 0.348819811779044 0.000564969337456335 -7.78887913385364 0.314205140711534
200803 0.720673023965535 0.000689147369784069 0.769191107849387 0.00110965888526557 0.354850140204765 6.85949633050027e-05 -1.25440055510824 0.00331840647572057 0.370025080992131 7.82379893021836e-05 -8.7292324967372 0.171608057409442
200804 -1.26774213371508 0.00360407141290432 -1.04852796663595 0.00440352823491425 -2.86424112044807 0.00105206174066963 -1.98027107111165 0.00182441204572648 -1.5677389190319 0.000259353692306886 -10.6823571874154 0.171386814323981
200805 0.172002353045231 0.000262503750918324 0.272709854483 0.000318162723094482 -1.01790622008127 8.34063038545812e-06 -0.24236038158294 2.18663180522646e-05 0.176160385984458 2.68648780567581e-06 -10.3064176842324 0.029996457332228
200806 -0.806356885142478 0.00060639436568767 -1.04830359649526 0.00100179732802957 -2.59464835942853 2.67058309865671e-05 -2.39015540982157 8.68676614685199e-05 -0.982273087015351 4.79239720912146e-06 -13.7197905821338 0.139721676655061
200807 -2.23905220946434 0.00313124257355804 -3.10373448426855 0.00847303158323174 -5.59477101970438 0.000785593260502584 -5.66712103368918 0.00133308997153349 -2.69245412691443 4.12194016334813e-05 -18.0877510102236 0.829552953442602
200808 -2.14184232587369 0.00278163408940242 -2.67187107448947 0.00506098584106874 -5.00445782912968 0.000289575837270692 -6.16948189888846 0.00128458054403278 -2.39948145881865 2.41858455821098e-05 -18.640929780144 0.865933800550755
200809 -2.39227689466199 0.00442591787090616 -2.96142550004237 0.00787528389892865 -5.54319632664448 0.000652735269896357 -7.61692866408812 0.00489689229944057 -2.74310635072157 5.56578779569453e-05 -20.08117927825 0.831565513573358
200810 -2.42070929718248 0.00496952119129562 -3.07058430978233 0.00923073716672886 -5.6277105064682 0.000834337120183609 -7.43103205912341 0.00482760375078061 -2.75513925030018 6.17912572758027e-05 -19.5402211870445 0.909187459715409
200811 -5.41002269488964 0.052251999304954 -5.10988545031059 0.0307681639620262 -7.76005804489797 0.00400069770988228 -9.79529991100434 0.0229341921386471 -7.40057163527934 0.0102220594145143 -21.3209761258355 0.775692712427474
200812 -10.6280359208838 0.518757690997892 -9.61083613252374 0.252547600491188 -13.4000065012757 0.141522744824698 -15.1371461482329 0.252609048185862 -13.7509922074195 0.29265964954779 -24.6890635171114 0.469867426536902
200901 -13.3550442227462 0.782413833928236 -10.2578174844292 0.167555331740706 -13.8197594970484 0.0699642682527779 -18.9597239276313 0.531543544449103 -15.6995568882427 0.276456111899773 -27.230337580079 0.339361555718511
200902 -19.0667428054427 0.515445704473042 -14.5509941772624 0.419326942808025 -18.0823954618573 0.203888090829789 -26.5292588961034 0.477562585960521 -22.8609510434941 0.959411355733341 -29.9003707704487 0.225170157625731
