"V1" "V2" "V3" "V4" "V5" "V6" "V7" "V8" "V9" "V10" "V11" "V12" "V13"
199507 -6.62081414946292 6.2742715350074e-08 -9.76321210563571 0.0306202303613394 -11.0451490919755 0.000289964630364384 -6.82783054382032 2.78289517753589e-07 -8.72052353102357 0.0130690960399228 -8.68682984845814 0.00391092247814918
199508 -6.5755402384307 6.55393114311441e-08 -9.72248649390828 0.0312495442452314 -10.9919729794805 0.000395434834840937 -6.89426346782906 4.61609033598477e-07 -8.80679349574636 0.0183872199961293 -8.75623330383479 0.00607079443464896
199509 -6.56151937063547 9.3035605586487e-08 -9.67060727101501 0.033216489210072 -10.9155556762271 0.000375652106266035 -6.94222279755656 6.36641749806488e-07 -8.83480045606611 0.020514375980737 -8.76243380189305 0.00639207239037463
199510 -6.60430256878155 1.20184126813585e-07 -9.76406124453915 0.0401816629250831 -11.0744632918235 0.000698701749367404 -6.97018690148581 7.98832712561715e-07 -8.85078967556487 0.0215980340969068 -8.7662226397043 0.00643120695348038
199511 -6.63439050593868 1.74203120023312e-07 -9.75610914671206 0.0475810070305358 -10.9962868111443 0.00131402159560503 -7.01057080256116 9.95366086284606e-07 -8.94868829232447 0.0355946788990596 -8.88290139788488 0.0162541048048067
199512 -6.53504415203381 1.21118917308267e-07 -9.54792147263797 0.0318066298558517 -10.6739232611787 0.000549002842265711 -6.93710202426023 7.99872313690329e-07 -8.77817373261012 0.0243018003319731 -8.76258863005455 0.0120142066186348
199601 -6.54430177142147 1.52677663467458e-07 -9.55598340268662 0.0373456796875716 -10.505714658128 0.000844782395299052 -6.92999119358813 1.01050565252529e-06 -8.75476497575256 0.032823619715265 -8.66843679473206 0.0211348737130753
199602 -6.6041074368115 2.68086954544517e-07 -9.57507529370698 0.0407879361048023 -10.4882440322791 0.00110527592495908 -6.74605308916838 1.1818748103533e-06 -8.59788369021182 0.0391038205355026 -8.47550343260071 0.0215628705921953
199603 -6.48257820217737 1.98517831175525e-07 -9.50231509069512 0.0363620384277284 -10.3964652265594 0.000945977883410343 -6.54309996411853 8.51681639742624e-07 -8.33124880385212 0.0275102607762696 -8.24801633677239 0.0171818370434143
199604 -6.45259282393453 1.37749516150809e-07 -9.5246971102777 0.0342614432651821 -10.2300066793217 0.000470351100553522 -6.51272222956514 7.7932299334403e-07 -8.20060224679664 0.0200671975629145 -8.11620349181543 0.0134503592216348
199605 -6.48668654976927 4.1299409401258e-07 -9.47490384424765 0.0534526709974465 -10.2145081343733 0.00102275131151769 -6.43300695335751 1.02315656546269e-06 -7.9749604415047 0.0152060765950961 -7.96827807060494 0.0122089227182788
199606 -6.63963624820059 1.05404378647751e-06 -9.65171009598309 0.0971057215807487 -10.3001402311544 0.00271438858540957 -6.42498330175432 1.29272875705685e-06 -7.94608423298253 0.0191222454496356 -7.7818076564534 0.0127257375227309
199607 -6.76389143846332 1.16480757756472e-06 -9.64789007595643 0.0811855459398549 -10.201166220284 0.00170880061964644 -6.67293246756173 4.28007099461614e-06 -8.08141823221851 0.0262609641579247 -7.86168606357476 0.0155692936695118
199608 -6.48041354836941 4.49712031056947e-07 -9.37599989537277 0.0540125322099107 -10.0254658260265 0.00146554661816489 -6.59446530634138 4.25843587539573e-06 -7.93670204615011 0.0223013777485701 -7.75996938602792 0.0139318803799361
199609 -6.48340888370909 5.67824982369316e-07 -9.37096883910773 0.055820604574291 -10.0091231187263 0.00155834003922974 -6.73949228421638 8.81386755165896e-06 -8.04865730086901 0.0313339940413827 -7.80592853468229 0.0162400379073975
199610 -6.38861509726929 4.02025035206674e-07 -9.3153934925464 0.05260149330209 -9.99964842874343 0.00159111614698032 -6.69392935801225 7.94054258425272e-06 -8.03172480415195 0.0312252076324826 -7.81347845532865 0.0172979246461956
199611 -6.37458861400664 4.29930015284367e-07 -9.20833814727655 0.04403243990466 -9.71027379491873 0.000855771425586967 -6.76600276877546 1.0507372994277e-05 -8.03615528618014 0.0291860089363312 -7.73968324089909 0.0126836318331112
199612 -6.27172588554656 3.16987187737222e-07 -9.16519105886604 0.0417637281795065 -9.62677101994778 0.000724633153885287 -6.46359950633038 3.56454236567893e-06 -7.84883171633066 0.0214982439416181 -7.55965919340971 0.00911273513100176
199701 -6.24819741771565 3.89539462855496e-07 -9.13698071277118 0.0423768583270345 -9.63053575030648 0.000788586931554397 -6.37799711948166 3.83635311883082e-06 -7.84774981600258 0.0236825828100465 -7.54054903290893 0.0093526547720711
199702 -6.11523848056585 2.3445048451736e-07 -9.04890277861035 0.037063396130925 -9.59379094140045 0.000858341854752358 -6.15952157353117 4.73481261391492e-06 -7.52304035955538 0.0194792022904257 -7.47324026218603 0.0129985600328268
199703 -6.12744260810887 2.17014213609645e-07 -9.11550616329251 0.0418649042603042 -9.67192643694239 0.0011702263498805 -6.29972842923106 9.17133957249529e-06 -7.53572681282721 0.0204564081551504 -7.5192887945861 0.0146702530211575
199704 -6.23308952711608 6.64134767005116e-07 -9.21004275722543 0.0576071224975419 -9.74528580869305 0.00176316290840877 -5.84863390488162 1.83658185751001e-06 -7.35948108634361 0.0156655698584471 -7.41452166596586 0.0122852829418499
199705 -6.73710284948517 6.35085055431396e-06 -9.78090709230881 0.16522082133292 -10.1773012506789 0.00574716282960204 -6.39865646044 2.56492962792281e-05 -7.79459285005197 0.0469687451553951 -7.67141242511229 0.0249474782939432
199706 -6.68309884479346 5.82227025616211e-06 -9.58711019412557 0.127458273159305 -9.80759571870331 0.00233727884321401 -6.38708012191713 2.27275258635848e-05 -7.67716419682249 0.034686966728199 -7.47719939400611 0.0160427547654475
199707 -6.68458732024868 6.39016976688257e-06 -9.58423001716153 0.128580858121922 -9.81327290186107 0.00246716856516968 -6.37941966958049 2.0814282648207e-05 -7.68975772276854 0.034263754672984 -7.51180441233827 0.0171297433521238
199708 -6.61382557420953 7.60140605729114e-06 -9.57020234539094 0.155526736740621 -9.86130272288519 0.0044385455891949 -6.27963720671554 8.13448232584412e-06 -7.68001930371647 0.0286859315004926 -7.49858317690313 0.014512086261505
199709 -6.71561860321455 1.30656794888957e-05 -9.69526636396054 0.205319920402842 -9.93167521720337 0.00688699592973773 -6.16909010201241 4.60970104946838e-06 -7.45026090326213 0.0148808339708494 -7.25800436711961 0.00722800964534689
199710 -6.75632874470222 1.41515404192377e-05 -9.77680947471575 0.212226640408385 -10.0372201811252 0.00864433327876636 -5.81325429269501 7.08478907527762e-07 -7.23075468291252 0.00668056576933944 -7.06831627454747 0.00394259014563841
199711 -7.10998767086899 9.36386344036479e-05 -10.1335292652177 0.374541942128357 -10.4699893474326 0.0293801997356163 -5.42666743946618 3.19072841310474e-07 -6.97868165690707 0.00590683416002432 -7.01146772700747 0.00495167936522454
199712 -7.03888320958246 7.17227723184881e-05 -10.046606698994 0.326044603517362 -10.3564814860417 0.0238907338391871 -5.40307923873133 3.39463310220001e-07 -6.93246526126288 0.00625278808928255 -7.07834652849197 0.00768147714226362
199801 -6.86770477110401 4.67661362975461e-05 -9.93112984714513 0.308357633859789 -10.241300798368 0.0195093467498416 -5.33496468053885 2.48931893806069e-07 -6.93750819930008 0.00658784301465399 -7.08425244172564 0.0082686065385355
199802 -6.44461177581623 8.4801136760663e-06 -9.51746006479042 0.151176388818521 -9.51998849178775 0.00289507393965396 -4.5969409342252 8.3053000453606e-09 -6.18583980463727 0.00073035053233304 -6.46439020631431 0.00132020901883748
199803 -6.35845515764899 6.37033346087542e-06 -9.28263671047691 0.106862627923845 -9.17402164342047 0.00115768371040671 -4.53509818540125 6.93814970521517e-09 -5.89533537037288 0.000288188418386022 -5.98385278034905 0.000284804631270698
199804 -6.35099955899661 6.75136694653142e-06 -9.27447059107942 0.106687431723914 -9.16869502191311 0.00126625690621569 -4.44715920146657 8.51743384386108e-09 -5.8648592166662 0.000377171009377038 -5.82116199733445 0.000276989382401162
199805 -6.48850624655644 2.09355339153889e-05 -9.48096223703667 0.192167705468681 -9.1938886183708 0.00313381263599491 -4.63894049914781 5.75417170755548e-08 -5.88287502428 0.000827222237850136 -5.77576614676971 0.000437481462169916
199806 -6.4976329526093 4.37029035847059e-05 -9.70400441406036 0.325983136016096 -9.37979998980454 0.00768793553406734 -4.34049943667221 1.85125253232997e-08 -5.8208274655136 0.000855926606580792 -5.75331758089412 0.000485862739250394
199807 -6.59481279628216 6.76704286001561e-05 -9.91338527868106 0.418081212838689 -9.62827564703388 0.014023416065958 -4.27258504946959 2.96170636685734e-08 -5.91117194207469 0.00138976777730906 -5.79246423066775 0.000631257586922433
199808 -8.37170086964347 0.0093017326132247 -12.0409994424138 0.449830455031309 -11.8496904166103 0.452181024583798 -5.58848371001444 5.41399810254153e-06 -8.04279141804733 0.13318463381112 -7.30730455410604 0.0153545706977776
199809 -8.36804990772817 0.00943359433034735 -12.0280694785389 0.457903036759795 -11.8589898260271 0.458135347372787 -5.3724977720683 2.51735176971105e-06 -8.01185998252525 0.139420117187831 -7.30668420321867 0.0176613750944504
199810 -8.57667997488316 0.0857672115092608 -12.674827373615 0.0478505536105591 -12.7279131941793 0.366639238168685 -6.66551607626269 0.00318037637983912 -9.41674261595189 0.483304574954536 -8.55375141244703 0.620816470711719
199811 -8.86484373292595 0.16288677702204 -12.9824581478947 0.0205463597139695 -12.9981967402676 0.225384181046722 -7.07601692826774 0.0117082771702996 -9.72473070698752 0.301517425635712 -8.77118430535795 0.80952885126136
199812 -8.95710093963496 0.190188364497855 -13.04681653912 0.0180859412538913 -13.0126465251927 0.2202449759017 -7.35635879965233 0.0217261155415565 -9.79315522391302 0.272688974487431 -8.84159255369339 0.872344120162937
199901 -8.68903374397427 0.136028337359259 -12.8929241908821 0.0194457130741613 -12.9908653407584 0.178630133915502 -7.1446453177979 0.0140188263213955 -9.69550339284111 0.268582276284542 -8.81399837632966 0.943049111244249
199902 -8.67285497450705 0.130682819408245 -12.7322604177943 0.0304016913769039 -12.9165662669748 0.215337572588632 -7.21622071957295 0.0154762097478616 -9.62087046766709 0.302234126611277 -8.74283285306661 0.881659358167902
199903 -8.79008686565019 0.16853908770623 -12.7783014295292 0.026447934892804 -13.0894548731036 0.164654255281229 -7.30793449830056 0.0189582168841655 -9.68220844826386 0.283395727618736 -8.79074188110982 0.910068414571557
199904 -9.28119082253971 0.428315444022491 -13.6093853616899 0.00236336328225524 -14.234375343572 0.0140354253706005 -7.30825721468051 0.0217380062661054 -10.3078086765273 0.0922571752156197 -9.31902608136248 0.660868615261871
199905 -8.79283921799932 0.354203787041283 -13.1212268182529 0.00265061656071498 -13.487288820663 0.0197514657268088 -6.72903885294864 0.00647173944086451 -9.18420768184347 0.302704727877406 -8.24905862369021 0.859162706705133
199906 -8.87823576401276 0.368470841426843 -13.2927189123602 0.0021720622158091 -13.6623043199706 0.0174498798260341 -6.73769751159448 0.00572999422660643 -9.22861846909406 0.289535241870136 -8.28996539005653 0.886644456129126
199907 -8.90713769132727 0.397390771979968 -13.325857066826 0.00188146074851448 -13.7135052334716 0.0150567224938956 -6.7604826457093 0.00632925187442532 -9.20338705240724 0.300061564043663 -8.27988386889438 0.882343930134587
199908 -8.87928730091683 0.384246325851967 -13.3239667940976 0.00197404108349979 -13.7150729381498 0.0154322040265225 -6.68380743195467 0.00613752332495834 -9.2686896231517 0.274520351179264 -8.28341687479843 0.89394919442334
199909 -8.87755879001126 0.383560573029549 -13.3244696872778 0.00208284307670192 -13.7140572486663 0.016022512833777 -6.67743753164696 0.00630746607754156 -9.26299877424774 0.282044435178596 -8.27422743083308 0.882219906647141
199910 -8.89237027425094 0.391844831337838 -13.3296725932824 0.00217671695739738 -13.7559345346213 0.0156247684558787 -6.74402448047846 0.00636459274792495 -9.2219046527378 0.307224800374109 -8.21554704431628 0.839118445203836
199911 -9.0865118050022 0.443290935484707 -13.3793376138048 0.00209362478113348 -13.7661252462156 0.0158540879543877 -6.88118882499413 0.0079284173214918 -9.2472987520817 0.299625061452625 -8.22457640844758 0.831906941809134
199912 -9.82159678307082 0.98315753431251 -13.8161018786155 0.00043144024218234 -13.7385951496631 0.0125467054719761 -7.69450924806876 0.0624224950262314 -10.0311726369626 0.0734668254550598 -8.39547722714475 0.982885806637828
200001 -9.80877472929873 0.973622552797854 -13.9009121475157 0.000343535447572842 -13.8374142230883 0.00896280232978469 -8.04661317152431 0.108159126972327 -10.5690402226383 0.0291812009080444 -8.9091954648665 0.647019710730277
200002 -11.3443091035424 0.250339449277096 -14.9774757459058 1.53964390100834e-05 -14.0527906856285 0.00507263918853466 -8.14236575500804 0.14371034423039 -10.5151678517202 0.0292892748072019 -8.83797594501712 0.712816253262361
200003 -11.4103503562649 0.269167097708307 -15.145477858989 9.57018102338649e-06 -13.7882344312601 0.00672360398450999 -8.27298048106764 0.172666944908027 -10.1081141264613 0.0697832566823939 -7.68715872835457 0.617590149265592
200004 -10.9368597412265 0.640455478666879 -14.9066270248522 3.74332322071778e-05 -13.5533638812004 0.0149253846280265 -8.44097846120382 0.191087505393873 -10.0815776845818 0.0813768025396817 -7.67045105468738 0.602711220076999
200005 -10.6350023318053 0.843524707429053 -14.6973602760077 6.83446094383418e-05 -13.4453885674492 0.0171591242329433 -8.50899008132506 0.188463666064405 -10.0616393311165 0.0858617550492152 -7.67569605774103 0.613776943757457
200006 -9.81132525283346 0.691694067623652 -13.9387657280723 0.00056560103750102 -12.9032311520612 0.0532099418439526 -7.96517121807059 0.0923151962182108 -9.90316402299369 0.095728813052114 -7.60345258716053 0.601773109113488
200007 -9.60225911920163 0.527693230707815 -13.6903973789508 0.00117444718709613 -12.6885625876985 0.0747786341045516 -7.96454716834401 0.0791290891664496 -9.7932564666956 0.115431817344734 -7.60964922465062 0.626308463321381
200008 -9.59304327934869 0.511868320495858 -13.7587301783833 0.00112582806657082 -12.8214921876708 0.0623824061297104 -7.66870997440166 0.0440979790277776 -9.74030495431812 0.130342064605813 -7.60180246247004 0.61707244721523
200009 -8.83313158263004 0.196827353447619 -13.2021227530954 0.00408760322452758 -12.4671376577285 0.0973732444071931 -6.86153788978598 0.00515986197040389 -9.38855485313932 0.206403035357508 -7.44065939801637 0.554387241216689
200010 -9.4241541620341 0.285740460069617 -13.3632337839819 0.00372614650227945 -12.3897132673168 0.119902492071925 -7.17372962410245 0.0100271545928846 -9.39619779977274 0.20738733707376 -7.40003846275725 0.538408506334042
200011 -11.0423077169485 0.906628567945286 -13.6883875590795 0.00203372027805388 -12.4158648775774 0.117812128141927 -7.98102619468555 0.0283749621275561 -9.61626552161425 0.161018911169932 -7.44926466963967 0.556193002756047
200012 -11.0277232498093 0.904621765640687 -13.7965436412465 0.00174328623653316 -12.7040297144088 0.0774129852414348 -8.46330125892312 0.0886177917299345 -9.4723717023562 0.207279788715904 -7.57609962587904 0.601823004126558
200101 -10.2961178064026 0.529112975421457 -13.5003944781822 0.00321244668716272 -12.6048008485707 0.0908051762025263 -7.96431409328437 0.043533114553154 -9.40013725250741 0.211925250912243 -7.56799531515857 0.611307226471339
200102 -11.1786705882281 0.91373196039619 -13.8399303457472 0.00166380856005599 -12.6119476602919 0.0898839351282382 -10.8878898758387 0.874293867733813 -9.86854331984399 0.109934359653901 -7.77254685462052 0.733220720515036
200103 -12.4627483475272 0.505227874338501 -13.7276688063514 0.00302301333359492 -11.8565392790741 0.232181087488808 -12.8591658829166 0.219814017036579 -9.93108465687726 0.121235449562744 -7.35822753409066 0.516164562572326
200104 -12.4066996736497 0.587090761200101 -14.0069878656496 0.00207435882224891 -12.1207761632411 0.183292653802632 -11.9265958884605 0.7565047673466 -10.013732163891 0.121117406864566 -7.4328506111857 0.540375876851559
200105 -12.3722862370718 0.591877121240891 -14.0100395204655 0.00218757877323449 -12.0286117315748 0.205814721882333 -11.5155096536147 0.968478702955098 -9.96691352941275 0.129991943826698 -7.43880904556964 0.546011866612584
200106 -11.6420276783929 0.909850704525984 -13.7663067398282 0.00196407366212537 -11.6846988043915 0.224698025087611 -10.9016084838684 0.687258194237238 -9.16131605204344 0.266829255379919 -6.87277382069995 0.382797062070458
200107 -12.3327166233866 0.577267683912488 -13.8421563034141 0.00203098334196653 -11.569988648274 0.265050342145429 -11.1373212977425 0.908825445990903 -9.19773495462497 0.262411623568887 -6.73910170378509 0.335509377636641
200108 -12.637491166776 0.431145154244528 -13.9631307534994 0.00145815610211093 -11.5665941243969 0.262967076150513 -11.4932881753153 0.970945458129695 -9.47572966639367 0.179749381201592 -6.9196303070836 0.409772531191009
200109 -16.9421975267527 0.000444190275798232 -16.2867838280544 1.01901099393987e-05 -12.6531390175717 0.110697998815491 -13.6273095191307 0.0618666857688911 -11.2253159825299 0.0113749690150413 -7.53558748046408 0.634156744023721
200110 -18.0360553419212 3.29049377056907e-05 -16.8168897499043 1.99003678107664e-06 -12.767876761359 0.0906919915107401 -14.0290759139642 0.0261315346313282 -11.311564165877 0.00853027265778839 -7.4960036389272 0.625272990188875
200111 -18.7592676005255 2.95228655095497e-06 -17.3074272222586 4.17208238094124e-07 -12.9550428563959 0.0651362362921733 -15.013734584526 0.00357935780620662 -11.6492800495456 0.00354511102201065 -7.93899302858683 0.899578183781267
200112 -18.7534054310316 3.26049978063758e-06 -17.3034652892016 4.92350438071239e-07 -12.9388829003956 0.068167511024839 -14.9626867716101 0.00407281541259327 -11.6552172483335 0.00369125470629595 -7.93906560822166 0.89790879839503
200201 -18.96260954503 2.26328131551761e-06 -17.415348852292 4.05756619052024e-07 -12.942279720416 0.0688646688399951 -15.1001000679859 0.00343728891849379 -11.776555004743 0.00317642678755558 -8.00756379130099 0.921906336499382
200202 -19.2100657880219 1.09599373983323e-06 -17.4200198568019 4.70539759502426e-07 -12.9911251619421 0.0630989807291159 -15.1371580084639 0.00143814643968937 -11.7682605305204 0.00319828944244099 -8.01860058771191 0.926520333581152
200203 -19.0705038496835 2.22885584208244e-06 -17.5037418250818 5.53414230582656e-07 -13.0700628122529 0.063837189744386 -14.791730413441 0.00301810302953123 -11.6050760184317 0.00523398842788605 -7.88179948128058 0.84238732454939
200204 -19.1644355507578 1.58817060219984e-06 -17.341046382533 8.90754659213955e-07 -12.8657393335963 0.0883724499557647 -15.4130438212857 0.000914699120401723 -11.6924567283763 0.00430459495973681 -7.93792429377953 0.878752709692332
200205 -18.8627584643746 1.04392925830923e-06 -17.1708186602268 1.18310280093031e-06 -12.8089748358646 0.0976006934338084 -15.4510389900921 0.000489201187162024 -11.565814116884 0.00518583821238259 -7.91643488801366 0.870920284359933
200206 -19.3133577902224 3.52640692502037e-07 -17.3162394936461 1.00175489405123e-06 -12.8357057639323 0.0979014251627206 -16.4740816441258 4.65375448570884e-05 -11.8736861842791 0.00317507671703239 -8.09480578219008 0.93197643988708
200207 -20.6730482177915 1.50632870797338e-08 -18.5591904766387 6.55505809858077e-08 -13.6723666736177 0.0437223265878341 -17.2085524816879 1.19763103497575e-05 -12.9105791714766 0.000546779259172076 -8.88267728999104 0.696580782602217
200208 -20.4682396511308 2.61880800478742e-08 -18.3113525101552 9.32443564434068e-08 -13.3400367200237 0.0579608912819107 -17.1773566692565 1.46756443448677e-05 -12.8414937979685 0.000571231309316755 -8.93503079667584 0.632788712050675
200209 -20.5921882472286 5.06051847077489e-08 -18.3441153910118 1.72093240979636e-07 -13.2966174554239 0.0794465613014933 -17.6671838879018 1.55918152773917e-05 -12.9486915907127 0.00110479488353751 -8.98270668181311 0.779841792769044
200210 -20.7928977916218 2.89062947782898e-08 -18.3239471876639 1.56887754829682e-07 -13.1576716208037 0.0903722498139771 -18.1795397480151 9.09549099501007e-06 -13.299996527952 0.000582997135317906 -9.09679701399428 0.738823121592193
200211 -21.4198009956533 5.83626060420891e-09 -18.4947112140452 1.44981721532624e-07 -13.0383776382542 0.1105141624769 -18.4557805459405 5.87353500425257e-06 -13.2622602664385 0.000783917795083401 -8.90289077573183 0.881828667991038
200212 -21.1646355521544 1.57327348466207e-08 -18.4079803741362 2.26095714595879e-07 -13.02584603671 0.114346631768197 -17.9410831367803 3.04104707901869e-05 -13.1237300085378 0.0012324724581735 -8.88427367002438 0.910818712733464
200301 -20.8895342402702 8.50600046082620e-09 -18.4030873440851 9.35047649552562e-08 -12.9468011056466 0.0952112756588152 -18.4363294881253 1.2269804201066e-06 -13.4600007386265 0.000228414391983184 -9.10331190042117 0.625107853963515
200302 -21.0080842054765 7.68516679740084e-09 -18.3836687235802 1.18696392963127e-07 -12.8943324800314 0.101135139747854 -18.6089794161719 6.87074488958091e-07 -13.4951094219189 0.00023740741270503 -9.15610782623983 0.607598735640796
200303 -20.6081299871087 8.41745893281743e-09 -18.0054859251189 1.51645428008923e-07 -12.5179555915196 0.123108575624338 -18.2891795083578 5.73800366283862e-07 -12.9989908068491 0.000442149296915963 -8.89408724338498 0.689002123320034
200304 -20.4132691912755 3.48215670809588e-08 -17.8143502624341 4.73573385987546e-07 -12.2285089810379 0.201414862532176 -18.523123940725 6.84601275215598e-07 -13.0505914037882 0.000651560896997162 -8.78483469397229 0.826565254983936
200305 -18.8983359814047 2.65344930741836e-06 -16.3330034297823 2.38785212607852e-05 -10.9979699337827 0.64082213028067 -17.1562011609683 1.40593595114345e-05 -11.6971065669011 0.00725330718116666 -7.8888605194114 0.706158304067076
200306 -19.1077770992299 1.92048589963886e-06 -16.4954855460757 1.77857628356539e-05 -11.2820590239228 0.504136451714486 -17.2052682397103 1.07453198425986e-05 -11.8004876577968 0.00544757567550069 -7.92557693775975 0.780824288226371
200307 -19.0618185692044 2.75244129656659e-06 -16.5230918615225 2.06450389675158e-05 -11.2596387094476 0.53603794600037 -17.0833110999336 1.36818957440336e-05 -11.6855848617884 0.00712982348652563 -7.8051635805128 0.72789172159184
200308 -19.0097859092453 4.25008440650801e-06 -16.6473621361777 1.92481297519434e-05 -11.5853154049691 0.429971663824918 -16.9717068491575 1.97706374311898e-05 -11.725733065595 0.00708490774041947 -7.8949009455469 0.77891649020533
200309 -19.3461611788325 2.02691157355147e-06 -16.7866911809934 1.50806722406931e-05 -11.6472393324452 0.419826613013841 -17.0128942308361 1.91756722200151e-05 -11.7253772932168 0.00720782176105311 -7.89354999432101 0.780287821599601
200310 -19.3608183887734 3.11033059508612e-06 -16.8048216143975 2.09013276214328e-05 -11.6015929729223 0.481653780568503 -16.8995526196621 3.01066876699832e-05 -11.5324951213069 0.0124886683789989 -7.73793330294981 0.65910938877764
200311 -19.3691323927995 3.534546754283e-06 -16.8647502088681 2.03415478790172e-05 -11.6137833635996 0.471850780553289 -16.7534138321084 4.27518242937039e-05 -11.5391980489539 0.0130409278916826 -7.77897525057265 0.684864293517651
200312 -19.0914212164046 7.57682230691568e-06 -16.5346814392347 4.63823984025295e-05 -11.2671871453929 0.612516684365575 -16.5481998200796 9.19764876381241e-05 -11.0567050873424 0.0295322093883228 -7.23313668769907 0.450427046609431
200401 -18.5460227348013 2.27363862029942e-05 -16.0423654035131 0.000130620011844083 -10.812701189809 0.830491955330413 -16.2774079629815 0.00014812752657155 -10.8849053815132 0.0358907623546505 -7.04692333563244 0.39396309720614
200402 -18.5233316137343 2.71472092586103e-05 -15.9905437181639 0.000161435607947605 -10.745674317897 0.85895021543477 -16.2926203968035 0.000160657067461816 -10.8416435402902 0.0397401057031917 -6.99330050822029 0.379815428837272
200403 -18.5704635964507 3.04287602391095e-05 -15.9563406029748 0.000193592964492296 -10.7087842857702 0.886152455819892 -16.3304731798806 0.000165925762353315 -10.8466680790625 0.0401278447519887 -7.03656076523647 0.400935977026846
200404 -18.585195325197 3.45886147409642e-05 -15.8343879622227 0.000290955680857808 -10.5998868699682 0.972367644888843 -16.4327198752058 0.000130317531077652 -10.9636850774428 0.0368052514747295 -7.22280102713517 0.480699093162103
200405 -18.4665414517905 1.73665486342969e-05 -15.655136532003 0.000277439440412339 -10.6921667659706 0.896242922581301 -15.9939872039849 0.000164215962328371 -10.6806348294748 0.042458357578533 -7.10706147232307 0.472621670047637
200406 -18.6227115944276 1.51632749534008e-05 -15.7673812548597 0.000258078039152181 -10.8268219696138 0.853660292479469 -16.0388432749835 0.000168503771227469 -10.7179111921147 0.0416438693646538 -7.15411217484492 0.494051620282761
200407 -19.2066687239339 5.71837283050218e-06 -16.2503573672045 0.000115456094561547 -11.1997347029802 0.694344454664904 -16.7768273047789 4.22866749222071e-05 -10.9665376746496 0.0284840130569449 -7.38069324713988 0.616303606422082
200408 -19.2349648943684 5.59767881308387e-06 -16.2654263084695 0.000122596318696469 -11.1996756617627 0.696546567386774 -16.6222888894467 3.87694140384955e-05 -10.9008746265988 0.0306281481668602 -7.33195101564712 0.612390032239232
200409 -19.0392633000267 1.01714694600756e-05 -16.1565126236625 0.000175674770136103 -11.1209812514995 0.734973159171894 -16.5304708891707 4.98069835433904e-05 -10.8306162546475 0.0351354064063855 -7.27967029230168 0.58922300935724
200410 -19.0012968709207 1.33397478021344e-05 -16.0307156845183 0.000251126292222216 -10.9927842892318 0.786788669722614 -16.5689347498508 5.32139301510197e-05 -10.8258777151691 0.0374114785995228 -7.2481451035955 0.575732690323065
200411 -19.2692657511633 1.16688958320734e-05 -16.1947307169052 0.000263191184555438 -11.1082477080217 0.798171176534443 -16.8468968572016 3.68355725976871e-05 -10.8867600789316 0.0385061065964169 -7.273804440124 0.561653506194661
200412 -19.0969089427098 1.92985053998251e-05 -15.9594541455513 0.000447136012113282 -10.7944409018902 0.934188338126002 -16.677305261077 6.35886313993237e-05 -10.7017580749441 0.0505919757441989 -7.04517096573094 0.478615688825997
200501 -19.0707984095551 1.87513200672605e-05 -15.9790741056295 0.000429685151572957 -10.7762633080317 0.933107323407706 -16.9467851276105 4.04176499299632e-05 -10.8567723844255 0.0415882646780848 -7.11349913805914 0.510887377433607
200502 -19.1055513278344 2.0958615624126e-05 -16.0297665636127 0.000444067449921101 -10.8741965472894 0.904184302900007 -16.9178030603154 4.99184726327126e-05 -10.8701868423303 0.0437461005345392 -7.12010878940599 0.511257286422692
200503 -19.3132061737988 1.65380160182942e-05 -16.2189998732482 0.000333349202778214 -10.9983733069225 0.824116219207623 -17.0575615697581 4.14050317082731e-05 -11.070985590741 0.0340926188070271 -7.22224378682907 0.575214808913816
200504 -18.9188924521158 3.90837050314329e-05 -15.8915967932451 0.00067202218275987 -10.6921978618185 0.962137824450873 -16.6638023118546 8.23172997148083e-05 -10.7583911224076 0.0516833005490994 -7.01689937283108 0.500252832136234
200505 -18.91650815971 4.47709038446833e-05 -15.9171717502754 0.000705260040664464 -10.687205648705 0.964599888846098 -16.6299257082236 0.000100936343498528 -10.7619432303021 0.0532886580559549 -7.02598590562957 0.505479527696277
200506 -19.0977071809878 3.07809107753072e-05 -16.1149339500902 0.000508800627786004 -10.8310869363392 0.892179143188543 -16.5312454946193 0.000128015427198624 -10.8523830576178 0.0472770040298549 -7.06930243312318 0.529203817825019
200507 -19.1416573551034 3.59487584430303e-05 -16.1495376852255 0.000583200919443536 -10.7871229795635 0.926363249040176 -16.3009342059407 0.000225485814416276 -10.8048314817854 0.0528695170350329 -6.97756255097508 0.4930532440854
200508 -19.1503584429136 4.08314150466415e-05 -16.176911806053 0.000619910562257473 -10.8140219789295 0.910752552875128 -16.3208354433321 0.000236650310364324 -10.8144340425556 0.0532573997174378 -6.99206893051718 0.509976103548924
200509 -19.2025455632667 4.19853975434804e-05 -16.169953296292 0.000702578522528809 -10.7364943444653 0.93823947800213 -16.3426239882554 0.000257520785522868 -10.7566039257367 0.0594771658234256 -6.85988980093246 0.475325406635941
200510 -18.9474778771462 7.37376373980608e-05 -15.870140807945 0.00121970291467448 -10.4761521680944 0.954130039871438 -16.2172920801067 0.000351103466755268 -10.4992801579558 0.0832209396697755 -6.71770926405277 0.429555281628871
200511 -18.4697397410185 0.000166090582248769 -15.4481746129836 0.00223696364331615 -10.1351371178792 0.866685877665501 -15.906964338309 0.000609631215675989 -10.1051981705966 0.121499575083592 -6.45659316705904 0.373476150896388
200512 -18.4457494571071 0.000227359064704778 -15.3677191316289 0.00282120448369158 -10.0354660571013 0.817000536738941 -15.8053097715979 0.000792619226603766 -10.0050122126576 0.138159499379491 -6.36118137581581 0.355557004184309
200601 -19.0222961980958 0.000109084204080461 -15.7972845188346 0.00195997587990687 -10.1787260174625 0.828402655998802 -16.1032402116248 0.00052540657058092 -10.1519062911054 0.126627384016113 -6.37349924747546 0.350417930945633
200602 -19.0206890345922 0.000127057243101452 -15.8153726917568 0.00206937431959137 -10.1983327987064 0.835574682300727 -16.1070612763026 0.000585436331648359 -10.1591828867735 0.127948195108682 -6.37680926454287 0.357230696496186
200603 -18.6783285642695 0.00024354408682101 -15.6656040710478 0.0029557456164631 -10.0974136646506 0.782198652469913 -15.9032767302801 0.000861849206925296 -10.0465872111319 0.144504676898434 -6.31067618074315 0.343126320944389
200604 -18.8857239396652 0.000192459397604748 -15.7973245596889 0.0027194658045233 -10.1059406100959 0.779380397858189 -16.0056360430361 0.000790988116123194 -10.1198903570995 0.139949261274742 -6.3207418085107 0.343682143893084
200605 -18.9291399468077 0.000270754885560513 -15.7757438381251 0.00355539918089821 -10.0107373700546 0.693353194829965 -15.8427395197162 0.00119840669703464 -9.95840199508444 0.174044026669864 -6.13660406309378 0.29687522467991
200606 -18.7742858769208 0.000383314487044298 -15.5931137229211 0.00477908393658142 -9.71987899719018 0.601863036578163 -15.7920105674264 0.00135299181228397 -9.89655487451144 0.184947449415698 -6.0648032388039 0.287851596378058
200607 -18.7369865918646 0.000486510368895741 -15.5717658554812 0.00550470831759371 -9.6389215652481 0.571400947139731 -15.7621426488187 0.00157346385974724 -9.90057758565397 0.188028842805769 -6.06983873362594 0.293544071162947
200608 -18.6119564036087 0.000662362156128858 -15.5019661080742 0.00649200201151151 -9.62875133554178 0.569027981214904 -15.6561607881509 0.00203446995773254 -9.82425774815241 0.205117245434007 -6.05464843615557 0.293510563295205
200609 -18.6081652933475 0.000741688193564284 -15.4977730106953 0.00705405284185663 -9.62005957201299 0.568740248070544 -15.6720745893607 0.00210273437176693 -9.82194013157032 0.208246924700497 -6.07313634632956 0.30409156215088
200610 -18.0915589737371 0.00160389628363933 -15.2439738575215 0.0103555383681975 -9.54569267913761 0.541069475818761 -15.4367295973982 0.00322720271256254 -9.7093957268509 0.23426228821171 -6.02962231956121 0.294276353925264
200611 -18.0434128218972 0.00193344003203822 -15.2463606485727 0.0112517764140817 -9.54624032479989 0.540797003436631 -15.221358346095 0.00438315882801896 -9.60792184614623 0.258129741994841 -5.9832524821722 0.287171894807526
200612 -18.0473441074852 0.00213968587983669 -15.2556402335489 0.0119074293533843 -9.57604810373247 0.554039794046186 -15.2256533566632 0.00461199342288239 -9.68683699650033 0.246923964410759 -6.06012234162059 0.311959536869071
200701 -17.9196981905665 0.00266562051974163 -15.2015822469484 0.0134151108995534 -9.52082654509516 0.540063103491911 -15.0340006233061 0.00589264864952393 -9.64755048746431 0.252965989977254 -6.02041023584234 0.311167420674387
200702 -17.9164403082389 0.00292764181879686 -15.2024926888824 0.0142959004071842 -9.52172371519162 0.543938437393738 -15.0126020329002 0.0065531274311254 -9.63092512639729 0.26059043014903 -5.9992261874996 0.310074526621533
200703 -18.016206987914 0.00252666108418593 -15.2917349881112 0.0127771577968185 -9.60165494675282 0.585721811829617 -15.0957016366929 0.00589097358636993 -9.74494672274382 0.238169771610002 -6.01685280856021 0.325927270365066
200704 -18.0900959120074 0.00259597210030358 -15.3264150537289 0.0134934690688394 -9.61637648209652 0.587700954515534 -15.2505348517816 0.00560621281382148 -9.78219405432035 0.242116865213045 -6.03758472425251 0.330604987729972
200705 -18.1127597628271 0.0027636672445044 -15.3656257470395 0.0138726983465657 -9.6540653286173 0.604660965267369 -15.224596744896 0.0064035639953076 -9.76996358771256 0.251406697081707 -6.05186672434581 0.337320217832915
200706 -17.8442929111262 0.00333337873337727 -15.2302926567905 0.0151655133360587 -9.5315696964539 0.598354758107952 -14.9641106718632 0.00783269377765545 -9.55055082127827 0.28154219507875 -5.84707150568498 0.30456128873662
200707 -17.4651382631146 0.00503915928953505 -14.9773457506442 0.0202839632791402 -9.38105899305588 0.55246867833832 -14.7821764889874 0.00978287623790574 -9.33508784387924 0.329391562224678 -5.62290001459944 0.258704241589548
200708 -17.4210752923896 0.00627858928058868 -14.9636648499549 0.0232367688145287 -9.51078192134318 0.570530223211485 -14.7739860069256 0.0105272146880832 -9.29775169736238 0.342357863742851 -5.63589645306606 0.26477958807514
200709 -17.7307208853642 0.0044295152165306 -15.0793197659758 0.0201583150351529 -9.51578926678656 0.613369334688706 -15.3696342877969 0.00617422535791196 -9.6080470095445 0.277922426924934 -5.85910269656271 0.325224174203315
200710 -18.5870428147485 0.00153316454880393 -15.3586476059971 0.0145969553838636 -9.57126468991085 0.646733382070673 -15.7351720680938 0.00429396990279795 -9.80254426210521 0.239997583351695 -5.95876838173417 0.363493789930452
200711 -19.1764213899528 0.00111748027286346 -15.6350895374723 0.0153144077356749 -9.30371213749439 0.503365726999493 -15.6438625558651 0.00545313514446133 -9.63874872341541 0.284349255801916 -5.66327134833946 0.28884351496822
200712 -19.0598423495862 0.0014788434856239 -15.4465755407103 0.0193205996925303 -9.03860369162111 0.440396964221659 -15.5456908509862 0.00662226815523667 -9.5557602539482 0.305368902509077 -5.60057792947488 0.280644399277299
200801 -19.397391566161 0.00191258786400052 -15.7009901222546 0.0226412495708495 -9.07437620719682 0.399426228282918 -15.9555136748975 0.00685966446413301 -9.59938525392452 0.340403075130307 -5.67516985060117 0.273534789743279
200802 -19.4980296967088 0.00184482647072208 -15.7375661252006 0.0231757580972726 -9.05887818639488 0.40064989946118 -15.9514493903277 0.00747756883347883 -9.60146757522042 0.345010093559966 -5.76903410917533 0.299671370242902
200803 -19.3007945588038 0.00257375019598329 -15.7199887989359 0.0254066820359545 -9.14621531267768 0.426140153502379 -15.4461463162453 0.011820971485648 -9.4631178386587 0.374937665182213 -5.74267505344317 0.29991745354028
200804 -18.2948363435975 0.00485145222165161 -14.8688914420491 0.0444834511266203 -8.89316203912138 0.402793944487382 -14.5252854466758 0.029510972753339 -8.69868548214878 0.548268464463984 -5.33704618441151 0.23531069657101
200805 -18.5360307848648 0.00405027886382972 -15.0710188697986 0.0396680827671293 -8.96638998509072 0.424382563966733 -14.5141116321614 0.0322688465941897 -8.67873497457037 0.558995046297385 -5.34491721967887 0.242907496811337
200806 -18.183816905121 0.00795281691010368 -15.0366511941155 0.0511695828969982 -9.33729013763385 0.468315051400454 -14.2405481726312 0.0509580740464729 -8.64538229658787 0.641470450929056 -5.6693452686569 0.254739824061103
200807 -16.5701075294512 0.0247383572291276 -13.9361824810748 0.0976527233115306 -8.86456405276697 0.381689186200419 -13.5164504220795 0.0872251952518603 -8.19662431373942 0.774579751910683 -5.72977942252419 0.274018734105381
200808 -16.6570511026249 0.0252844486258425 -13.853324881364 0.109215081605911 -8.60804971036144 0.3371205757246 -13.6848367111158 0.0734593066051385 -8.31530639819025 0.747073382530764 -5.74467116467832 0.279444600414854
200809 -17.4413051346462 0.0324446018839643 -14.3909709858388 0.147354043878959 -8.36498554007343 0.175970580400182 -14.8504660316009 0.0688392847500265 -8.77640459564935 0.803954999889614 -5.97156851721481 0.26557191472663
200810 -19.4471276705533 0.238115349387555 -9.45822222874189 0.113574380921691 2.24223395193376 5.37939021293290e-11 -20.5961089811695 0.00536494149237493 -8.61668416590542 0.5626072602382 -5.06069187615976 0.0202150835480006
200811 -20.6673264499118 0.163604180954311 -11.2195479540791 0.324456415252536 -0.776171737159737 9.74872316299649e-07 -23.0603286885712 0.000131436551576737 -11.0103766550733 0.369129923097936 -9.73703383676168 0.570378904733754
200812 -22.7125625972152 0.0213811936331155 -12.8322931669143 0.888133091603538 -2.08657913785002 2.52590024721095e-05 -23.7710991974384 6.1749591914949e-05 -11.61039944716 0.269548367538622 -9.8055985018684 0.564059003006214
200901 -23.1792677701418 0.0195697623725938 -13.5515797619394 0.987103278473262 -2.52167164807644 2.54633464954402e-05 -24.3053248560734 6.18341011952126e-05 -12.6746713635793 0.199398851979748 -10.9752911381962 0.444063712575994
200902 -20.0545534059996 0.183839051726366 -11.2530500181985 0.316371490031232 -1.8679909499161 1.09058949277481e-06 -21.3989493580233 0.0018497970859579 -10.9261483516999 0.663181312885723 -11.2815106301153 0.581811643992966
200903 -23.1704748258333 0.001344256213218 -13.4849642610677 0.634111905450139 -3.07309009369392 3.21166787805565e-05 -24.018039636088 0.000119200120275966 -12.2880524422318 0.390492480583696 -11.6141054396805 0.591185423962944
200904 -18.6431188602007 0.118314928347502 -9.44262101687812 0.215053787062269 -1.03114809724025 1.33666151832282e-07 -21.2860597010123 0.00250717380100838 -10.7915215955448 0.906846828541868 -11.4605105617724 0.94670204142757
200905 -18.1769358723791 0.342600074088408 -11.5012647745036 0.467135760663872 -5.26234168432083 0.000494070201752075 -19.542551603247 0.0201692900491744 -13.0182591668956 0.491050488372927 -14.4244205283334 0.27703212665648
200906 -16.8527793755805 0.543226175662116 -11.3775279020537 0.44852227257459 -5.28422182356625 0.000618605521830532 -19.3604978692526 0.0232169559296977 -12.8963813741571 0.525216394914458 -14.1645365583125 0.313496190608541
200907 -16.9105132556585 0.619958755567037 -11.6826720215693 0.429312046625889 -5.36532469172017 0.000307788190598794 -20.0589440129899 0.0203476564927421 -14.1431214427241 0.406404813937716 -15.6273754384917 0.209581387744847
200908 -17.3479619248279 0.548823050641652 -12.9584311652265 0.821562732515677 -7.87581559529225 0.0251795974421941 -20.2071896740526 0.0198572381497786 -14.9648353749433 0.226145979797982 -17.9250026273013 0.0353286973907292
200909 -16.7791061911323 0.73820175329871 -13.637619535027 0.945353576708655 -9.78243920995132 0.155407208133042 -20.251935419337 0.0235627741568094 -15.5988622777752 0.165475957015831 -18.9962601289281 0.0133939918661851
200910 -15.5006864355428 0.965373251215396 -12.0680584590464 0.654084808204084 -7.52963759581089 0.0392798669278995 -19.3414476876318 0.034192606389766 -14.0521081133012 0.292869663841277 -16.6648328746078 0.0571778979947012
200911 -15.6212910181029 0.894913246881683 -12.0283654491582 0.681417903884659 -7.53980343342322 0.0423214550621827 -20.2525546151114 0.0224105641954851 -14.3972214072793 0.260342521922327 -16.7676722507947 0.0571020094969466
200912 -15.8586822426956 0.747568529418999 -12.4187360365816 0.815910479026474 -7.78889082628769 0.055990081869878 -20.2980051827054 0.0193497196761533 -14.6522617877323 0.225730664531466 -16.8814145766007 0.0539807412465485
201001 -15.5856797327543 0.807928459853614 -12.0389228086589 0.730248553188475 -7.6459000030983 0.0526127465257337 -20.5455573075291 0.020206202906601 -15.0028456764763 0.218830850279286 -17.2623565123289 0.0508523611622022
201002 -15.4125071900257 0.840943081323062 -11.8123265343679 0.711338310618688 -7.09350226469698 0.0451400628619896 -20.1722115377176 0.0259399538381062 -14.6451007790098 0.237531443624988 -16.7715835614144 0.0588787327909424
201003 -17.0043805832569 0.467343152571915 -13.2377258428108 0.958422102495648 -7.89077880174345 0.0647324540157395 -21.2085297438626 0.015538929139995 -15.7099578692029 0.163120514513126 -17.5352249793041 0.0493637155649019
201004 -17.7097910752741 0.316064476831955 -13.8250677910336 0.769345916404463 -8.62375980601462 0.113362473081029 -20.5896199543006 0.0203581528415188 -15.5366001758027 0.16822397234703 -17.2213948731732 0.0591066260958938
201005 -19.7630837208706 0.196634848578607 -16.8074326478695 0.4032304622066 -13.4351430541186 0.545770784243701 -25.4376369424459 0.00122344731953119 -19.8039151713987 0.0281565422052631 -21.6043198058 0.00617514668770899
201006 -20.0480392224163 0.174656217309819 -17.6972193667328 0.237204287043323 -16.3354793190751 0.653103073449878 -25.9473796567288 0.000783038309766743 -21.688481373135 0.00602673952048205 -23.7273764613711 0.000762009331681821
201007 -20.0459086304457 0.232441267521568 -17.1663490558376 0.364040197659179 -15.4577535094648 0.930614339274094 -27.2650709372729 0.000593056498008944 -22.1535607453116 0.00785948754109157 -23.7869542046224 0.00150964479147899
201008 -18.1896392561866 0.439543760959959 -14.0489643785438 0.850685687032375 -10.6124198495793 0.266026846895242 -24.7226330414174 0.00289503820133281 -19.4187716890573 0.0336278535810007 -20.1277726769054 0.0159146168408196
201009 -21.4878521412206 0.280427299573142 -16.0232930600838 0.749953173008306 -11.17307508822 0.207053916483373 -26.3755447814894 0.00307755233232955 -20.5466669778426 0.0337838600246643 -20.2927356149059 0.0247609119683143
201010 -22.5924316209296 0.195449932678432 -16.6193557810741 0.663714473585025 -11.4637387355729 0.241151397419445 -27.7782867674301 0.00151537489357706 -21.3220213110074 0.0249804662505296 -20.7414248590835 0.0207903752797542
201011 -22.6485655268735 0.137513209923914 -16.3782629613534 0.577869596022937 -11.4955332982229 0.319912127551963 -28.5186974325512 0.000681527731199603 -22.4320935031407 0.00982941797331968 -22.5229679708591 0.00678673509896578
