"V1" "V2" "V3" "V4" "V5" "V6" "V7" "V8" "V9" "V10" "V11" "V12"
0.0450209517826821 9.68194092188965 -0.0100070682439919 7.56622358483044 -0.113957764297142 4.91833616110756 0.0183748156818004 8.68216696462285 -0.0574237124675228 5.6021760780605 -0.119279194540927 2.61120703432317
0.0453023545531407 9.5527670278295 -0.00876321784722256 7.48819912360811 -0.111763285057315 4.91976707155367 0.0176615161948398 8.56959478450404 -0.0580900020543371 5.51652210070249 -0.119473055570539 2.58030561863114
0.044865441984235 9.4589856814871 -0.0103691926850151 7.37379948358815 -0.116370310292409 4.6761386148519 0.0172433945614494 8.47211383613045 -0.0584380586028699 5.46119350805931 -0.11968669156995 2.57332377234601
0.0443578317543483 9.32217441295062 -0.0101515819068532 7.23490774511635 -0.114116914180247 4.41769307567627 0.0167677631292897 8.38781728396804 -0.0608200629083082 5.18861777578708 -0.12322991518398 2.13406238852985
0.0463695832724105 9.35339932764302 -0.00492873787693315 7.42801985752996 -0.104799577197033 4.76619391278775 0.018208817475873 8.38820431272704 -0.056453770477525 5.36290639500356 -0.119792779159935 2.27926292842783
0.0462136726489588 9.24406336812594 -0.00509013159677618 7.29337389150514 -0.0999279066764402 4.59382361341354 0.0183507425267183 8.2856462177946 -0.0558506265654068 5.18863121097641 -0.117041996826651 2.00147255383997
0.0452128812478881 9.06984362454502 -0.00550800517747008 7.19287087933403 -0.0994201348986481 4.46896031196407 0.0218004259791091 8.2180320245684 -0.0519125074759625 5.0827165933767 -0.11134595695605 1.99031785387147
0.0475616217885374 9.08480010748827 -0.00369768700081008 7.20747072323142 -0.0967582193152008 4.51383988028931 0.0256238700464427 8.25020067026426 -0.0451931649968516 5.24270558966697 -0.104637643215359 2.10276712835111
0.0492482508777515 9.16972404715869 -0.00319323270055993 7.25328173469133 -0.0918199440449494 4.79946702802217 0.0263230231121325 8.22215729323013 -0.0417783264560991 5.37593932826069 -0.100770059588885 2.21857719821786
0.048720933829046 8.89164349656327 -0.00191249738026933 6.9856977869793 -0.0913535134357681 4.48729594877646 0.0278239875893185 8.11940259631204 -0.0360826437906354 5.48368433495887 -0.0963998232825396 2.26110649831821
0.0463155928018937 8.65117869823773 -0.0058226699061501 6.60763624776033 -0.0938298223094478 4.07694189178053 0.0279836390929139 8.01619242972589 -0.035342477218846 5.34773615544167 -0.0908883204671584 2.23951999995413
0.0464315116317197 8.70956711816652 -0.00402601826661386 6.77273332156182 -0.0907916750293756 4.28453172336987 0.024256362746533 7.75362515605527 -0.0383209965378799 5.19578809735129 -0.093363302388475 2.14228781622867
0.052102873701566 8.8878632038194 0.00284444733939493 6.98578762089178 -0.0856044235310696 4.33524401394647 0.0257378422285279 7.70558042061184 -0.0346428602560054 5.24606387919369 -0.0903448210046109 2.19058914835408
0.0520608999871048 8.77503124217893 0.00297027024129171 6.91027958487668 -0.085121977427294 4.28757807378831 0.0235072492064143 7.51599036291262 -0.0372889552927556 5.05828810569328 -0.0917474379507619 2.11157748152426
0.0540766550020405 8.8009611954139 0.00436339695198895 6.89126509944601 -0.0848405946487658 4.25554127676287 0.0244283584045412 7.48885144617529 -0.0368556111282241 5.02204359513623 -0.0919751150895081 2.07371180496126
0.0543518076418806 8.72221845025007 0.00711642573763904 6.94438676494298 -0.0762567980963484 4.49710465186057 0.0236114666104644 7.40110619952961 -0.0365316439458663 5.05517429896616 -0.0899577778125467 2.2293099489341
0.0564392997455809 8.73364287742532 0.00821359465561544 6.91839055444823 -0.0737700903187921 4.54166653209871 0.0296415437096779 7.61456989086159 -0.0316895057016382 5.17596629733253 -0.0845601168046952 2.37843514898611
0.0568989502063286 8.62844431036923 0.00890926877766707 6.85450487488173 -0.0738790093814914 4.48289509614092 0.0312674094059215 7.54916251665686 -0.0316544183658347 5.09227255341396 -0.0839850971945422 2.35759336664723
0.0597122217180456 8.68952070436743 0.0111580608524866 6.87577601600177 -0.072791927768538 4.42710334387709 0.0354191250842216 7.47061064496273 -0.0233471103773313 5.16979956164492 -0.0819631347617027 2.20176578847778
0.0605376720289023 8.69615864177661 0.0101710196213188 6.78834526111859 -0.0750176380872223 4.28961170279087 0.0333584961858692 7.29912853633955 -0.0235993791662348 5.11072603552324 -0.0833914195189673 2.14108732724471
0.0587206527644517 8.41021427886955 0.00807262981145518 6.57120928486892 -0.0771503050710323 4.10728687660232 0.0423754873925606 7.63233118874571 -0.0190421507737177 5.20317841237386 -0.0802330547365118 2.21752535418118
0.0514531064489793 7.96951315498609 -0.0032789049629447 6.02867730728226 -0.089641226980383 3.64853637133216 0.0336484737640153 7.08676365058507 -0.0291185829231355 4.71761947107131 -0.0881648240074113 1.88231464232594
0.0525540828094817 7.92891613549172 0.00180448502158492 6.16511671687145 -0.0783375434646552 4.03599087506708 0.0345073789798587 7.09107280091518 -0.025703357333521 4.86056895635484 -0.0822754544178281 2.09605999613384
0.052549602510144 7.84262957131537 0.00188152756632887 6.10070494076793 -0.0784963643556347 3.98929169036974 0.0352321719939476 7.0833946846433 -0.0256600999019874 4.85251996306572 -0.0833930605535385 2.06250247862923
0.0539422888717637 7.74716837450931 0.00228574297826223 5.93274492824414 -0.0799232407766124 3.72695238635667 0.0396897063136433 7.37480308173412 -0.0244057762704963 4.97242178077197 -0.0831355434464822 2.15098197809761
0.0523488930963513 7.575740396826 -0.000521862676515994 5.70481087835889 -0.082030703199683 3.51768383036957 0.0426543415331212 7.48398997197443 -0.0175269460639174 5.29968528858324 -0.0756792232791004 2.47762778996824
0.0524818539454766 7.53657791150869 -0.00105307615987038 5.70502992865531 -0.0850812239070151 3.41464192596089 0.0514856858696656 7.93010679004103 -0.0102092060238115 5.71357749015756 -0.0697015016417533 2.74828320579285
0.0464585052647424 7.06655224191583 -0.00889843041250415 5.27391978419221 -0.0982444361495718 2.83724269712014 0.0592297692817482 8.06085830513395 -0.00336662388097175 5.74178521550323 -0.0678973273182921 2.64198147141623
0.0482960512892164 7.09067645546787 -0.00612734755123601 5.36342509297907 -0.0946981133693785 2.92877189485913 0.059702048764537 7.98028707957398 -0.00211242225667507 5.67343179746353 -0.0700180028994422 2.44111883861056
0.051836782695739 7.14463608602481 -0.00312217574380869 5.36160956843197 -0.0910932792567745 3.01413713347341 0.0615414655873646 8.00085126684322 -0.00223214665417637 5.60166441989643 -0.0702055513747817 2.39608215293676
0.0615898985481738 7.55422560748205 0.00953503870964145 5.93145588899916 -0.067983710391067 3.92192398926313 0.0777874003064434 8.70745125437973 0.0197720266823211 6.53587657003517 -0.0501649414604541 3.1935392594833
0.0635888389672734 7.56462896806675 0.0160803334625998 6.12317040753151 -0.0567580293797021 4.29954943066647 0.0791962244442594 8.67592124723906 0.028482513876218 6.86774780344113 -0.0342408857728829 3.79933266605456
0.0637751245417633 7.48248143410251 0.0163363245860471 6.06137245940263 -0.0565862158117545 4.23366542350537 0.08095959356111 8.57257232538843 0.0293473141001677 6.72495902120029 -0.0289268089373409 3.79719230200893
0.0613507787335067 7.17880921781182 0.0114566510162034 5.65055167353095 -0.0573068383616493 3.85564634062855 0.0775741480113636 8.16586718797321 0.0289852528222324 6.41282227959161 -0.0274247470203084 3.61671115205915
0.0612753630598957 6.95680337577238 0.00615736211333906 5.23219119655954 -0.0630649388652762 3.45527654714868 0.0839723065511807 8.34209453487774 0.0307013661620761 6.34865222264678 -0.0266899928800559 3.55743275043721
0.059822189795417 6.8050818799819 0.00188563890497695 5.02136622443001 -0.0705775843202685 3.18637750450084 0.0853599928262453 8.19128752241649 0.0284302038462083 6.12597658607725 -0.0279302259223055 3.44059443893547
0.0346429819122076 5.82506029571522 -0.0442424074313856 3.64567654275337 -0.146933740227117 1.11891854894515 0.0683060001344689 7.50878880125078 -0.0211982506742621 4.59010173367216 -0.0785134940783292 2.35152762851196
0.0348223057586378 5.76109920321903 -0.0438428940117894 3.61216845237625 -0.14729852869982 1.09665384272223 0.0733096774303402 7.63539829303348 -0.0202348370390282 4.51429020374482 -0.0784920052445288 2.26483074408256
0.03114051063271 4.93435097310077 -0.0617020610584749 2.13051833136063 -0.180552936545133 -1.0502065562251 0.0493630563835298 5.94246392017942 -0.0625789082286545 1.84757344062325 -0.127884625228475 -0.368916003674488
0.0259011537429178 4.60510246989599 -0.0702839599089402 1.70257096052391 -0.191249422139635 -1.44326213122976 0.0420824198511759 5.51856379828282 -0.0721174596085081 1.42813042256049 -0.136936488871036 -0.710130369561205
0.0243846401687787 4.48486577226077 -0.0720571163035375 1.61389043867145 -0.19182282409863 -1.44873965609119 0.0379233100600106 5.31146506249148 -0.0742496409866202 1.3290453197432 -0.139901138692073 -0.808901253895789
0.0303822808809632 4.61793345180656 -0.0674510518805065 1.62023662933034 -0.191071961390589 -1.59024408616666 0.0429227073401498 5.43051159097154 -0.0710984426421077 1.29840828219946 -0.138839743665529 -0.918756757046632
0.0310991297113252 4.59333058742486 -0.0617352528584962 1.83014217764585 -0.189203343793213 -1.45985799791212 0.0425900100009486 5.38068774046333 -0.0685611415418665 1.3735021188128 -0.136451017515733 -0.811480242335844
0.028949571950887 4.424842922561 -0.0630453201487977 1.72988726122848 -0.196357315199432 -1.64136018552401 0.0413438860881111 5.27363988515201 -0.0704080144206767 1.30639325734719 -0.138655981560657 -0.850379371422576
0.0197189947253756 3.88786657989202 -0.0868080456100522 0.768024995940482 -0.245615476482306 -3.01043127378453 0.0413641457393705 5.16491390835825 -0.0903890592945833 0.583881053562811 -0.161776915671165 -1.58107388848024
0.030256708938157 3.98597729571861 -0.0717720141131508 0.805219886519385 -0.215864789202407 -2.87198829523457 0.0550154768910958 5.57018845338012 -0.0527608217969033 1.39862686266562 -0.118200502847963 -0.786419207167613
0.0300179250282721 3.95713681421259 -0.0756287642722133 0.746283944748228 -0.22624082860228 -2.96808484719588 0.0567505046840326 5.61541795210729 -0.0540933971455737 1.34292577369501 -0.12003452471749 -0.822907111118398
0.029460170458381 3.85838654736858 -0.0766139180087657 0.668682234838527 -0.228515283941554 -3.00978993058976 0.0563785284536039 5.51827675444131 -0.0532297392548342 1.34557311159417 -0.119620389996941 -0.80273851437101
0.0302383617046322 3.83071284270868 -0.0765544192161216 0.657340446448081 -0.228585313477457 -2.96834688997766 0.058086400788492 5.46353493037327 -0.0552951636528067 1.25584557824757 -0.119774683809845 -0.809239868545195
0.030401994163466 3.78062880610435 -0.0765482135231224 0.648525189882664 -0.228575962562901 -2.92151755102454 0.058238516868653 5.3846033670116 -0.0549825599169174 1.25529768668615 -0.119551632244734 -0.7800165399355
0.0301832582690966 3.7153043375825 -0.0766679849685614 0.636986008831328 -0.230863485314094 -2.91181065919366 0.0590773429753005 5.3957994278747 -0.0532964113158896 1.30704318399538 -0.117291796905042 -0.700486389546145
0.028620904936977 3.65969119127837 -0.0779329738382284 0.603597809220556 -0.231365996264418 -2.87531119176274 0.0581864725494727 5.33270017868271 -0.0540936609499552 1.26337550824986 -0.118036983267921 -0.683157925807592
0.0147076709481382 3.03559103659768 -0.091053330538585 0.0901128822860919 -0.230315860127278 -2.95288325583379 0.0429596771095091 4.64090935343182 -0.0799202894545097 0.400549598699424 -0.125538274545223 -0.974772815494302
