"V1" "V2" "V3" "V4" "V5" "V6" "V7" "V8" "V9" "V10" "V11" "V12"
-0.0743362721923773 4.00611221428747 -0.0346717058432433 6.32199870562436 -0.0281266671154123 5.97228714654824 -0.157755614884323 2.43184582749889 -0.178717601715051 1.71062307478276 -0.14119259034559 2.54749022747446
-0.0744257036655029 3.95137005726671 -0.0345725917356974 6.27010158724583 -0.0274136117444095 5.95926503831902 -0.156362329397102 2.36580907552705 -0.17508951114535 1.78661138435685 -0.134783035569006 2.72538255861804
-0.0712058953658579 4.06116681541312 -0.0342702318445944 6.26164099509945 -0.0260862913148634 5.97443916492649 -0.156252332676878 2.35023455544754 -0.174665499749793 1.79243720413344 -0.133972592103845 2.73647071452735
-0.0646982158134346 4.10233774394869 -0.0337307104097562 6.12518878956391 -0.0222540835550655 5.99602406887461 -0.153802814994815 2.31641997983962 -0.170820470579606 1.80883680864449 -0.132741994056592 2.66537564721317
-0.0629961882367123 4.08860202081416 -0.0306663969579481 6.15385970755104 -0.0211266706646491 5.95151926274253 -0.145233029783855 2.5244581984884 -0.163084740275621 2.01758606411048 -0.128138792930309 2.76886914549411
-0.0664610856413435 3.93251164596265 -0.0319596498501238 6.05324277330112 -0.0234868537468478 5.78554839655666 -0.150422167182234 2.28232973768584 -0.170410968524264 1.69037421053696 -0.1383693845891 2.31275611148152
-0.0666178552642667 3.89001170934456 -0.0321663077280629 5.93070735248195 -0.0234868908636308 5.68144606344012 -0.150151031410644 2.24804205260578 -0.169015606187665 1.70810817543123 -0.135773881389027 2.38282595691928
-0.0659753756997727 3.82308373780205 -0.0324721248134798 5.85101709877075 -0.024165711680838 5.55526830740248 -0.151040721857766 2.18278438907344 -0.169368709242939 1.68483774955649 -0.136058314992825 2.31250328276102
-0.0629484638453564 3.90185645639735 -0.0284052369962005 5.96095694843413 -0.0220671736913374 5.57140905934352 -0.149036750760594 2.19816729692153 -0.165659895718837 1.75440833351414 -0.135358331618188 2.29117901143643
-0.0631987574326633 3.86453495682796 -0.0285546454314418 5.88880527472969 -0.0220267704359314 5.52038583444041 -0.148641016987932 2.18265894112205 -0.16582368601717 1.7289888155397 -0.13520575759687 2.26605553788805
-0.0647108150591824 3.66472179546972 -0.0303565354794073 5.71754874737847 -0.0227702200935169 5.4047343969772 -0.151124020021358 2.08565395052026 -0.166560717322081 1.6895593010216 -0.135773347764137 2.20919220638083
-0.0630149999926402 3.78845211362064 -0.0299471484043787 5.74191878786234 -0.0229460292727401 5.3643893032021 -0.148231319922634 2.29500169896623 -0.162262299770994 1.93819530054543 -0.134506950575825 2.26803689372519
-0.0618015763109485 3.86547745028943 -0.0283601188647167 5.79015584451697 -0.0229023936446662 5.31504156470323 -0.148514459058783 2.26860708525953 -0.163520281975517 1.89744740856893 -0.135022280257062 2.23184894895915
-0.0608329667452499 3.86149637369771 -0.0282940775444998 5.73875405816877 -0.0228402718357597 5.26692935457328 -0.148322534913842 2.25150652137177 -0.163484278006343 1.89830665195479 -0.13475879263474 2.22162571585878
-0.0627322997907522 3.7364296128683 -0.0288972678218204 5.64883851241409 -0.023494807189961 5.19048051637221 -0.148068647342182 2.24137479638506 -0.162388294153079 1.92373144875067 -0.13453207775961 2.1971984787475
-0.0631921260735773 3.72384810506517 -0.0291746997140048 5.61232444199722 -0.0249497278342037 5.09880712763497 -0.145267520905695 2.33382760672752 -0.159389945756504 2.07635287287979 -0.13121463053721 2.42297958609121
-0.0627012727147602 3.71101926377741 -0.0279381917443495 5.60994879832842 -0.0240937425541665 5.06795828953826 -0.144704258347997 2.33698635356738 -0.158875970109437 2.07175541396814 -0.130353208228823 2.43207286696574
-0.0632298234480475 3.6456554103754 -0.0260169017234766 5.64859899851897 -0.0240714206083741 5.01754512169856 -0.140174306496295 2.45707766514192 -0.148131045346814 2.39123993658314 -0.127835832572857 2.50302592094384
-0.0631292548285121 3.62887444353839 -0.0282717879739487 5.48036871608541 -0.0245398957800909 4.94512758554137 -0.138046047175443 2.4909188280147 -0.148226593668355 2.31868474040615 -0.126548246213389 2.5159394081436
-0.0646127417129538 3.5655227379901 -0.029792127801864 5.34314369618575 -0.0244498447158898 4.90316669077146 -0.14009337872702 2.44044634733225 -0.149886420328309 2.26842970439894 -0.12615129543101 2.58314106982496
-0.0641482756087863 3.56224663319472 -0.0302587439045514 5.24586999360797 -0.0240278532921334 4.86225740807949 -0.13731638057373 2.49065505237042 -0.148734813344714 2.26083184773822 -0.125378792963032 2.57334056950873
-0.0645743422222973 3.5018506150155 -0.0307414729474678 5.18199306380721 -0.0238961874122685 4.83186278871396 -0.135489165363577 2.65901059065724 -0.142055397800337 2.5050396413559 -0.123795910265768 2.65882635847209
-0.0667909188818436 3.28584956439867 -0.0307478564670496 5.08006618589862 -0.0237287061875755 4.77131346519746 -0.125216462663166 2.95696168545781 -0.13740808353166 2.54640777542762 -0.123062946820146 2.63546818670137
-0.0664375879793222 3.25757596363041 -0.0307300126548125 5.02703873920688 -0.0243916709849898 4.70977530157187 -0.125274619071492 2.92545564671061 -0.137068970974076 2.53389066672966 -0.123214679322179 2.60222794847394
-0.0662911844819796 3.22898672710189 -0.0303761504916784 4.99348425614644 -0.0248662444294048 4.62417765772211 -0.126706188019623 3.43618899327905 -0.131373020832565 2.84694292834372 -0.11936693467245 2.73388483070804
-0.0661600482908966 3.18843121590223 -0.0304714746759529 4.94245325199643 -0.0286753586782078 4.39561585966925 -0.127639235678797 3.46312681543171 -0.133123712070496 2.75570464350513 -0.118334042538795 2.72216656120588
-0.081890284112321 3.58646728966424 -0.0318647801059897 5.86664402950604 -0.0312872049666471 5.1181905861192 -0.156302540013786 3.80766901915037 -0.156832683052829 3.29745278963758 -0.132294148039565 3.2527863470093
-0.0812664792139084 3.60906140881444 -0.04091057079379 5.36420951384109 -0.0378087740841624 4.8092280130899 -0.155112004777484 3.72202374170255 -0.155926073257786 3.27976790400575 -0.131473029534995 3.25737831140434
-0.0665240551699495 4.17595087573719 -0.035808618361163 5.56847504555563 -0.0302967279403641 5.15675528559094 -0.151047007345437 3.65499309375299 -0.140356867285931 3.60762267948239 -0.125517845258422 3.35640732137111
-0.0843850455181046 3.48636194626914 -0.0508455780844768 4.99407405210408 -0.0443704617531886 4.90271778278772 -0.161178258700072 3.18968880134695 -0.144783151793955 3.53745968787151 -0.123172938817222 3.70018931443704
-0.0674982461133076 4.26628177554462 -0.0158632807513766 6.55854535611053 -0.0181729591764717 6.18228297812346 -0.141063275671111 4.02986948927648 -0.121673934073957 4.60335101957873 -0.095378078862328 4.89288045414327
-0.0714597650417264 3.98438661378589 -0.0169833285688599 6.42500521492254 -0.0188237243555098 6.07845948178657 -0.144274255219573 3.79371886945211 -0.123063058310666 4.3958238281557 -0.0956255514377802 4.82791631932619
-0.0756690333284777 3.52444237954901 -0.0216564145172549 5.84235412530423 -0.0205373030511533 5.38907766934442 -0.152897457989565 3.60099610375698 -0.123436791539601 4.3774317713407 -0.10285113116391 4.49220607788685
-0.0917412656965388 2.97606864706177 -0.0395479826514769 5.09058064894331 -0.0315240510495747 4.92124791713609 -0.191288447967447 2.44086011160027 -0.14471819867078 3.76698757269694 -0.12679456358494 3.71884256746868
-0.12020744682004 1.75269595055848 -0.0717815603603389 3.57218299512558 -0.0449718056180137 4.17556722212593 -0.205520666846794 1.42372836936897 -0.168957812327131 2.73260452782568 -0.119912498928908 3.64031301529273
-0.121809023935396 1.67759922743401 -0.0730441230739605 3.46534084466726 -0.0471307907265091 4.10055058788949 -0.203015326706449 1.39718626844004 -0.174236708972068 2.54418578947374 -0.13062613509718 3.30756484816115
-0.140375372730137 1.3458231386438 -0.0952460310578447 3.01372894034873 -0.0604241061432718 3.93093401280694 -0.213207120784173 1.26774374119726 -0.196373349394928 2.75471681199177 -0.137782984043121 3.57969959250589
-0.151316061959129 0.928179802395622 -0.103044132495808 2.7200177958089 -0.0673820788931501 3.64948441037888 -0.258396996547601 -0.0186763993193683 -0.229184934396518 1.84212131498596 -0.157193699390465 2.96491633916332
-0.194552052369054 -1.11539387733135 -0.173559135770697 -0.18957403004109 -0.161396128330641 0.459864334848156 -0.301905265996198 -2.61043400414343 -0.357439737325673 -2.65585834524959 -0.396945420912511 -2.63393388773347
-0.210678494455663 -1.72524787244467 -0.187362330272881 -0.84134837084948 -0.176401057098114 -0.262892336950236 -0.302664110352467 -2.87907423548453 -0.371358529677246 -3.17425074652029 -0.407487378651412 -3.1716705140011
-0.210322423875519 -1.69401909585957 -0.186760187390711 -0.802775625208145 -0.176288218487471 -0.206200854583962 -0.301553068599368 -2.7821725503042 -0.372567466658741 -3.14963659301658 -0.410100013183578 -3.17431437641089
-0.203315788696955 -1.53710512487701 -0.17908628294995 -0.658805418812575 -0.178834314500286 -0.371624923330723 -0.300318891625496 -2.74374112735787 -0.364289117092596 -2.96576913605882 -0.428793466015032 -3.45019224096749
-0.202908440134649 -1.51055957635427 -0.177333900095579 -0.608495817089291 -0.177051542765625 -0.317485095257457 -0.300144157603603 -2.75951785726952 -0.368101312123361 -3.02643389918803 -0.426836630147856 -3.41296496817757
-0.20356070749098 -1.61676218556812 -0.181672054252191 -0.794614717267146 -0.181163166414809 -0.495143871166385 -0.322301233364308 -3.36353397282699 -0.407005890229719 -3.90460427354663 -0.46336066351861 -4.00000787566608
-0.23343333177274 -2.27772499639013 -0.241933308225869 -2.00452288605436 -0.263235691490577 -1.92860867835203 -0.364284442293483 -3.74302873986792 -0.456431569945186 -4.46630454197394 -0.549936276057617 -4.66956231078477
-0.233402871355412 -2.77767829744237 -0.232027175827699 -2.46269785554572 -0.307023586335672 -3.76606986048289 -0.279844212134533 -2.21193952031954 -0.357361976169308 -3.02493190708428 -0.461347969216805 -4.02526470389919
-0.240025800752477 -2.82758255696346 -0.252415850896038 -2.63825253204714 -0.339246018563809 -4.02739432046737 -0.276991781026158 -2.03401931019607 -0.35624873621737 -2.84799825826567 -0.471425093255892 -3.78333492259651
-0.235490965387008 -2.72947579450906 -0.237734921940103 -2.30667513244403 -0.314803472069503 -3.50498368053945 -0.273397012472021 -1.9366199267345 -0.352151683017307 -2.73160866215244 -0.46136251937473 -3.56861497200729
-0.235447668409865 -2.68500446218419 -0.238880089179686 -2.2890135918382 -0.318102649211475 -3.47993528334961 -0.273506848635811 -1.90708546303463 -0.355647158360426 -2.69030523383011 -0.463424247709186 -3.53873594888482
-0.234491695305521 -2.60931658783556 -0.238558716641788 -2.25190619226859 -0.31596413102668 -3.38949135275213 -0.272889211439715 -1.8332085561488 -0.354904163405772 -2.62123035387838 -0.468566289174119 -3.53598138146464
-0.233754849529328 -2.55888477656166 -0.238479948420171 -2.22024351959474 -0.317339789512626 -3.36921901213745 -0.264561485740545 -1.65299602918406 -0.35172428161464 -2.61161516008654 -0.468753857976928 -3.54837776286508
-0.236882541643662 -2.53790985523437 -0.241384683457889 -2.21530993001652 -0.319024078392846 -3.3331235485767 -0.258453119623697 -1.3954688641809 -0.353328323652491 -2.37493402945154 -0.467677283503759 -3.47689229733557
-0.252594461741457 -2.97455534724128 -0.276853550173914 -3.12275425986363 -0.361772739031598 -4.27068513631088 -0.292085582298228 -2.07047256845013 -0.386750346980379 -3.08871427062231 -0.515057796100212 -4.21760831338527
