"V1" "V2" "V3" "V4" "V5" "V6" "V7" "V8" "V9" "V10" "V11" "V12"
-0.209714336766953 -1.9335984629509 -0.302523429026629 -2.77640154605709 -0.297984087248491 -1.49190866555503 -0.162247040074303 2.68835167461066 -0.214776231493469 3.02442915785396 -0.291726652617478 -2.37601064833207
-0.204039558997271 -1.79527890974385 -0.295033134170874 -2.59610230654923 -0.287231879268588 -1.20674968971341 -0.159751346535919 2.68537982119097 -0.21228930460079 3.01634457513488 -0.286844564290757 -2.1952709987185
-0.204319862335128 -1.80936087840098 -0.295887085601213 -2.63467697506728 -0.288604242485706 -1.27381519946474 -0.160297945968155 2.66860372144164 -0.213743308011816 2.97308681936288 -0.287454134637362 -2.16105001424615
-0.207060886463123 -1.91070692375561 -0.299845715681968 -2.76168722197647 -0.294260730076767 -1.46140522353785 -0.163715947534142 2.49898471309033 -0.218770962424561 2.70539540404053 -0.291855725785344 -2.36976398054476
-0.209212525580764 -1.95912303093695 -0.304093360995347 -2.84139898428935 -0.300638640157736 -1.59505539450605 -0.166591210627846 2.33533822550416 -0.224025570809769 2.44627616843501 -0.297481126063817 -2.51582091683365
-0.20951814329447 -1.95397072977905 -0.305346784331943 -2.85312926817291 -0.301239738319631 -1.60700286891528 -0.163872076744383 2.43703731568586 -0.222464931525402 2.44525325040509 -0.296389531606172 -2.49296617466387
-0.209452544121574 -1.94909939734941 -0.306215603912279 -2.86683946103215 -0.301978681141862 -1.62452150671907 -0.163224541855236 2.44266341345452 -0.220871066144976 2.47488811274418 -0.294694453481096 -2.42718393091792
-0.20701343011356 -1.84767162667516 -0.303776195200762 -2.78553194225574 -0.300201306790745 -1.56285170903939 -0.154441447292716 2.70520244466862 -0.208837814355205 2.81193056775351 -0.288779212395283 -2.26670610541137
-0.207755003821718 -1.75904556172983 -0.306191816182037 -2.64589890742312 -0.301515103163415 -1.38733486634425 -0.155500718425973 2.68372543867526 -0.211126201568979 2.81566092513772 -0.290168367614624 -2.20112864016028
-0.197370461554801 -1.52415336623931 -0.290425332921257 -2.2783711536232 -0.287696447032962 -1.10053965880719 -0.14397399215081 3.05026989927998 -0.19605345849652 3.39897575650579 -0.282698125288127 -1.95990629213532
-0.195764720817109 -1.54604270952568 -0.287804745153715 -2.32827288505304 -0.285030950720716 -1.14995081163712 -0.142988396569032 3.01526238119154 -0.191449068240696 3.4139833471993 -0.276958166280747 -1.83244457501932
-0.197411439960698 -1.56215464381157 -0.290638426198278 -2.35467864268804 -0.286800645994351 -1.16383537146016 -0.146592856142383 2.8350828138113 -0.196246946073869 3.19025326393829 -0.280768900479379 -1.92478331166255
-0.198381879588407 -1.5871249007993 -0.292895530159106 -2.40851005593177 -0.28968362367551 -1.25414304339711 -0.148627698629476 2.72651575058337 -0.202168471639741 2.95150042584784 -0.284532625890393 -2.04020834895703
-0.198596432270715 -1.58124046921268 -0.293225981324119 -2.40037038307173 -0.289947872079632 -1.25264455581486 -0.149944054533678 2.65200764966873 -0.203704965167273 2.89873279806294 -0.2852717327974 -2.02833051647311
-0.189488028132414 -1.27964109008835 -0.281833936531949 -2.02326533896632 -0.279193257691031 -0.893651186993812 -0.139391437249718 3.10790573293133 -0.190206722415382 3.50456919290717 -0.274321000312583 -1.618564215251
-0.188885744247609 -1.2366154467841 -0.282025990204135 -1.98963376659983 -0.279482165452496 -0.879615994019539 -0.138009869967911 3.04690104258846 -0.190682838081798 3.3657518659838 -0.275555072224658 -1.68502180975685
-0.192738280267943 -1.27346091667768 -0.290637635703999 -2.0665374187188 -0.286256007465343 -0.928194159561908 -0.131893258448865 3.37473969286523 -0.184145942296825 3.70392908042015 -0.271644755480224 -1.5092756916293
-0.200868939124156 -1.56564490337833 -0.305157383040103 -2.47804682359521 -0.303349841011429 -1.40964019528639 -0.156786559410431 2.42631023108822 -0.208417774264445 2.76542296285634 -0.288861862940424 -2.02778345877664
-0.199711037967411 -1.52147615367926 -0.305333277365315 -2.46844274225418 -0.302822339298381 -1.40465021264556 -0.16063928019903 2.13078268818565 -0.209535726154062 2.68172136780968 -0.288373569161136 -2.02029652366167
-0.200587811291526 -1.49178378089647 -0.308684062506627 -2.45867259948474 -0.305620598997884 -1.42183742653231 -0.159180590272587 2.18792912551535 -0.205349134462337 2.80038343067048 -0.286047512220842 -1.93542800578776
-0.199354084930561 -1.51604229669791 -0.308327653974322 -2.5417956047948 -0.306907025267772 -1.6250539101491 -0.145454655547629 2.44801359875926 -0.186374526067141 3.18697786954082 -0.272291895044297 -1.64887012169132
-0.224575214473914 -2.24038723899801 -0.349205564728672 -3.494757666659 -0.338730330964832 -2.37621518111304 -0.174676088156324 1.54863285517543 -0.214770986406089 2.30982598699127 -0.285151854469561 -1.93010179145228
-0.223494382161207 -2.17756319411568 -0.348155470550655 -3.4219255774132 -0.338282114132845 -2.31785503849019 -0.179973718881107 1.40763278757394 -0.218727889216977 2.23222177422888 -0.285876831815709 -1.89370505158116
-0.225686201424867 -2.13210323216291 -0.355102893645138 -3.38723187130389 -0.345718855218257 -2.28296041942613 -0.179988647123252 1.39438314988447 -0.218972973180323 2.26713875148535 -0.285788047178925 -1.82144903782387
-0.239173272958831 -2.62545713500363 -0.381635910254565 -4.1538897175797 -0.371393859983899 -3.05654686084509 -0.186161322722917 1.31931683499075 -0.237433310187617 1.79852708338157 -0.30182434719788 -2.18815361162094
-0.227414829113789 -2.12250789017374 -0.372918541690058 -3.57739933032188 -0.360945036282554 -2.46343518849099 -0.185635424966329 1.32028590546616 -0.239323381996968 1.68634424122151 -0.308419542361857 -2.33853091675775
-0.226685153570225 -2.08163043966091 -0.371636181496049 -3.51752642499228 -0.36005339577677 -2.44884154900868 -0.185837943531427 1.47632879277202 -0.24512992925916 1.69785511964681 -0.310147960858519 -2.32950691198969
-0.255069167628722 -2.75470264729092 -0.430359077133696 -4.63868637374972 -0.422737414734753 -3.6708522115112 -0.190521861773944 1.24287435426256 -0.267242742059342 0.795169936398468 -0.361374917608754 -3.68871363427234
-0.265183417331284 -2.86989747820964 -0.463511607379024 -4.90534616264427 -0.445491080283748 -3.86148478645759 -0.192189681050805 1.21148439981289 -0.272069500450927 0.871972938002773 -0.367733067028353 -3.59807271695216
-0.243022862265547 -1.73223361512889 -0.448445697710388 -3.40631606678992 -0.424670425580485 -2.29744130101752 -0.18758766084141 1.4699219872507 -0.259785195806284 1.67164889763959 -0.360303131864423 -3.0226556563031
-0.226569856247884 -1.31861135993802 -0.419593651072865 -2.82292745863296 -0.387156024672392 -1.5171258500722 -0.177388440212577 1.54769502749283 -0.242248585593896 1.83552095655253 -0.332548465319388 -2.65985894439034
-0.232926842510538 -1.41580723957877 -0.431950319037606 -2.9097333450633 -0.39391722700714 -1.52214852326051 -0.167710627528288 1.89306449807803 -0.229409690738119 2.3138256193328 -0.322279554962003 -2.40300861681719
-0.233908381130072 -1.56588169688294 -0.430565510848826 -3.11254767431932 -0.402836796058842 -1.96336598450454 -0.166702970201243 1.83895040866639 -0.224993498628744 2.22527990423445 -0.328220773274082 -2.69364365709263
-0.236416581533397 -1.78115127362964 -0.430269947078657 -3.33419767734251 -0.404466621898784 -2.24052477376481 -0.173144583866645 1.48381077077251 -0.233245410681912 1.77291841533356 -0.329326730507029 -2.82284423848029
-0.21364647556882 -1.56896388730881 -0.386079510887545 -2.99886029378166 -0.35869443169402 -1.94605946253256 -0.148911100836501 1.64244884835993 -0.197392672418571 2.15595203744181 -0.30453041075399 -2.65235968598129
-0.21118737532816 -1.54692508418643 -0.381683755238755 -2.94527921315508 -0.356499672113347 -1.95358283314876 -0.143201323055897 1.67292297323732 -0.199802179117629 1.97021225430507 -0.307168456722844 -2.71501713837233
-0.217627712135896 -1.74333618064448 -0.394240329666224 -3.20296000375349 -0.376693517736048 -2.40801273219049 -0.162776093749383 0.946138001377683 -0.222247496133625 1.06167437913773 -0.338498931454156 -3.48493634692538
-0.220157124127969 -1.78719394007851 -0.397643097103915 -3.224709011797 -0.383660965899443 -2.49298742365941 -0.162970392665925 0.775271445720096 -0.222259703484714 0.914929338109339 -0.351867165935323 -3.76532522076504
-0.261914200938585 -3.01352842254827 -0.445617943769728 -4.50497291796772 -0.459199734401923 -4.39759876709229 -0.222553972909862 -1.27218616860232 -0.345364044594774 -2.5782555868087 -0.471269506501528 -6.3265050332378
-0.267242624346395 -3.16802361098318 -0.464560354605361 -4.90064443474649 -0.481923606844677 -4.88875708923245 -0.228562764325319 -1.56512968450802 -0.352383674069791 -2.9221310150721 -0.484331380875925 -6.64867825751568
-0.273798213587822 -3.33705319458605 -0.475292034846493 -5.11171724231659 -0.483786601920053 -4.93721904691365 -0.23254458460329 -1.6994630092848 -0.362598694645348 -3.14933071315315 -0.487233989806376 -6.65160980789078
-0.26622306425724 -3.17423188197313 -0.466183434747427 -4.97196717158699 -0.474447251006801 -4.84553109662173 -0.227464244746108 -1.60082854307453 -0.355058113245403 -3.07464911276151 -0.470314156613134 -6.40330266937171
-0.276236875253981 -3.42464957579775 -0.462768037052406 -4.94562248174774 -0.467215921881462 -4.7536896884078 -0.222707218912465 -1.52311359404997 -0.343392929333846 -2.81961714559693 -0.462368720362145 -6.21604730309839
-0.295698022169058 -3.63378075473955 -0.491284981047478 -5.19471650980575 -0.513238213033166 -5.15938457911906 -0.23859090805216 -1.69119590852568 -0.378638261987585 -3.14978486328005 -0.515169697473037 -6.6321024052885
-0.318686756693884 -4.34155212728808 -0.539940653146179 -6.34345252717716 -0.580873065237 -6.55656634760992 -0.243890800728356 -1.99939335348632 -0.387698884687607 -3.53168081659277 -0.551864023271577 -7.24550740584919
-0.283208353087383 -3.94788943287634 -0.482710144789607 -5.86734462932871 -0.507840907370662 -5.95183210194794 -0.200037428500113 -1.39516552497596 -0.310895266320497 -2.71548511746872 -0.469499649286951 -6.50025271194961
-0.342762948558563 -4.73476062417671 -0.556022474751687 -6.60718167807125 -0.562910579351644 -6.48633526887684 -0.214951209422721 -1.61967965177929 -0.32178162726809 -2.8444573207393 -0.506525486326056 -6.81966071634681
-0.346864666027056 -4.73708975839562 -0.572000590673373 -6.67230661543826 -0.583080442257854 -6.59940552181789 -0.223759855669295 -1.6472279287163 -0.3400652167175 -2.96337337978002 -0.529661551450645 -6.97458813380035
-0.353748393280964 -4.76312769333133 -0.58946153438257 -6.75519780951815 -0.587515369764382 -6.56056617892261 -0.225289485210906 -1.64199565613704 -0.340088630476163 -2.91953029095269 -0.542511518735983 -6.97095235196224
-0.35214090721267 -4.6095204622143 -0.586911961024552 -6.59528679429961 -0.585131416265513 -6.42671175610107 -0.219682743127472 -1.38597625609921 -0.333179666137879 -2.70812234033184 -0.545932833227877 -6.81356688488123
-0.358076187793078 -4.73181900144599 -0.584757717002973 -6.58161440762136 -0.578602533384694 -6.27881795008356 -0.239393342402362 -1.72375613505924 -0.336592943289078 -2.73201954890877 -0.557258910240716 -6.82650980436243
-0.355172431234072 -4.61976385259498 -0.584451005797377 -6.51275523148242 -0.585898835928265 -6.29154641123039 -0.262716544869133 -1.87697524001362 -0.334439927909876 -2.64373893142135 -0.568833122268492 -6.84896288091261
-0.330109072975603 -4.3687626802591 -0.547547679638893 -6.0996553629895 -0.542894790639032 -5.74169905685586 -0.26708284419807 -2.43631180529011 -0.410473230229513 -4.19376642440233 -0.524466374785625 -6.23978223835498
