"V1" "V2" "V3" "V4" "V5" "V6" "V7" "V8" "V9" "V10" "V11" "V12"
-0.000328957277327957 6.66879542772196 -0.121736597571903 2.46383340377509 -0.222797447628289 -0.772630861329475 -0.0523179056050713 7.28015242173646 -0.0768451138624762 6.18065449721275 -0.159696278901587 3.25100022117315
0.000942181627986316 6.58915185367955 -0.118296991331682 2.48122679241602 -0.217256994057983 -0.675266373107807 -0.0524448587662112 7.15107107310115 -0.0775529898022063 6.03095235992932 -0.158271140060344 3.25749119272959
0.00054912048088962 6.50868938435388 -0.119544678143666 2.41862663607819 -0.218654557210362 -0.705385991568974 -0.0526083314191328 7.1032203095041 -0.077599225878286 5.99357625026029 -0.157386851579658 3.29081830699288
0.000383553840080042 6.39556214840288 -0.117708526235538 2.3873629173424 -0.216204101024274 -0.782286143796021 -0.0546973599732479 6.88936051239593 -0.0792160738507335 5.76819017254277 -0.158380513383806 2.98512212110669
0.00156459674282483 6.41801590504543 -0.11492410910528 2.52810298057579 -0.211347161009315 -0.532759242622641 -0.0551775077297978 6.82821823219194 -0.0788430651618217 5.77901411748428 -0.157978993560108 3.04081521612857
0.00162418081839455 6.36880675435534 -0.116006260841123 2.47725671528184 -0.213016439975634 -0.605444081652145 -0.0535449368002521 6.82815851670693 -0.0789232011689494 5.6842988684092 -0.158060960718516 2.89515069204119
0.00238138494528684 6.35104354518605 -0.1151428928159 2.47941103816228 -0.212711523958 -0.586726529067546 -0.0528317688238282 6.77394969771281 -0.0779384081183832 5.61577398618096 -0.156992668697392 2.87396189869293
0.00294855784827863 6.32424121554484 -0.114742798011265 2.48011353735989 -0.212156726578891 -0.559663646922421 -0.0457016292882217 6.97895538503407 -0.0718244704097635 5.77673881880336 -0.151365480853559 2.98510453933721
0.00518854466270513 6.44346828393791 -0.111342294840208 2.71669794589321 -0.206745860006062 -0.254186163735694 -0.0450270178310663 6.97553811330111 -0.0693651823117012 5.89452951582679 -0.14848190923981 3.11411355618194
0.00712331954533796 6.36617102535968 -0.106939568906184 2.68638494014529 -0.202078293041972 -0.263742877051209 -0.0372943730103132 7.16583840791823 -0.0613778668691973 6.10798954058385 -0.142747413766904 3.22528680955754
0.0056992192600358 6.17026406916622 -0.107781352691637 2.49885880008773 -0.200632618257599 -0.374791085993973 -0.0367515490254737 7.05469839744358 -0.0593623500988225 6.05438256437236 -0.135797293081907 3.30502217008432
0.00574046004033069 6.16835281871891 -0.107233114625263 2.55255989324904 -0.200932354525428 -0.337928581427841 -0.0399141701064178 6.83304937338535 -0.0624148378755505 5.8540109686611 -0.13843090463975 3.18792002226077
0.00651556307705103 6.14501217474647 -0.106361023043522 2.5675389248321 -0.201361959079075 -0.357519636322452 -0.0397376104069673 6.75586511217768 -0.0619571938025176 5.77935559597636 -0.138681665728232 3.11658311896952
0.00655902537757325 6.08859191688534 -0.106293458185201 2.54556259138449 -0.201062254318177 -0.34107017618711 -0.0407361527899719 6.63584239922772 -0.0643060782418388 5.61211003204722 -0.139511293466034 3.05948125283305
0.00891795222150182 6.06322808660226 -0.105827598502706 2.45195889879608 -0.198120620680647 -0.297241629612141 -0.0355760453121738 6.78590426701105 -0.0610548255350642 5.65705336419407 -0.134339921672044 3.21698984644863
0.00852601287911725 5.97068370414177 -0.106105143882901 2.41287568800855 -0.19833253991126 -0.294515057082822 -0.0373880218547118 6.54929394086602 -0.0658575264350816 5.34506326767657 -0.139189099382866 3.02757092608947
0.00868751259004241 5.93295243307476 -0.106634419766671 2.37718436480095 -0.198240610777691 -0.270464763171448 -0.0329703856296248 6.69451738722195 -0.0624656147940883 5.40353607312802 -0.136288260051672 3.07985043923727
0.00783246936728454 5.81759856519735 -0.106865269260072 2.34190684662674 -0.199474335284863 -0.309547425839067 -0.0412432122032769 6.22069353628214 -0.0666419978495636 5.14441614710328 -0.140213812967473 2.85383319894479
0.00762150474781464 5.7128895543545 -0.106641727547407 2.27800451846104 -0.199596119772226 -0.383083844601055 -0.0403794488915512 5.97423535816564 -0.064717335789463 5.00496338328372 -0.137201336243038 2.81161586977099
0.00713174831417551 5.65113549843866 -0.107245720162625 2.23889040328957 -0.200288607843761 -0.397300762766566 -0.040275072470487 5.92001597203349 -0.0644663737992797 4.96121814664246 -0.136556300519141 2.80064355454575
0.00574134049742503 5.48850009440976 -0.10881984709375 2.1501373873783 -0.201671597530138 -0.481131095564202 -0.0350914678632739 5.92823085566642 -0.058583331753413 5.01383099313033 -0.132353267615816 2.81600842265347
0.000276324440903197 5.17687896208127 -0.120690809640596 1.76275671347828 -0.215595768308813 -0.836738464734035 -0.0504533250275192 5.23699290257715 -0.0701103918088779 4.52562357195156 -0.141033327922575 2.53199247623066
0.00134352604696863 5.12301016049363 -0.114201304107541 1.89337139326925 -0.207369644309443 -0.621326898358515 -0.0508440165509947 5.23020991284791 -0.0679950932178504 4.63723283075211 -0.138084317833676 2.65934964807686
0.00206414576632996 5.12789610976883 -0.114327870569378 1.91088099495519 -0.209323185507151 -0.617589739828941 -0.0507300760424054 5.18465104433219 -0.0680434945947821 4.58833573823808 -0.138199862781085 2.62651984279584
0.000673426151858281 4.96668904768091 -0.120087066177635 1.60391838505407 -0.216196698675659 -0.897695792690764 -0.0512243777154702 5.28608397049189 -0.0703210537364309 4.66315536447414 -0.145737594969109 2.4648652688942
0.000855319050227288 4.88081445691226 -0.11782814118966 1.59125792391861 -0.210734685596116 -0.747851259992729 -0.0479720047585641 5.43331619467906 -0.0659980560470839 4.91423084464447 -0.139429141219634 2.73300228112992
0.00156986110068613 4.89142708664157 -0.119592159063992 1.62144801858108 -0.215084093641139 -0.8125871651412 -0.0400363895303493 5.9599813529043 -0.059975648952479 5.39439617423546 -0.138181151424598 2.90809322712632
-0.0031903159842579 4.66842354449137 -0.127843036298386 1.42783122885554 -0.237339226217516 -1.32834230244446 -0.0418731363125671 5.68208802894301 -0.0584589788651289 5.21836989559957 -0.147860241434205 2.40548870172791
-0.00253745810941131 4.66517956556323 -0.126533414920306 1.5257927111831 -0.23753741509667 -1.23517311988016 -0.0417662897227724 5.61988633345724 -0.0576301004522608 5.18084341126669 -0.147416796511505 2.37057746161138
0.00245864777879468 4.83276904127218 -0.119133732079414 1.75111836051892 -0.228295065597271 -0.857212958351666 -0.0379372888926386 5.79191312109859 -0.0558953863829736 5.21955286212322 -0.145256006448387 2.48022437587346
0.0160691808619001 5.37241891797183 -0.101236963930661 2.44189629548232 -0.193183402326796 0.288433215269092 -0.0103016150994362 6.7929546267354 -0.0240112195057318 6.43701533607295 -0.108066015331689 3.74030749169402
0.0205575018327785 5.49467118117949 -0.092296659970277 2.66175827904893 -0.183472906081905 0.580528453713942 -0.0102036860086849 6.71051004317794 -0.0227446626316177 6.47074920808056 -0.108536841098194 3.8001446154125
0.0219354314354016 5.4875203837773 -0.090330820851461 2.68848312823205 -0.18208757969898 0.580085884380477 -0.0101898423020381 6.62921668945145 -0.023064345389936 6.37881986407795 -0.108498908180643 3.75366675451325
0.0251404430627055 5.4793116796689 -0.0883342231151627 2.6050971982735 -0.174133387419636 0.619932107344615 -0.0109437691691867 6.34208346188224 -0.0188811080344573 6.29691700645172 -0.100555534687467 3.83564361186763
0.0220780458340466 5.09506939903291 -0.101228396205444 1.87122718579858 -0.183574190078299 -0.00295823299481507 -0.00245347564934573 6.24864996835667 -0.0102030287850106 6.23721793714211 -0.0994454820319857 3.4952469030814
0.0208342844853764 4.96495572907615 -0.103735633583422 1.75775505034076 -0.18769205861947 -0.121882180125157 0.00134972687119428 6.23594511826342 -0.00963814734559576 6.13717763301414 -0.0972069905862207 3.52299582080916
0.00233089635694217 4.28160205665196 -0.149121189294287 0.603837894968703 -0.236672306212833 -1.24754819713504 -0.0241951534278495 5.14511753149805 -0.0651225676154088 4.19928707841791 -0.170788204614926 1.72973060006393
0.00105010285011364 4.14414402004689 -0.1508828529244 0.529240955568246 -0.240115547961339 -1.31393872436256 -0.0266852124988166 4.84791672765908 -0.0706572782004968 3.79241501826787 -0.196997283622592 0.978540033917043
-0.00606134657165791 3.38506303857443 -0.176682837457997 -1.01702456428692 -0.296989505096807 -3.48255575003767 -0.0666010823998548 2.75608175446547 -0.125443048170539 0.911417882165166 -0.279715520766191 -2.1282478834489
-0.00842140094451627 3.24020889812689 -0.185339833341075 -1.26594428113923 -0.307306940562224 -3.70288133431799 -0.0728354350309262 2.42710456367014 -0.13488771930154 0.558491454012932 -0.294598255609265 -2.52205571507946
-0.010220541102508 3.10053349035184 -0.185900657946551 -1.29632328941465 -0.30611052631577 -3.64912894465996 -0.0776742865428413 2.19144377377606 -0.138435096297264 0.39618709927399 -0.296090275827354 -2.57730795221284
-0.00325698369568106 3.25404031703676 -0.180539877197033 -1.28276229819116 -0.304386865539156 -3.7343725091544 -0.0737200405872913 2.23180696149573 -0.134500750466096 0.37265029401509 -0.292319228584298 -2.69141140129422
-0.00400673717089961 3.11055903416778 -0.172729169920773 -1.13563956926045 -0.298276904075256 -3.59511122909888 -0.0673200687728963 2.38491674398499 -0.125637832316527 0.581689044683085 -0.279366309488329 -2.37441398782967
-0.00648366555085644 2.98419659597863 -0.178878026259999 -1.27749392746228 -0.317773533023661 -3.88769566679055 -0.070269340870174 2.29230611322003 -0.127566788090062 0.529657460005721 -0.285082830642248 -2.41424545045065
-0.0182609296726344 2.37859699355986 -0.218605301836947 -2.50062088974898 -0.385078237973206 -5.37121368813755 -0.0735993470161149 2.01076809883718 -0.145909091884473 -0.166083871654346 -0.310864005000058 -3.16369800232145
-0.00375390561135713 2.5172230485796 -0.185917494648258 -2.23327454739361 -0.337400774182496 -5.12801197883291 -0.0351160559135291 2.86614982765391 -0.0889137694228788 1.00077006063934 -0.225758253384104 -1.83573447245909
-0.00722656437166735 2.4260152481642 -0.198550875987939 -2.4346912618043 -0.36597157133436 -5.44102547881787 -0.0388548107191227 2.75170754701258 -0.0913834529596189 0.914838866290295 -0.233074821579709 -1.93963587376292
-0.00863328399090757 2.34594532471627 -0.205319028961872 -2.55417193201644 -0.376796061440448 -5.54937934269387 -0.0370120468657869 2.79744010759847 -0.0917513625639788 0.900911211120968 -0.234628074538356 -1.92638237248805
-0.00885923377264075 2.32547230708576 -0.208104975249259 -2.55351316789917 -0.378909276975951 -5.49330286449298 -0.0363440593502411 2.77796865757888 -0.0915867131000552 0.888217470251423 -0.234056817226415 -1.86508879353254
-0.00741290443152143 2.34656905879678 -0.207850026449833 -2.50034281609346 -0.378342679817559 -5.40029124756014 -0.0344797254226854 2.80593661473849 -0.0915125305526165 0.875325183654498 -0.233580421471746 -1.82199557266931
-0.00793655527400094 2.28868517901653 -0.207689807506384 -2.46045520515233 -0.378043490650081 -5.30309262737894 -0.038369770298111 2.70873479999507 -0.0910925773479325 0.880641840548114 -0.232542602150738 -1.76895663426145
-0.00392612234574297 2.4260576967561 -0.206293764175842 -2.39663616488403 -0.384097102469248 -5.33704711603396 -0.0373512657774231 2.8771797130711 -0.0909406354463205 0.883019675986569 -0.237417254722841 -1.81749469663358
-0.0166470888497006 1.82229444800648 -0.207555368014228 -2.60850615880389 -0.367448962092674 -5.15036683096422 -0.0690430788775038 1.626507038806 -0.132992853516596 -0.41081142482463 -0.251622785577538 -2.31132560001712
