"y" "prf" "prfm" "" ""
0.0353671438372913 0.00427755581546325 0.0026223333300297 196809 -1.64212823066765
-0.000200020002667045 0.0184387151914166 0.00314209222697036 196810 -1.65199065561159
0.0488853977298107 0.0157702824121422 0.00308987172338228 196811 -1.62510374276676
-0.04468360762664 0.0229743917558966 0.00379441827732733 196812 -1.7080284177281
-0.0179603253769929 0.013075590905498 0.00305990273332783 196901 -1.53239596246288
-0.0650719967437148 0.00634125314931779 0.00274616798541259 196902 -1.4910610112516
0.0215657779145606 -0.00869101994677808 0.00174884203351366 196903 -1.4562350664912
0.00925702126267685 -0.00587529243852188 0.00203604400280419 196904 -1.41453718080267
-0.00581688532156485 -0.00469927933822076 0.00213920082080238 196905 -1.40033415316942
-0.0800177079860312 -0.00526149037101387 0.00202714326950143 196906 -1.40541025858323
-0.0782859183985442 -0.00968056770581414 0.00088763144650792 196907 -1.50576211259048
0.0409499863289542 -0.0114208606625316 -0.000196937729451697 196908 -1.64075248068385
-0.0366639843715915 -0.00424020948165314 0.000359101784851085 196909 -1.55734703382178
0.0436340370200613 -0.0086979545663854 -0.000134539363901483 196910 -1.58519104985877
-0.0440563861969199 -0.00301608272605105 0.000441362956940133 196911 -1.52032539632549
-0.0332465937936357 -0.00728334604223232 -0.000136529889213894 196912 -1.54703626177424
-0.0910193983871685 -0.00965777146819122 -0.000561017887988532 197001 -1.58306709911091
0.0441125746183209 -0.0165431710642647 -0.00170606067911739 197002 -1.72287464069172
-0.0164343064634248 -0.0123615555051935 -0.00113332773789941 197003 -1.59514829684322
-0.122167633974208 -0.0127694238177167 -0.00132222870981948 197004 -1.6134607304046
-0.0774211469685849 -0.0212285503592712 -0.00279595316426324 197005 -1.85399864633748
-0.0658193410372936 -0.0268031442641301 -0.00369505188479723 197006 -2.06564105350329
0.0621293714655488 -0.0314310488056892 -0.00443462675566028 197007 -2.26972551523092
0.0388360237851982 -0.0143172520816658 -0.0036515208942343 197008 -1.91185770912714
0.0357531697058178 -0.0112124372108201 -0.00315747967703159 197009 -1.82819484480796
-0.0277823810124516 -0.00891581457495698 -0.00271023083355056 197010 -1.77175236553804
0.0404699325537131 -0.00924996793924263 -0.00299514163103808 197011 -1.79588774553268
0.0516432331518384 -0.00725375959349962 -0.00250677001098469 197012 -1.74913029204731
0.0436340370200613 -0.00476610089991321 -0.00190510330917555 197101 -1.70768531436207
0.010742096531902 -0.00292672834934779 -0.00140467319566745 197102 -1.68772388556695
0.0375847603272712 -0.00231587999445101 -0.001272643089933 197103 -1.68457523005205
0.0282958691548473 -0.000403381885369094 -0.000854821547812523 197104 -1.67971558311792
-0.0436384570298295 0.000884287741709286 -0.000544707816933164 197105 -1.68317809238425
-0.00471107973011922 -0.00108698017978196 -0.000998326229700493 197106 -1.67511144288259
-0.0502412164367468 -0.00116293478957934 -0.00103700074532986 197107 -1.67518712063799
0.0326607822395483 0.000165605727533654 -0.00154426070091147 197108 -1.6797418456943
-0.0122750308756126 0.00143245963767767 -0.00119522965049862 197109 -1.69125773844234
-0.0490852076904914 0.00135507629538725 -0.00130714683459068 197110 -1.68582595930131
-0.00833463679005763 -3.30383120236335e-05 -0.00178492744314969 197111 -1.66657908131176
0.0801042442416614 -0.000257664275284323 -0.00184977605054481 197112 -1.66439509693537
0.0217614917815127 0.00224130171025397 -0.00104630526336632 197201 -1.6965358835328
0.0258626595257274 0.00288680089279245 -0.000824870340600506 197202 -1.70938911878642
0.00359353551013022 0.0034806257887206 -0.0005682594765012 197203 -1.72646767795168
0 0.00350503371655168 -0.000528623333771377 197204 -1.72799790764806
0.0094551587707552 0.00358029447993835 -0.000523636321188628 197205 -1.72695488720507
-0.0275767677702345 0.00356684948799412 -0.0004303765539742 197206 -1.73275948983374
-0.0111620647061919 0.00267503153456915 -0.000681732028198832 197207 -1.71360518241677
0.0292674976805681 -0.00653889330170603 -0.000777881869281337 197208 -1.70666868450804
-0.0149106127357542 -0.00477590195493379 -0.000504742055191797 197209 -1.67498502108889
0.00119928057548219 -0.00591348998130103 -0.000634524673935602 197210 -1.68441373382546
0.0414298097631396 -0.005564055870341 -0.000618151412780087 197211 -1.68030660388774
0.00249688019858715 -0.00328401230386038 -0.000246045561665753 197212 -1.64449441686936
-0.0380134421982162 -0.00320529913381284 -0.000221984809382833 197301 -1.64224710647498
-0.0540338884924856 -0.00466405224070828 -0.000550606177981384 197302 -1.663205315292
-0.0176549352387207 -0.00737399570989226 -0.0010116689565547 197303 -1.70440148052058
-0.0640053299759123 -0.00808690257755317 -0.00115391909571851 197304 -1.71981226549986
-0.0351091771135679 -0.0110349083070314 -0.00168655817097439 197305 -1.79812269470219
-0.0209172482553883 -0.0126382316113211 -0.0019674205150298 197306 -1.8471572632643
0.043059489460447 -0.0131802980706218 -0.00212533574619945 197307 -1.87330031638062
-0.0464628744103409 -0.00399755684034289 -0.0017519074387065 197308 -1.77785925792355
0.0398935636616766 -0.0048343531479711 -0.00211839077453957 197309 -1.79827963733177
-0.0152151658064804 -0.00389300389120237 -0.00177683016936708 197310 -1.780255889737
-0.142716302201595 -0.00430167334193754 -0.00188520384385993 197311 -1.78517392655373
-0.000600180072032461 -0.00776542179479752 -0.00301185263072181 197312 -1.87778361053781
-0.00803217169726427 -0.00817524814811249 -0.00299271237231952 197401 -1.87369562708462
-0.0106565801885289 -0.00834853940854576 -0.0030323931544057 197402 -1.87602266234326
-0.0342809339768742 -0.0083746744517301 -0.00309195711560978 197403 -1.88087399641421
-0.0623010261973793 -0.00886655250284707 -0.00333373213003819 197404 -1.90969794950433
-0.0557241487723617 -0.00996428520609329 -0.00378732669978697 197405 -1.97190814043708
-0.0349020520092649 -0.0109360839955562 -0.00418379099041731 197406 -2.03140347151569
-0.0915671935254905 -0.0116270802028174 -0.00441650508904494 197407 -2.06662493881828
-0.104805114366126 -0.0047050374323512 -0.00507177342315356 197408 -2.19096887576284
-0.134446096552923 -0.00903339917642817 -0.00581605208690708 197409 -2.20429728054563
0.144879261318084 -0.0153596778360888 -0.00676886723109979 197410 -2.31490616210392
-0.0518197487297965 -0.0083206482693914 -0.00565380746235579 197411 -2.10958662367053
-0.0422813922566061 -0.0100754264931489 -0.00599078513584076 197412 -2.13680930347242
0.122925346837298 -0.0112317275136134 -0.00625376054975935 197501 -2.1663539579925
0.0500274935996481 -0.00626050197351191 -0.00532441445344958 197502 -2.07378191967409
0.0222506089348197 -0.00440393093163287 -0.00492904368164174 197503 -2.069775271477
0.0371994409891063 -0.00395884400683256 -0.00473628018790797 197504 -2.07403846526335
0.0464063728141558 -0.00260724686013271 -0.00444095820778815 197505 -2.08394781487107
0.0431552703139276 -0.00160891018969079 -0.00408538246637596 197506 -2.10724194035059
-0.0733236644188434 -0.000170170371583476 -0.00375732237762385 197507 -2.13431852724857
-0.0338670695115773 -5.84885362727606e-05 -0.00423709025377019 197508 -2.09386972951457
-0.0490852076904914 -0.00107153085009283 -0.00444003531717983 197509 -2.06943065967551
0.0464063728141558 -0.0024906107947133 -0.00474374397278059 197510 -2.04254390602159
0.0221528046411333 -0.0010077432137912 -0.00439813507557156 197511 -2.07029533262009
-0.0210193672240755 -0.000152804355481748 -0.00421994084928495 197512 -2.08853340191015
0.110556990564644 -0.000705329171113418 -0.00433193702511689 197601 -2.07386018518059
-0.000200020002667045 0.00191494493570678 -0.00357108320001913 197602 -2.1842815787213
0.0191161171922301 0.00149111774791119 -0.00354890515266813 197603 -2.1850022393892
-0.0192847614118671 0.00194226998049513 -0.00340076775172109 197604 -2.20664445163448
-0.017349638335113 0.0016391711369171 -0.00350391056769606 197605 -2.18717565312403
0.0355601753985509 0.00121339700920995 -0.00359323784361488 197606 -2.17053633372766
-0.0155198116580368 0.00174057297096062 -0.00334225442539587 197607 -2.20965586588067
-0.00984833605481441 -0.00489233082352079 -0.0034198184842025 197608 -2.19484313146283
0.0160701801774945 -0.00496167522732508 -0.00346050530426966 197609 -2.19663174056264
-0.0287081641367437 -0.00433621735514908 -0.00333767080438435 197610 -2.1913145094413
-0.000400080021339691 -0.00496009407083757 -0.0034962363877116 197611 -2.19777636173726
0.0511682865743994 -0.00480554328439632 -0.0034770056028273 197612 -2.19666211626013
-0.0451019739124202 -0.00337191626320403 -0.00313968898444936 197701 -2.18839267249198
-0.0232686269393543 -0.0045082967189061 -0.0033971263152958 197702 -2.19429476892374
-0.0176549352387207 -0.00518203177550653 -0.00351829400202787 197703 -2.19954958085655
-0.00230264906267556 -0.00547842110714014 -0.00360397061558358 197704 -2.20450754692525
-0.0184695162836613 -0.00538130474146322 -0.00359613132912028 197705 -2.20365640156064
0.0421970486997883 -0.0057755422754256 -0.00368519351447682 197706 -2.20923953925529
-0.0213257867147524 -0.00479089306577007 -0.00341208492986809 197707 -2.1939544973262
-0.0221433646856899 -0.0052810951879232 -0.00351808316528161 197708 -2.19952565236821
-0.00702461493696447 -0.00555514570252688 -0.00362764364481342 197709 -2.2066987010781
-0.0499258087697257 -0.00534634592007534 -0.00364750897400729 197710 -2.20768325743965
0.0344014267173323 -0.00628350706037578 -0.00391656885654054 197711 -2.22833311934396
-0.00220242355520004 -0.00574880934994275 -0.00369507755264532 197712 -2.21250940787174
-0.06720874969345 -0.00555199884417036 -0.00368649908139563 197801 -2.21145301449532
-0.0185713855854353 -0.00667744557665972 -0.00404948337060737 197802 -2.24469463479626
0.022934971282496 -0.0069136556589582 -0.00413199417864617 197803 -2.25233361423836
0.0708311807605913 -0.00649948117299255 -0.00397907346982616 197804 -2.23771301718536
0.0124225199985571 -0.00523852220590445 -0.00355879114268898 197805 -2.2109375428137
-0.0225524044705115 -0.00487920101370607 -0.00346951007486079 197806 -2.20566203959849
0.0444952398865513 -0.00490720945815048 -0.00357552615483662 197807 -2.21187164834524
0.0314017631395316 -0.0073766950083619 -0.00330994181206653 197808 -2.20368711517189
-0.0207130415975416 -0.00647118962145062 -0.00311921815848632 197809 -2.17532879714544
-0.134560493395695 -0.00712397629951826 -0.00321535927017514 197810 -2.18714666128046
0.0199006617063362 -0.0100461621122056 -0.00392919152085731 197811 -2.33446754756605
0.000999500333083423 -0.00970197528808367 -0.00380038150341303 197812 -2.30095912855628
0.0340148785872776 -0.00918253542243272 -0.00377457568708778 197901 -2.29130498787469
-0.0438473997802763 -0.00831106998134374 -0.00357249304390935 197902 -2.2482242193588
0.0475513018582224 -0.00929709174922956 -0.00378672127123045 197903 -2.29036266209415
-0.00863719339566359 -0.0084782933351746 -0.00351509151922277 197904 -2.23314685117846
-0.0307685336716365 -0.00849886407424186 -0.0035420499501514 197905 -2.23600851585786
0.0299470763679521 -0.00898407855052116 -0.00368459698534242 197906 -2.26400151770458
0.000499875041650993 -0.00833042628509328 -0.00350943201996068 197907 -2.22559298692271
0.0465018336514199 -0.00433611428633817 -0.00348865840824248 197908 -2.21900750717503
-0.0166376411530232 -0.00364679539703429 -0.00323097545948134 197909 -2.21578934935158
-0.093981063470894 -0.00372082426406859 -0.00329972759124309 197910 -2.21739471009903
0.0413338634929772 -0.0133819906873437 -0.00376238746818009 197911 -2.24538631834124
0.00836491633162767 -0.00442364572616856 -0.00353347248868183 197912 -2.14615508314058
0.0460244383112793 -0.0041586567156375 -0.00347337961585198 198001 -2.14409987872746
-0.0213257867147524 -0.00348144735249894 -0.00322464686244931 198002 -2.14238299329055
-0.152102778209958 -0.00414237986101032 -0.00331515256171083 198003 -2.14415192393733
0.0267392971896215 -0.0063365849046196 -0.00405538950523444 198004 -2.22447894488595
0.0435383020144834 -0.00543270038173201 -0.0039029405612005 198005 -2.21056529836949
0.0242046886968174 -0.00462928771033177 -0.00366923985885723 198006 -2.19962462126095
0.0578914784157777 -0.0042105347897185 -0.00353260295417255 198007 -2.19543969351577
0.0115332358136731 -0.00843873986181235 -0.00323297328895328 198008 -2.19533728909291
0.0142973047008244 -0.0076778310302866 -0.00316129266224151 198009 -2.17552386598687
0.00109939544330106 -0.00668059909631736 -0.00307695161217839 198010 -2.15621918093072
0.0827774264575682 -0.0065817712070681 -0.0030568730205655 198011 -2.15141068887881
-0.0600685264661195 -0.000974579571265513 -0.00264618259244046 198012 -2.09929872771732
-0.062726829908305 -0.00484328315031682 -0.00291962232517227 198101 -2.0849922561776
-0.00511304938682301 -0.00794176088052138 -0.00320306880660891 198102 -2.11942933708669
0.0232281261192072 -0.00832035194192593 -0.00321207814896842 198103 -2.11894005190363
-0.0323166014765431 -0.00711876652455285 -0.00308794573456383 198104 -2.08671580856223
-0.0104544579038589 -0.00800916294352574 -0.00322452823803103 198105 -2.11390548098092
-0.0378057147358988 -0.00822113170538898 -0.00325815581787209 198106 -2.11933861568157
-0.028193734370782 -0.00938392391489691 -0.00341809822027036 198107 -2.15877709027874
-0.0867568639262819 -0.0104673163152495 -0.00353227165875198 198108 -2.19016740895426
-0.0878480905731953 -0.0115984120999398 -0.00391403584346542 198109 -2.33582205615925
0.0364283566135514 -0.013293218932479 -0.00429729636734546 198110 -2.49873034005357
0.0226417304808246 -0.012813656805478 -0.00411217976288684 198111 -2.40840664121569
-0.046253384517462 -0.0117032885966581 -0.00399112134549448 198112 -2.34705571524556
-0.0412387480165975 -0.0120959554042514 -0.00418149190032317 198201 -2.42146709493758
-0.0702078950434964 -0.0126948851759973 -0.00434766793671902 198202 -2.48693693825166
-0.0289140101646422 -0.0140164818675512 -0.00464168680773141 198203 -2.62130093756272
0.0211742352314066 -0.0147553975893199 -0.0047495638004288 198204 -2.66652439096313
-0.0518197487297965 -0.0147437504235483 -0.00463485672506669 198205 -2.59544225152919
-0.0413429635343824 -0.0151976453102649 -0.00484271968543995 198206 -2.70330841898676
-0.0433251247383737 -0.0158214276847702 -0.0050028084742511 198207 -2.78463635660213
0.098758772023264 -0.013913649300086 -0.00517015483348308 198208 -2.87423743998614
0.00776973726436069 -0.0123318466868182 -0.00471828993410592 198209 -2.68338289113754
0.101743983883284 -0.0116010965201113 -0.00466422921030303 198210 -2.65397437112334
0.0396052545923594 -0.00984303224494737 -0.0042055731193824 198211 -2.50438258270773
-0.00120072057651888 -0.00899718623816052 -0.00401754381589853 198212 -2.44586104090043
0.0286846338599089 -0.00884741689751692 -0.00400550610974733 198301 -2.43940988716056
0.019508466388043 -0.0085092126278227 -0.00386639913115305 198302 -2.40089719808279
0.0216636396360264 -0.00805941122105025 -0.00376735309081747 198303 -2.37321693154351
0.0578914784157777 -0.00710703031818048 -0.00366004932403754 198304 -2.34601984391141
-0.00170144663975757 -0.00623073116962178 -0.00340142945958454 198305 -2.30314860470515
0.0237165266173161 -0.00596061920257339 -0.00339431656075681 198306 -2.30098143621411
-0.0492952917248775 -0.00527296724858797 -0.00328135471418151 198307 -2.28506641306276
-0.0126800531573745 -0.00091801255641271 -0.00347228391339601 198308 -2.31327048463956
0.00159872136369707 -0.00153453240275187 -0.00351033254663559 198309 -2.30687817507598
-0.0429075010112765 -0.00129371219284187 -0.00348930763342435 198310 -2.30897022149534
0.0144944461504525 -0.00246708814060584 -0.0036508576062844 198311 -2.29134036899346
-0.0254203773469112 -0.00213133310938014 -0.00357679514197119 198312 -2.29743757059697
-0.0271656680727696 -0.00245363020544207 -0.00366559019158476 198401 -2.29069405821685
-0.0568878622070484 -0.00317936783261111 -0.00376073220729806 198402 -2.28500207874651
-0.00100050033358353 -0.00485969715960506 -0.00397495450568415 198403 -2.28529947538785
-0.0133892371190161 -0.0047339340135987 -0.00396300890659941 198404 -2.28457033673974
-0.0698861274641664 -0.00456078032973978 -0.00400071381944908 198405 -2.28656307358124
0.0106431600984798 -0.00606398360392574 -0.00426320550727664 198406 -2.30823622132244
-0.036249132675121 -0.00801549384139111 -0.00420405326280935 198407 -2.30173536871683
0.0902976379807806 0.000390952760548582 -0.00433071365574339 198408 -2.33357597301762
-0.016739324004298 0.00374353445389364 -0.00395816109024526 198409 -2.47086907163043
-0.0185713855854353 0.00282815698095581 -0.00400828329775135 198410 -2.43881602710962
-0.0252152491410638 0.00137167726824113 -0.00406517041606262 198411 -2.40821262461717
0.0119285708652738 0.000108246768747711 -0.00414746644222994 198412 -2.37656356366112
0.0708311807605913 2.24896163055002e-05 -0.00408515622010783 198501 -2.39245409968365
0.00637960696403899 0.00159198815225926 -0.00379590395377308 198502 -2.48639348378272
-0.0147076288722743 0.00171224520663098 -0.00375676737331996 198503 -2.49705885206446
-0.016942720730312 0.000959000901369338 -0.00379872469707074 198504 -2.47824970143449
0.0433468045033659 0.000272217699313109 -0.00384889262086174 198505 -2.45985586826902
0.00717420374800045 0.000596927798816219 -0.00366944130099776 198506 -2.51474903976363
-0.0136933271320025 0.000685674994249316 -0.00362836688793337 198507 -2.52468996903918
-0.0158245503469715 -0.00239398876303988 -0.00366634786998646 198508 -2.51145254267395
-0.0527680655386557 -0.00250070483466848 -0.00371205539809543 198509 -2.50774084051135
0.0331445985923021 -0.00303723365380308 -0.0038957857731537 198510 -2.50000065687273
0.057041740367197 -0.00274274730205915 -0.00375757538373036 198511 -2.51256440116983
0.0317893224894073 -0.00197864286779909 -0.0035315556225745 198512 -2.54053065360522
0.000899595242835994 -0.00172847392074449 -0.00340073755549308 198601 -2.55861734395393
0.0639133257436529 -0.00180740525796134 -0.00338486916878338 198602 -2.5601867196388
0.0419094030772096 -0.00128771954651856 -0.00313744933454648 198603 -2.60283520066118
-0.0184695162836613 -0.000913239062816385 -0.00297244254915544 198604 -2.63119295896332
0.0404699325537131 -0.00101594241133555 -0.00302900121242006 198605 -2.62308589567328
0.00508703904855721 -0.000734252627515804 -0.0028708232714523 198606 -2.65213762787444
-0.0722481642076241 -0.000568201294531424 -0.00284199043695951 198607 -2.65623416252703
0.0545828777702917 0.000729607163581341 -0.00309255424118574 198608 -2.63068659528867
-0.0948602810239601 0.000920516858436851 -0.00288508865841064 198609 -2.69905375959383
0.0411419433311752 -0.000300150132572612 -0.00321474884610078 198610 -2.63362114633656
0.00776973726436069 -6.59372821934234e-05 -0.00305633208832479 198611 -2.67435666435578
-0.0383251143216679 -5.83991833237752e-05 -0.00301780515112662 198612 -2.68231115403952
0.113775014258845 -0.000774888570319685 -0.00314300837513564 198701 -2.65739678639729
0.0388360237851982 0.000461478521215608 -0.00272987048596963 198702 -2.78292533427804
0.0116320842297077 0.00092027954702993 -0.00258351170332467 198703 -2.82478478940233
-0.0258307600345215 0.00115170814132113 -0.00253363241934912 198704 -2.83763462969109
-0.00270365157431482 0.000831558932823414 -0.00261509090751406 198705 -2.8141547625899
0.0340148785872776 0.000776939634799582 -0.00261539948126598 198706 -2.812428675328
0.0333380596105104 0.000981923446926316 -0.0024882110157502 198707 -2.85047050162097
0.0300441213483766 -0.00262181283072665 -0.00236424468140328 198708 -2.8883630243856
-0.030871663667087 -0.00221060539797894 -0.00225249169509369 198709 -2.89024875297141
-0.272333795504981 -0.00223180061759279 -0.00235083936510054 198710 -2.89320716136698
-0.0846868081671938 -0.00498187607818936 -0.00327543852996315 198711 -3.20961120732806
0.0622233431801319 -0.00584281949881697 -0.00355329303384448 198712 -3.28585980468363
0.0384511863742526 -0.00521886976276105 -0.0033295629786949 198801 -3.26000008440805
0.0420052941450301 -0.0046440436265953 -0.00318793331987135 198802 -3.24349876582144
-0.0274739770007551 -0.00414361791714302 -0.00303525349735479 198803 -3.23281123872099
0.000999500333083423 -0.00432887520393231 -0.003117538761676 198804 -3.24426448708404
-0.00803217169726427 -0.00434178650684034 -0.00310372319424393 198805 -3.24253795096321
0.0421011760186353 -0.00425942937427613 -0.0031202062996052 198806 -3.2443543722094
-0.017756721589259 -0.00371904705265739 -0.0029694683585444 198807 -3.23831303515485
-0.0397808700118446 -0.00484761463870837 -0.00301859544568963 198808 -3.2428771060907
0.0264471700148482 -0.00525315930604392 -0.00314032483167027 198809 -3.27077232522603
0.00538547227633789 -0.00499355512973884 -0.00304267633382698 198810 -3.25466916981776
-0.0290169490704926 -0.00491561100841684 -0.00301495216076722 198811 -3.24917960353701
0.00856323066048781 -0.00517446909471453 -0.00310020460965157 198812 -3.26791383966603
0.0540145883062383 -0.00513431323156182 -0.00306208880811517 198901 -3.26020038587538
-0.0290169490704926 -0.00461847554563645 -0.0028761712930847 198902 -3.23856105556881
0.0089597413714718 -0.00480598364236137 -0.00296104394820615 198903 -3.25628994835814
0.0359461267734691 -0.00481459859750582 -0.00292246535493859 198904 -3.24940781508609
0.0252778071842686 -0.00455406337912537 -0.00279708279968566 198905 -3.23302019162097
-0.02081513971392 -0.00409049857739139 -0.0027068098415379 198906 -3.22070175947058
0.0629747991613884 -0.00431517300878004 -0.00276484936035963 198907 -3.23019845556174
0.00697561373642514 -0.00263172335947857 -0.00255481853441156 198908 -3.21935236523387
-0.0142003494011414 -0.00248426994311189 -0.0025244668392815 198909 -3.21958877717099
-0.0444744901018295 -0.00250049074844496 -0.00256153313312868 198910 -3.22015031374552
0.00339423306801562 -0.00299021267307611 -0.00269416907290305 198911 -3.22855093684056
0.00548493023056975 -0.00314652496908633 -0.0026749627570011 198912 -3.22814339725719
-0.087957278759142 -0.00313756034515097 -0.00264930271615968 199001 -3.22720128823701
0.00538547227633789 -0.00415418812611983 -0.00291672583855147 199002 -3.27974684146595
0.0118297517535772 -0.00397499117659815 -0.00289078146944244 199003 -3.27647100619768
-0.0413429635343824 -0.00364524645488721 -0.00284492311049223 199004 -3.27217245515237
0.0745507312642962 -0.00405766331019225 -0.00296448224224344 199005 -3.29031968611664
-0.017349638335113 -0.00321552535331128 -0.00272449706110864 199006 -3.29484546503842
-0.0261386576096948 -0.00318786146608767 -0.00276963638602841 199007 -3.29839105542955
-0.114289146402128 -0.00199387654348122 -0.00284154106671661 199008 -3.30465835820419
-0.0695644633859092 -0.00371051553847987 -0.00318340488676388 199009 -3.34246062591497
-0.026343975339602 -0.00493065440066188 -0.00338640506566035 199010 -3.37989259333984
0.0561912796497426 -0.00556292005673948 -0.00345639765795896 199011 -3.39479940334628
0.0184291354683671 -0.00464898457550986 -0.00327509772693251 199012 -3.37135345666444
0.0408539940082661 -0.00413233847506629 -0.00320932732331039 199101 -3.36341704489684
0.0649446886403821 -0.00347291326431956 -0.00307620550659868 199102 -3.36047025661836
0.0218593343528935 -0.00228732615276909 -0.00287132329531259 199103 -3.37829739298965
-0.00813298323018899 -0.00173797810514424 -0.00279705705612879 199104 -3.38696126463005
0.0312079271241932 -0.00189541219984523 -0.00281303288299723 199105 -3.38494342686781
-0.05508996631796 -0.00152807404302259 -0.00271147777849815 199106 -3.40272395684831
0.0368139731227164 -0.00190520662034893 -0.00286736613724655 199107 -3.397047468587
0.0184291354683671 -0.00440607565993573 -0.00274961735605972 199108 -3.41996967923994
-0.0207130415975416 -0.00391608164930276 -0.00268695832403479 199109 -3.40972624387685
0.00856323066048781 -0.00409546229609169 -0.00274013261097729 199110 -3.41931934382922
-0.0468819859001304 -0.00390889971836983 -0.00270688742488474 199111 -3.4143138680899
0.0993927438780348 -0.00468034271047832 -0.00283643316821391 199112 -3.4449401902662
-0.00934351500315247 -0.00313372567052453 -0.00253751744585645 199201 -3.44122914761846
0.00806737107775879 -0.00322125125966444 -0.00255736000433254 199202 -3.44293271607943
-0.0303561200148992 -0.0030462307379067 -0.00252647415816367 199203 -3.44099064956986
0.00757126549631813 -0.00343581538679987 -0.00260713979832812 199204 -3.45107981560331
0.000199980002666245 -0.00341463572316498 -0.00257772244198521 199205 -3.44852908356885
-0.0269601815827831 -0.00346188374715727 -0.00256971753580466 199206 -3.44760155104615
0.0340148785872776 -0.0036488830775897 -0.00263980507616954 199207 -3.459151242753
-0.0267547373088196 -0.0048046609640031 -0.00253477732928287 199208 -3.45392980165757
0.00925702126267685 -0.00505155284984393 -0.00260397721493869 199209 -3.4768529966011
0.0078689583786952 -0.00493398733381929 -0.00257018519648394 199210 -3.46600633196492
0.0382587121170903 -0.00479531001362929 -0.00254052853859991 199211 -3.45662417775479
0.0124225199985571 -0.00414095500710995 -0.00242494995317303 199212 -3.4324299905276
0.00697561373642514 -0.00380973929272614 -0.00238300794765967 199301 -3.42390370974248
-0.000900405243164155 -0.00370520279850001 -0.00235664563305661 199302 -3.41916616234808
0.0202927032677624 -0.0037508476039784 -0.00235255507016365 199303 -3.41812193426208
-0.0334533762592196 -0.00358404620298206 -0.00228912297397899 199304 -3.40932430679419
0.0262523711440657 -0.00389338040632642 -0.00237617396080927 199305 -3.43002073002387
0.000599820071967549 -0.00363726612701629 -0.00229642870982076 199306 -3.41873496061007
-0.00581688532156485 -0.00351404986463739 -0.00228838357431579 199307 -3.41702011210512
0.0341115296287678 -0.00297062212396246 -0.00229815781738296 199308 -3.41841982323816
-0.00380723834295407 -0.00270402042286644 -0.00219757857029415 199309 -3.41765942257026
0.0118297517535772 -0.00258265302813601 -0.00220201289473674 199310 -3.41793040488088
-0.0216323001271138 -0.00245615773602754 -0.00216346409075785 199311 -3.41717091249245
0.0141001243787816 -0.00259936945216919 -0.00221680336756979 199312 -3.42167151813912
0.0258626595257274 -0.00224530515760765 -0.00217222159777101 199401 -3.4210180819134
-0.0280908801665257 -0.00181766620500863 -0.00209583227590862 199402 -3.42525263131259
-0.0518197487297965 -0.00195351818018684 -0.00216647099300269 199403 -3.42685420201938
0.00409161790325356 -0.00241917357566885 -0.00230103272128668 199404 -3.43868665856106
0.00269636154774253 -0.00237197696202126 -0.0022837552871663 199405 -3.43866437870914
-0.0339705195711533 -0.00233040441808555 -0.00227033179165442 199406 -3.43865808747605
0.0250827803674632 -0.0025082520482498 -0.00235554735020146 199407 -3.44584364433325
0.0357531697058178 -0.00301395970716306 -0.002281986149886 199408 -3.44913369584521
-0.0271656680727696 -0.0025116774852026 -0.00218028787219696 199409 -3.44794503089965
0.00955421280481171 -0.00300530780849502 -0.00224691555273182 199410 -3.45509615987334
-0.0451019739124202 -0.00287412617890765 -0.0022155295730575 199411 -3.45252252169341
0.00419120461846805 -0.00331184701954995 -0.00232928671984626 199412 -3.47512090141906
0.013705647056112 -0.00334075678949907 -0.00231203674276077 199501 -3.47279550909372
0.0317893224894073 -0.00296879262937873 -0.00226977372482179 199502 -3.46804776537204
0.0170537545658276 -0.00289125862318489 -0.00218014452425803 199503 -3.46655523870847
0.0165620882989782 -0.00242884675724928 -0.00212966184948091 199504 -3.46370321934628
0.0233258253034968 -0.00210061512264979 -0.00208073056636976 199505 -3.4638602691242
0.0222506089348197 -0.00176969721772356 -0.00201439491135705 199506 -3.4679171271514
0.0321767316952212 -0.00141755508345028 -0.0019512047971743 199507 -3.47404952226169
0.000799680170564244 0.000236706303968309 -0.00186256080628496 199508 -3.48865523677915
0.0287818014254519 0.000262790184061803 -0.00185566380893561 199509 -3.48999333550994
-0.0201006717070029 0.000401730111027118 -0.00177649723210256 199510 -3.5201884790661
0.0346912397899305 0.000167166072701848 -0.00182372448590385 199511 -3.50628277813503
0.00538547227633789 0.000221338370906141 -0.00172985568313821 199512 -3.54234284290051
0.0181345701954827 0.000358055966904573 -0.00171161125247289 199601 -3.54727821038474
0.00935609492402503 0.000697883102044553 -0.00166085375516354 199602 -3.5648915748141
0.00339423306801562 0.000745003810664783 -0.00163274929424724 199603 -3.57462422037091
0.0158733491562902 0.000811057565245576 -0.00161995799052647 199604 -3.57829902267317
0.0192142189238044 0.00117554988876329 -0.00157555873380866 199605 -3.59559276481278
-0.0155198116580368 0.00151861283940254 -0.00152292638530838 199606 -3.61910009151321
-0.0663535005500212 0.00135542751937192 -0.00155827205518901 199607 -3.60232138088687
0.0232281261192072 -0.000859423228967537 -0.0017214842176445 199608 -3.55682208924712
0.0447821427718932 -0.00084768845900773 -0.00165879675448658 199609 -3.56931721563303
0.00439034830129285 -0.000377016998859361 -0.00154240342234027 199610 -3.59886041606421
0.0567583338186089 -0.000356580412589146 -0.00152757154303119 199611 -3.6015364332793
-0.0218366946091744 0.000307353748136226 -0.00138222015808944 199612 -3.65203179914995
0.0443995872966845 4.77835254019988e-05 -0.00143310193533094 199701 -3.64090451708321
-0.00883894866720439 0.000478352724367581 -0.0013193731779314 199702 -3.68229873514423
-0.056147160623001 0.000528892902707759 -0.00133798598854841 199703 -3.67674315612443
0.0354636642755691 -0.000267564925767311 -0.00147331728394212 199704 -3.65737564004778
0.0606246218164348 0.000141371068777825 -0.00138233949684973 199705 -3.68471664088963
0.0366211834556452 0.000837459630261949 -0.00122998824055174 199706 -3.75049320910454
0.0667236320429081 0.00134872840710356 -0.00113721576090419 199707 -3.79187763941164
-0.0466724081984307 0.000562446903849934 -0.00097129681761859 199708 -3.89446171535164
0.0479326537553027 -0.000332899580206589 -0.00108276294293764 199709 -3.88199738774517
-0.0431162910736281 0.000921176599643088 -0.000963504021530733 199710 -3.91601535276129
0.02557027611153 -5.80528048713183e-05 -0.00106581661146301 199711 -3.89694097421796
0.00836491633162767 0.000365134085380799 -0.00100132244022089 199712 -3.91346339466823
-0.00280392733273426 0.000446497449995809 -0.000978698675071501 199801 -3.91905216592661
0.0642884898823619 0.000451444754798566 -0.000983096816415267 199802 -3.91759067139417
0.0427720918438691 0.0020945415887313 -0.000826193963773976 199803 -3.99067934932127
0.00299550897979837 0.00315028526222948 -0.000721641719630947 199804 -4.0577821739985
-0.0353163451275676 0.00312678618494178 -0.000712749014608389 199805 -4.06077350529921
0.0273232956488904 0.00259470744851384 -0.000795335162849341 199806 -4.01233732067454
-0.0290169490704926 0.00316375291648009 -0.000728386041869009 199807 -4.05646676841249
-0.180443321782182 0.00297234475768247 -0.000795579778279041 199808 -4.0139370744527
0.0553400950331645 -0.00339040937904626 -0.00122128532805132 199809 -3.99762257494616
0.0658813691135128 -0.00193987318584993 -0.00108757048086169 199810 -3.96995191136531
0.0562858110105919 0.000639256146667246 -0.000929624868610805 199811 -3.98440241965168
0.0561912796497426 0.00263619227173566 -0.000795000313600916 199812 -4.05528262871686
0.0310140535291695 0.00415530668175591 -0.000661229703358326 199901 -4.17395432909546
-0.0453112227100031 0.00510275066623735 -0.000587048712181445 199902 -4.24933237132679
0.0297529581493478 0.00409442102142122 -0.000691544445821216 199903 -4.14261103172611
0.0388360237851982 0.004051103269277 -0.00062057823930567 199904 -4.21454379396617
-0.028399474521698 0.00517683714145017 -0.000528818699713801 199905 -4.31156775526202
0.0427720918438691 0.0041091515228137 -0.000593483794428381 199906 -4.23683545041513
-0.0392607139533026 0.00494816356253806 -0.000493100517487878 199907 -4.34701147287853
-0.0178585183013132 0.00775331101037448 -0.000582633112027866 199908 -4.25527209390912
-0.0325231917055601 0.00693574406088501 -0.000622439299099952 199909 -4.17329913575057
0.0558130648192127 0.00519453660809353 -0.000695774362103308 199910 -4.05488742776972
0.0296558849075107 0.00729808961682197 -0.000566166932788363 199911 -4.23751147971159
0.0702720529853317 0.00839709184834536 -0.000497008919423835 199912 -4.34634196381789
-0.0528734896070681 0.0107605331329944 -0.000335435718728046 200001 -4.68675769999445
0.0199986865066891 0.00903546235951694 -0.00045511237906595 200002 -4.40234591120381
0.0462154237969629 0.00963997022887214 -0.000408626472507416 200003 -4.48006804247569
-0.0710664484338602 0.0114677855108816 -0.000302903002508617 200004 -4.7104565106495
-0.0504515434960982 0.00845646676693912 -0.000463001521584073 200005 -4.31846291973201
0.0415257468284983 0.00596477823197451 -0.00057584247412248 200006 -4.10133876021592
-0.0303561200148992 0.00761377024625057 -0.000481019074792253 200007 -4.24801649166151
0.0632564496350148 0.00647279745759939 -0.000548154133084628 200008 -4.11857342793154
-0.0614499623162226 0.00913148100316041 -0.000405094483380369 200009 -4.37804766971848
-0.0337636301528091 0.00590295695494861 -0.000541660183230128 200010 -4.09598107021423
-0.119121430907863 0.00334847793791703 -0.000615816366197939 200011 -3.98602174617273
0.00687630393943206 -0.00722733133194954 -0.000879748692571358 200012 -3.8797103364443
0.02557027611153 -0.00647812348766284 -0.000862513020055795 200101 -3.84303539074458
-0.110149743500987 -0.00427130388790692 -0.000803903731515694 200102 -3.76181417431418
-0.0799093832283019 -0.0141775829636965 -0.00104581930622691 200103 -4.09467770423455
0.0727856697256476 -0.0192374546620406 -0.00121991105881428 200104 -4.70454634019863
0.00399202126953746 -0.0133598552237449 -0.00105690317162383 200105 -3.91813358658564
-0.0224501288375919 -0.0132987266129802 -0.00104580663439051 200106 -3.83913550189354
-0.0246001168682327 -0.0144348467511261 -0.00109274593746771 200107 -3.95205357144337
-0.0701006276794891 -0.015092914721046 -0.00114418438589389 200108 -4.08797900559257
-0.100151881950441 -0.0187527976290968 -0.0012947443057489 200109 -4.65068641655411
0.0221528046411333 -0.02115562155701 -0.00151011933329725 200110 -5.73525169996068
0.0711106274579529 -0.0188889662272029 -0.0014586781942224 200111 -5.34805207068918
0.0144944461504525 -0.0167042666399257 -0.00130126104530228 200112 -4.56580083601443
-0.0159261505502593 -0.0162890057960007 -0.00126707120288723 200201 -4.34724410734253
-0.0244976316004002 -0.0163215013423853 -0.00129873228139127 200202 -4.41603441743288
0.0402778464985701 -0.0164693606074949 -0.00134872990923396 200203 -4.5682659480887
-0.0549843083327595 -0.0129125601289294 -0.00125921039007739 200204 -4.13292834283869
-0.0153167041118933 -0.014861557650702 -0.00137450029982564 200205 -4.51832913975967
-0.0762333059995891 -0.0138802702801664 -0.00140435512597568 200206 -4.58167147102491
-0.0869750140144072 -0.015540564357953 -0.00156424604664579 200207 -5.20679635685357
0.00359353551013022 -0.0153941818201358 -0.00174635855830413 200208 -6.04313740357092
-0.110819835105244 -0.0150189820606516 -0.00173499708156278 200209 -5.93572277631993
0.0741793981742515 -0.0180528384589249 -0.00196659971006316 200210 -7.0954181503615
0.0567583338186089 -0.0155700087880424 -0.00180527344335911 200211 -6.30274114809821
-0.0604933804289625 -0.0147754843225491 -0.0016814603201837 200212 -5.7490743779316
-0.0270629195496891 -0.0167260099782551 -0.00180553610100391 200301 -6.30316163383795
-0.0198966317144566 -0.0162060618715241 -0.00185870953984325 200302 -6.50555295544146
0.0098513160503742 -0.0165829997083357 -0.00189660433432773 200303 -6.62362968113313
0.0780715354201554 -0.0161987303160064 -0.0018719755704185 200304 -6.42788758160768
0.0578914784157777 -0.0136190045222982 -0.00170472973152608 200305 -5.67081381913996
0.0131136391453832 -0.0119950740395008 -0.00158031176044612 200306 -5.1703352066498
0.0225439644348944 -0.0113425531699911 -0.00154969936272564 200307 -5.02184560446293
0.02244618882983 -0.0142664612269457 -0.00149960858559961 200308 -4.82313658631703
-0.0132878943269354 -0.0138418645397359 -0.00144992850797424 200309 -4.54706541711181
0.058363243296915 -0.0140695310976942 -0.00147443775397623 200310 -4.60114328252363
0.0127187724077746 -0.0123527227183971 -0.00135080618155703 200311 -4.0384178847108
0.0412379080162448 -0.0118026881825077 -0.00132179674116666 200312 -3.87987755911343
0.0205866336083883 -0.0102433087660612 -0.00123422533220079 200401 -3.52798235800991
0.0133110140596724 -0.00929064440700499 -0.001189418640331 200402 -3.35486300483787
-0.0142003494011414 -0.00889736162636332 -0.00115970463889656 200403 -3.24371532557952
-0.0192847614118671 -0.00933422791526407 -0.00118637262409543 200404 -3.29958784973996
0.0110388471152162 -0.00963905759793781 -0.00122330811141741 200405 -3.39039313375982
0.0176434351725953 -0.00907673408713911 -0.00119833427185197 200406 -3.28709595699839
-0.0424900516209521 -0.00882803453332536 -0.00116003799249333 200407 -3.15508668913269
-0.000300045009001992 -0.0078428439202434 -0.00124387169153686 200408 -3.39571740660556
0.0147900854726353 -0.00753601864757417 -0.00124196111120784 200409 -3.37430206781457
0.0131136391453832 -0.00723693942646605 -0.00120957313831119 200410 -3.28516145877618
0.0429636994321157 -0.00715651774440996 -0.00118069569419084 200411 -3.20764218594438
0.0321767316952212 -0.00668768441410868 -0.00109187397361477 200412 -3.01425064444119
-0.0296348051296907 -0.00590558455253878 -0.00102506954456088 200501 -2.87064733203231
0.0171520588175657 -0.00616661748819165 -0.00108240368401004 200502 -2.97917019082987
-0.0220411308768803 -0.00573973490668146 -0.00104593475900689 200503 -2.90072830919545
-0.0286052570103344 -0.00614123784906824 -0.00108784133808448 200504 -2.97403296684113
0.0335314832087923 -0.00670064515190493 -0.00114265690715271 200505 -3.08170212085455
0.00339423306801562 -0.00683782387219009 -0.00107372223495401 200506 -2.93255579748912
0.0361390466158731 -0.00690332544923697 -0.00106485724427351 200507 -2.89946337655855
-0.0153167041118933 -0.000205065819568237 -0.000991186147520748 200508 -2.73007139638139
0.00199800266267306 -0.000468917514773596 -0.00101949744784559 200509 -2.72313066552037
-0.0231662780318396 -0.000214198815857884 -0.00101354577109901 200510 -2.72442382647886
0.0324671901375014 -0.000236368283027796 -0.00105715351176976 200511 -2.71542881786146
-0.00571630699610919 0.000131809908483101 -0.0009912903611818 200512 -2.74923556461875
0.0265445552221122 -0.000367940823649101 -0.00100055509968166 200601 -2.74474992212972
-0.00642056780292269 0.000450575783903595 -0.000946650774198695 200602 -2.7668351855427
0.0108410231778748 0.000471346391618856 -0.000957342018395422 200603 -2.7602739457709
0.00369317183761761 0.00047273636489166 -0.000934343255829593 200604 -2.77447282280818
-0.0408219945202552 0.000717195287048747 -0.000925340308176972 200605 -2.77912580084705
-0.00752826642079152 0.000164142959987418 -0.00100280953965674 200606 -2.74310006392877
-0.0118701725704874 8.58598455593645e-05 -0.0010154557739225 200607 -2.73689240649351
0.0159717695096987 0.00123415012444061 -0.00103645135766827 200608 -2.72807508332651
0.0141987193998129 0.00172934586295824 -0.00100361695444942 200609 -2.7603158093201
0.0278097006392672 0.00207551040514927 -0.000974325362244674 200610 -2.79340623788347
0.0128175037106143 0.00280474705814774 -0.000918971466087921 200611 -2.87009491566033
0.00468898948613147 0.00286352738981975 -0.000892605870739164 200612 -2.90812144813861
0.00955421280481171 0.00274742371106032 -0.000881913159327534 200701 -2.91976287494462
-0.0236781273545771 0.00341820802495415 -0.000861958807579658 200702 -2.94642275236243
0.00249688019858715 0.00282710719721954 -0.000905501113967058 200703 -2.86586184841668
0.0300441213483766 0.00263869793373716 -0.000899020387657431 200704 -2.87065558114581
0.0279069532530079 0.00303523960566025 -0.000840193121999572 200705 -2.9660597671419
-0.023882940463332 0.00362925683445459 -0.00078564445715136 200706 -3.0611322503185
-0.0421770788991862 0.00339828342523774 -0.000829389335950945 200707 -2.97618849980199
0.00498754151103897 0.00120151738523978 -0.000907551320002429 200708 -2.84541860440548
0.0285874568519125 0.00140664012800679 -0.000896428503340087 200709 -2.85426190108855
0.0146915487429897 0.00177770777842101 -0.000840903295514752 200710 -2.91865419630799
-0.0530843710924553 0.00169242899640145 -0.000811706957096511 200711 -2.95249025425655
-0.0114654781092781 0.000119303928215745 -0.000909779497688178 200712 -2.87382935900529
-0.0679576931832271 -0.000500632004228133 -0.000929546723552579 200801 -2.86560550155874
-0.0327298246229189 -0.00205754062144382 -0.00105483297861739 200802 -2.89602307596968
-0.0110609473594249 -0.00243364737828725 -0.00111392811228213 200803 -2.93538863300511
0.043251041994315 -0.00277605933203075 -0.00113245142559152 200804 -2.94717994817946
0.0166604408931072 -0.0021679485627797 -0.00104995422592627 200805 -2.90790738339162
-0.090034122703981 -0.00221866424266242 -0.0010170963500097 200806 -2.89412626198173
-0.00924258136693254 -0.00387722055966528 -0.00118194269510964 200807 -3.0928583975673
0.0139029051689914 -0.0104559566731409 -0.0011968422120631 200808 -3.11004474668657
-0.0986056037541221 -0.0101760301003792 -0.00116898289955193 200809 -2.94868067985279
-0.190071510254016 -0.0120633261809786 -0.00134842419026017 200810 -3.86811997188732
-0.0821866709879471 -0.0145926213325114 -0.00169534162787736 200811 -6.86805109535593
0.0172503534065277 -0.016970260708142 -0.00184303214046465 200812 -8.24976514998053
-0.0846868081671938 -0.0154562904301791 -0.00180806256986576 200901 -7.79322724623854
-0.106583485402783 -0.0165646357589134 -0.00195957764408391 200902 -9.39333040943311
0.0855352881062627 -0.0184997314482136 -0.00215049718378957 200903 -11.9358208009724
0.096945206056479 -0.017043322256044 -0.00199077808490058 200904 -10.4023904152257
0.0507881668321051 -0.0154549084980713 -0.0018108944773708 200905 -8.77979962117898
0.00419120461846805 -0.0134612156992041 -0.00171543338606504 200906 -7.7354839703371
0.0742722443745874 -0.0134612715545125 -0.00170473295489741 200907 -7.52784960734221
0.0326607822395483 -0.00800429044913361 -0.00156734239914789 200908 -6.34708847237138
0.0398935636616766 -0.00697851277640553 -0.00150555878066648 200909 -6.02098460698759
-0.0262413112052271 -0.00586121651742622 -0.00143096576725686 200910 -5.71290210920141
0.054109325647032 -0.00610574592530452 -0.00147558869070644 200911 -5.90472963907682
0.0270313390510305 -0.00482156196766659 -0.00137579530769435 200912 -5.60898846373408
-0.0341774518015865 -0.00421748495782353 -0.00132488646475756 201001 -5.47230843138029
0.0334347760862374 -0.00417512136398757 -0.0013836567068628 201002 -5.67681642090807
0.0610950993598108 -0.0040625148638661 -0.00132148093401798 201003 -5.56235531839426
0.0197045832743354 -0.00289170236802807 -0.00121022143260296 201004 -5.44426702383147
-0.0822952427268302 -0.00234954135175673 -0.0011730064776084 201005 -5.40027588173793
-0.0573113667131135 -0.00329491210676248 -0.00131709570718073 201006 -5.91627993365014
0.0669107052826268 -0.00393019451555469 -0.00141637632953168 201007 -6.30967393633068
-0.0489801822217186 -0.0088019704352098 -0.00129544344172255 201008 -6.25315638072179
0.0910282983475638 -0.00950642460904147 -0.00137969209681088 201009 -7.0924982538813
0.0379699312516286 -0.00833029030858007 -0.00121671504135343 201010 -5.9860946811326
0.00588266315815551 -0.00796077829518944 -0.00114772446689395 201011 -5.38196400892721
0.0658813691135128 -0.00771065209275798 -0.00113536877686751 201012 -5.21854153119459
0.0196065296389183 -0.00686040302897966 -0.00101779555249842 201101 -4.36547095383397
0.034208171329737 -0.00654458113885142 -0.000981675893669316 201102 -4.04666854351963
0.00439034830129285 -0.0064968435038762 -0.000920155181740284 201103 NA
0.0285874568519125 -0.00638046325458094 -0.000910887287354537 201104 NA
-0.0127813343647332 -0.00601065509708009 -0.000859496443906337 201105 NA
-0.0176549352387207 -0.00609800763943299 -0.000880230075072992 201106 NA
-0.023882940463332 -0.00640356178183873 -0.000909352827093214 201107 NA
-0.0618754037180875 -0.00242715562354517 -0.000949168403585829 201108 NA
-0.0789349880881423 -0.00322504583609993 -0.00105457711520261 201109 NA
0.107508207715285 -0.00423264875948159 -0.00118908559702116 201110 NA
-0.00280392733273426 -0.00290302264597176 -0.00100167647062063 201111 NA
0.00737275432941316 -0.00286648708476641 -0.00100477845145043 201112 NA
0.049266241302918 -0.00299004866164292 -0.000990384065229019 201201 NA
0.043251041994315 -0.00175901479078321 -0.00090418059118417 201202 NA
0.0306261935417607 -0.000989497449759619 -0.000828572333332288 201203 NA
-0.00853633102228634 -0.0003852334431709 -0.000774803502776573 201204 NA
-0.0640053299759124 -0.000314305010854945 -0.000788048430284269 201205 NA
0.0381624610943489 -0.00150914750517291 -0.000895743969544283 201206 NA
0.0078689583786952 -0.00120681719709817 -0.000829318450728138 201207 NA
0.0250827803674632 -0.00141467895245158 -0.000814550578352207 201208 NA
0.0268366539535598 -0.000874175824714269 -0.000770656797088113 201209 NA
-0.0178585183013132 -0.000198365342146314 -0.00072394391933744 201210 NA
0.00767050630421974 -0.000618680952673136 -0.000752887457144831 201211 NA
0.0116320842297077 -0.000197371257047645 -0.000738682745911501 201212 NA
0.0542040540135122 0.000213628602512303 -0.00071785653888184 201301 NA
0.0128175037106143 0.00154023475880336 -0.000625550806861009 201302 NA
0.0395091330947125 0.001913856946666 -0.000602995346261218 201303 NA
0.0154795708483864 0.00314921015804737 -0.000535805851385215 201304 NA
0.0276151670329734 0.00346946867601733 -0.000509024284997638 201305 NA
-0.0120725812342692 0.00422318450818888 -0.000462072379625399 201306 NA
0.0549615580739743 0.00371631620959199 -0.000481423227716472 201307 NA
-0.0274739770007551 0.00137664681081302 -0.000389172010908334 201308 NA
0.0370067256290957 0.00106819592224242 -0.000434163381323362 201309 NA
0.0409499863289542 0.00127477350120025 -0.000372072354772086 201310 NA
0.0307231726428405 0.00210904217301442 -0.000303658350328831 201311 NA
0.0277124385665358 0.00271662647725326 -0.000252374332158303 201312 NA
-0.0337636301528091 0.00309542844078256 -0.000206227776219864 201401 NA
0.0454512629039174 0.00256205576967132 -0.000261511799904525 201402 NA
0.00429078141715625 0.00291329607833728 -0.000186326315194292 201403 NA
-0.00190180728959633 0.00292080213203244 -0.000178974742563174 201404 NA
0.020390689647734 0.00316599035993749 -0.000181799058214048 201405 NA
0.0257652078860264 0.00324812939830605 -0.000148128863932628 201406 NA
-0.0206109539041243 0.00358055687461938 -0.000105786810419623 201407 NA
0.0414298097631396 0.00527860586058089 -0.00013923732770136 201408 NA
-0.0198966317144566 0.00593154208956238 -7.15352966087849e-05 201409 NA
0.0248877155077789 0.00528472981108982 -0.000103771225743497 201410 NA
0.0251802985302983 0.00588174774581924 -6.32006303968696e-05 201411 NA
-0.000600180072032461 0.00629818676381952 -2.2287341643717e-05 201412 NA
-0.0315938715911786 0.00582035466759338 -2.32224431492004e-05 201501 NA
0.0594945717856397 0.00496139037040777 -7.42251073624951e-05 201502 NA
-0.0112631922787107 0.00580275343609383 2.18535973036374e-05 201503 NA
0.00588266315815551 0.00545332336724198 3.68122069169807e-06 201504 NA
0.0135083500247923 0.00521806084375968 1.31329601409968e-05 201505 NA
-0.0154182527283806 0.00669753018302972 3.47946247712557e-05 201506 NA
0.015282623531157 0.00637127342829988 1.00301258078713e-05 201507 NA
-0.0623010261973793 0.0114453670273986 3.44662752564298e-05 201508 NA
-0.0311811174835747 0.000902401417118191 -6.51111887573653e-05 201509 NA
0.0746435429957657 -0.00116557222296378 -0.00011473799305532 201510 NA
0.00558437829390066 0.0135847432822347 4.30385565299408e-06 201511 NA
-0.0220411308768803 0.0142737404669337 1.31751981621319e-05 201512 NA
-0.0595377127161963 0.0129198313225697 -2.1831636877618e-05 201601 NA
-0.000900405243164155 0.0091305095714786 -0.000116151575196665 201602 NA
