-0.50855;0.24246;1.2657;-1.1755;-0.30277;0.42541
-0.54101;0.23858;1.2287;-1.2029;-0.31425;0.41389
-0.62241;0.14235;1.1273;-1.2633;-0.38521;0.36303
-0.55848;0.16355;1.1825;-1.2419;-0.35801;0.43254
-0.53216;0.19376;1.2225;-1.2411;-0.33417;0.454
-0.38263;0.20185;1.5045;-1.5012;0.12383;1.1404
-0.5483;0.37328;1.4908;-0.84533;0.0805;0.74749
-0.50927;0.39378;1.5171;-0.85096;0.090073;0.77264
-0.34177;0.55387;1.7241;-0.7155;0.21621;0.96761
-0.2176;0.65422;1.8387;-0.61425;0.29615;1.0864
-0.20617;0.68146;1.8593;-0.59268;0.33541;1.1592
-0.072876;0.8119;2.0546;-0.52028;0.43814;1.2694
-0.17617;0.72789;1.904;-0.56264;0.36613;1.1406
-0.28811;0.62026;1.7551;-0.67668;0.30879;1.0246
-0.24007;0.66775;1.8295;-0.61804;0.41484;1.1185
-0.096316;0.83463;2.025;-0.5201;0.53594;1.2369
0.0090442;0.92856;2.1678;-0.39656;0.73242;1.4739
0.27933;0.7888;1.8492;-0.62156;0.49457;1.7846
-0.072328;0.9401;2.0497;-0.45084;0.692;1.6646
-0.059452;0.93739;2.0935;-0.4332;0.71123;1.6695
0.27314;1.3175;2.4979;-0.096145;1.0526;2.1096
0.22607;1.2378;2.4544;-0.18135;1.0255;2.0136
0.30062;1.3188;2.5511;-0.10762;1.2125;2.1875
0.47247;1.5082;2.798;0.02225;1.4325;2.4398
0.4688;1.4484;2.7027;0.059638;1.4185;2.3636
0.44262;1.4351;2.7027;0.00014432;1.4053;2.3582
0.59677;1.5322;2.8621;0.11329;1.5901;2.5737
0.8122;1.7184;3.105;0.31205;1.8167;2.8001
1.0022;2.0017;3.2924;0.53975;2.1221;3.1093
1.2977;2.1804;3.3883;0.60108;2.0542;2.2468
0.7658;1.6789;2.9737;0.28166;1.454;2.336
0.29181;1.2402;2.3616;0.018024;1.0474;1.8596
0.32207;1.2979;2.4905;0.04137;1.1156;1.9098
0.50098;1.5186;2.7524;0.15616;1.3082;2.1746
0.5216;1.6158;2.9049;0.18695;1.4051;2.3531
0.61317;1.6789;3.0226;0.13039;1.3975;2.3947
0.60861;1.6734;2.9498;0.133;1.37;2.3085
0.80928;1.8876;3.1948;0.29694;1.5538;2.4975
0.72924;1.8275;3.0371;0.29519;1.4655;2.4307
0.35679;1.3947;2.5858;0.015586;1.0508;1.9807
-0.14623;0.89953;2.0628;-0.1379;0.82573;1.6362
-0.21727;0.63615;2.1402;-0.28827;0.7944;1.1423
-0.22089;0.62591;2.0634;-0.24694;0.6753;1.5183
-0.30116;0.52788;1.9827;-0.34529;0.52764;1.351
-0.2352;0.67354;2.2231;-0.24528;0.65975;1.5807
-0.14612;0.80359;2.3662;-0.17977;0.77526;1.7793
-0.18868;0.76485;2.3144;-0.26582;0.66061;1.6566
-0.2295;0.73187;2.3032;-0.28427;0.64359;1.6246
-0.40705;0.47935;1.9867;-0.38201;0.4904;1.4003
-0.39501;0.47091;1.9278;-0.35648;0.52632;1.4393
-0.44461;0.45424;1.9355;-0.35232;0.52989;1.4525
-0.48303;0.45977;1.9627;-0.33285;0.55537;1.5014
-0.41182;0.56175;2.0923;-0.26514;0.645;1.6596
-0.39603;0.70183;2.0613;-0.012235;0.021349;1.5468
-0.20811;0.77077;2.3297;-0.51351;0.54164;1.9762
-0.30721;0.69073;2.2092;-0.57115;0.5054;1.8982
-0.28173;0.70501;2.2422;-0.56443;0.51487;1.8982
-0.26547;0.72034;2.2837;-0.55665;0.54596;1.9779
-0.4368;0.58007;2.164;-0.6512;0.49631;1.8951
-0.4774;0.55905;2.1589;-0.65582;0.50264;1.9176
-0.40586;0.59892;2.19;-0.6248;0.53592;2.032
-0.35762;0.64399;2.2552;-0.61395;0.56371;2.1767
-0.30081;0.73788;2.3744;-0.5766;0.60599;2.2494
-0.35762;0.64926;2.278;-0.64934;0.5118;2.1192
-0.33707;0.63175;2.2722;-0.67501;0.4695;2.0746
-0.20754;0.5866;2.169;-0.61909;0.25704;1.6384
-0.37793;0.50626;2.28;-0.90723;0.20943;1.5722
-0.43274;0.43317;2.1353;-0.92664;0.18988;1.54
-0.47708;0.38467;2.1559;-0.96723;0.18937;1.5231
-0.55555;0.28169;2.072;-1.0323;0.11349;1.4671
-0.64785;0.18184;1.8977;-1.0541;0.062666;1.3337
-0.72442;0.10096;1.8662;-1.0789;0.0098074;1.2535
-0.83197;0.009645;1.6648;-1.1036;-0.0791;1.1407
-0.85845;-0.052049;1.616;-1.1191;-0.10404;1.0678
-0.85007;-0.080694;1.6089;-1.144;-0.10071;1.0832
-0.67758;0.059982;1.7922;-1.0728;-0.012882;1.1906
-0.72887;0.016944;1.7106;-1.1131;-0.058592;1.1261
-1.2735;0.02661;1.8736;-1.2333;0.066918;0.88149
-0.93708;0.0045195;1.6682;-1.2619;-0.13707;0.93477
-0.93708;-0.011284;1.6322;-1.2602;-0.14204;0.89098
-0.96955;-0.048895;1.5921;-1.2664;-0.14482;0.88589
-1.0164;-0.1107;1.5386;-1.3245;-0.22956;0.80452
-1.1143;-0.18222;1.4238;-1.3499;-0.24245;0.81055
-1.1224;-0.19679;1.3493;-1.3234;-0.25709;0.79499
-1.1855;-0.26124;1.2497;-1.358;-0.27111;0.73643
-1.2182;-0.28139;1.2189;-1.3534;-0.27254;0.64877
-1.1725;-0.27421;1.2301;-1.3324;-0.26848;0.5886
-1.0804;-0.15443;1.3831;-1.2611;-0.20388;0.70611
-1.0804;-0.13478;1.428;-1.2517;-0.1906;0.73103
-1.2931;-0.030267;1.5462;-1.1191;-0.28537;0.70111
-1.0288;-0.19621;1.4578;-1.234;-0.28577;0.63742
-0.9778;-0.14024;1.5122;-1.1843;-0.23274;0.72306
-0.7322;0.098237;1.7751;-1.0519;-0.086802;0.93743
-0.59934;0.20151;1.8819;-0.94628;-0.0031276;1.1004
-0.46453;0.33769;2.0054;-0.83928;0.08729;1.2111
-0.30154;0.47085;2.1556;-0.79125;0.13157;1.2787
-0.35055;0.41487;2.1192;-0.80491;0.13547;1.2963
-0.43357;0.36185;2.0755;-0.85964;0.086726;1.2389
-0.057104;0.69778;2.431;-0.59453;0.35171;1.6269
-0.25777;0.5142;2.2527;-0.71762;0.21642;1.4866
-0.18121;0.59661;2.3105;-0.67754;0.26076;1.5527
-0.30861;0.17562;1.8827;-1.2152;0.4723;1.605
-0.60194;0.19016;1.9261;-0.6913;0.16348;1.3557
-0.54582;0.24311;2.0236;-0.68339;0.23202;1.411
-0.51626;0.26946;2.0475;-0.69115;0.2291;1.4226
-0.66449;0.12717;1.8945;-0.7543;0.15849;1.2909
-0.60437;0.1506;1.9563;-0.73805;0.19051;1.3193
-0.65472;0.12087;1.942;-0.76423;0.15093;1.2362
-0.56756;0.22206;2.0391;-0.70956;0.21461;1.3542
-0.59399;0.17019;1.9819;-0.73819;0.18803;1.2895
-0.3838;0.38512;2.2476;-0.63056;0.33734;1.5322
-0.37735;0.39059;2.2209;-0.62708;0.33967;1.5652
-0.4992;0.30403;2.1231;-0.68929;0.29233;1.4781
-0.45046;0.46453;2.1479;-0.40921;-0.11712;1.7897
-0.54926;0.34609;1.9914;-0.90852;0.14083;1.4922
-0.42194;0.4737;2.1322;-0.84024;0.20678;1.6101
-0.71016;0.15525;1.7016;-0.95904;0.050919;1.2797
-0.71821;0.16336;1.75;-0.95854;0.061098;1.3224
-0.6399;0.25949;1.8955;-0.92073;0.10491;1.4368
-0.68729;0.24612;1.8948;-0.95164;0.090059;1.4279
-0.64509;0.2685;1.9234;-0.92878;0.11815;1.4773
-0.68563;0.23512;1.8983;-0.93329;0.1077;1.4662
-0.73095;0.2092;1.8703;-0.95356;0.098095;1.4446
-0.77883;0.18563;1.8364;-0.95181;0.098732;1.441
-0.46621;0.51264;2.2221;-0.69672;0.34056;1.7321
-0.23905;0.39693;2.154;-0.91877;0.54791;1.554
-0.39937;0.45112;2.0103;-0.68797;0.34307;1.5734
-0.41862;0.42508;1.9905;-0.70354;0.33329;1.5461
-0.47425;0.38231;1.9483;-0.72938;0.32753;1.5324
-0.49997;0.33188;1.8843;-0.73771;0.27052;1.454
-0.49409;0.32488;1.8961;-0.71047;0.29598;1.4811
-0.46822;0.34841;1.9393;-0.70859;0.29203;1.4819
-0.42285;0.37985;1.9474;-0.65734;0.33116;1.5036
-0.38851;0.40221;1.9761;-0.63342;0.35403;1.5073
-0.38194;0.3947;1.9433;-0.63305;0.34584;1.4844
-0.3019;0.45642;1.9972;-0.56641;0.39411;1.5028
-0.30902;0.44849;1.9887;-0.57014;0.37903;1.4825
-0.50989;0.44505;1.8293;-0.65901;0.41824;1.2042
-0.39059;0.37053;1.6964;-0.61744;0.24585;1.2486
-0.37409;0.38709;1.7032;-0.61913;0.26452;1.2791
-0.32289;0.40394;1.7308;-0.6118;0.29096;1.293
-0.22756;0.46913;1.8036;-0.54978;0.32829;1.3189
-0.20852;0.51146;1.8421;-0.51707;0.3517;1.3465
-0.10505;0.61682;1.9897;-0.46482;0.40974;1.4529
-0.17594;0.52507;1.8579;-0.44264;0.4016;1.3532
-0.17373;0.54164;1.878;-0.41352;0.43957;1.3816
-0.13079;0.58432;1.9453;-0.34408;0.52645;1.4469
-0.0565;0.62891;1.9897;-0.29516;0.57004;1.4827
-0.051513;0.60785;1.9852;-0.35979;0.5293;1.4854
-0.0061229;0.60488;2.0652;-0.46784;0.52261;1.9887
-0.10731;0.57619;2.0528;-0.33948;0.59952;1.6925
-0.11417;0.54802;2.0336;-0.35038;0.58862;1.6499
-0.11871;0.53626;1.9825;-0.36916;0.56881;1.6077
-0.19087;0.46781;1.8473;-0.41805;0.48932;1.4998
-0.176;0.49358;1.9142;-0.42281;0.50262;1.578
-0.17813;0.47804;1.8811;-0.46215;0.45173;1.5429
-0.29116;0.35257;1.6793;-0.51407;0.37575;1.4507
-0.39269;0.26575;1.5285;-0.55709;0.31363;1.3369
-0.48172;0.16122;1.395;-0.59428;0.24687;1.2378
-0.47539;0.13534;1.318;-0.59079;0.23561;1.205
-0.54586;0.044688;1.2002;-0.63601;0.18512;1.1429
-0.83054;-0.0093869;1.4907;-0.69774;0.39989;0.75601
-0.37474;0.22589;1.5075;-0.57973;0.20992;1.1844
-0.37635;0.22767;1.5104;-0.58914;0.20178;1.1869
-0.40332;0.20825;1.4691;-0.60722;0.18249;1.1606
-0.39895;0.21175;1.4637;-0.59059;0.19251;1.1595
-0.32353;0.30549;1.5907;-0.53695;0.27176;1.2797
-0.38284;0.21175;1.4863;-0.57869;0.21183;1.2134
-0.42881;0.17897;1.4233;-0.58743;0.19799;1.1694
-0.43459;0.17558;1.4208;-0.58418;0.19525;1.1521
-0.45032;0.13903;1.3562;-0.60012;0.17256;1.1243
-0.42881;0.17051;1.3992;-0.58473;0.19354;1.1389
-0.47691;0.1085;1.334;-0.6241;0.15217;1.09
-0.72295;-0.034174;1.2752;-0.5711;-0.12816;1.0529
-0.56572;0.097139;1.2535;-0.67514;0.084142;1.0854
-0.60174;0.064831;1.2391;-0.68553;0.07839;1.0802
-0.61346;0.067725;1.2433;-0.68366;0.085585;1.0825
-0.61229;0.063387;1.2517;-0.68247;0.080184;1.0822
-0.61927;0.040561;1.2267;-0.68809;0.068167;1.074
-0.65899;-0.012986;1.1308;-0.7083;0.029765;0.97533
-0.71237;-0.053594;1.0835;-0.71236;-0.0040302;0.95586
-0.77287;-0.13374;0.98525;-0.75893;-0.061127;0.86668
-0.72168;-0.068881;1.0589;-0.72237;-0.010283;0.91245
-0.7884;-0.15135;0.95978;-0.78584;-0.087284;0.8086
-0.80843;-0.16062;0.91519;-0.80251;-0.087487;0.79811
-0.99111;-0.20946;0.92443;-0.62787;-0.28872;0.42911
-0.74425;-0.061681;0.97084;-0.88855;-0.13973;0.7451
-0.81508;-0.12938;0.92612;-0.96363;-0.18049;0.72526
-0.87944;-0.18748;0.86259;-1.0066;-0.21755;0.67302
-0.94158;-0.24942;0.81703;-1.0301;-0.26731;0.62428
-1.0204;-0.33568;0.71309;-1.0547;-0.31662;0.54797
-1.0561;-0.36732;0.69696;-1.0648;-0.32246;0.55587
-1.1501;-0.44681;0.58261;-1.1246;-0.3676;0.48492
-1.0812;-0.37529;0.66214;-1.061;-0.31371;0.56582
-1.1446;-0.42689;0.60843;-1.1123;-0.37647;0.52082
-1.1926;-0.49494;0.55051;-1.1496;-0.42853;0.4996
-1.2496;-0.53222;0.49111;-1.1775;-0.45788;0.44082
-1.1664;-0.49658;0.4291;-0.99262;-0.39921;0.25613
-0.99493;-0.41022;0.71792;-1.1046;-0.40741;0.42404
-0.90578;-0.32091;0.80003;-1.0379;-0.33849;0.49546
-0.75661;-0.15785;0.97168;-0.9385;-0.24314;0.62376
-0.71608;-0.14528;0.97168;-0.91123;-0.22565;0.62019
-0.69412;-0.13256;0.96558;-0.90345;-0.22674;0.63349
-0.73958;-0.16614;0.92622;-0.95487;-0.2651;0.59883
-0.77433;-0.18859;0.89968;-0.976;-0.26421;0.58273
-0.75958;-0.1815;0.90196;-0.96864;-0.24701;0.60974
-0.72123;-0.13894;0.93209;-0.94885;-0.2306;0.62823
-0.6252;-0.05029;1.0206;-0.89444;-0.19156;0.67406
-0.57051;-0.0016156;1.0736;-0.8768;-0.18572;0.70401
-0.66037;-0.2267;0.99562;-1.085;-0.38483;0.86933
-0.64202;-0.076156;0.95006;-0.93116;-0.18272;0.74339
-0.61911;-0.054495;0.96428;-0.90613;-0.16401;0.77504
-0.61382;-0.042455;0.94494;-0.89591;-0.15134;0.77921
-0.64716;-0.072431;0.91847;-0.91581;-0.17911;0.75173
-0.59241;-0.029783;0.95263;-0.88784;-0.15361;0.78314
-0.58371;-0.034025;0.93477;-0.9;-0.17896;0.72486
-0.56609;-0.0039475;0.93984;-0.85404;-0.13674;0.76225
-0.49829;0.067229;1.0055;-0.79891;-0.094347;0.81833
-0.55492;-0.0050374;0.89633;-0.87043;-0.16206;0.71853
-0.56609;-0.030845;0.85347;-0.89077;-0.20252;0.65203
-0.64716;-0.11138;0.7837;-0.96715;-0.26071;0.5857
-0.85598;-0.1153;0.91723;-1.0887;-0.18413;0.57666
-0.49208;0.045487;0.89067;-0.74833;-0.090416;0.72871
-0.47375;0.056489;0.8974;-0.74921;-0.082804;0.73208
-0.43604;0.10522;0.96158;-0.71766;-0.051593;0.77493
-0.47004;0.062035;0.91238;-0.77762;-0.10515;0.71795
-0.36231;0.17496;1.0599;-0.67975;-0.0045603;0.87392
-0.36231;0.18876;1.0727;-0.7185;-0.023657;0.85972
-0.36746;0.17372;1.0489;-0.72272;-0.01129;0.84977
-0.30594;0.22083;1.1121;-0.68668;0.021544;0.90053
-0.35608;0.17372;1.041;-0.72426;-0.0040271;0.85807
-0.33399;0.21045;1.0776;-0.70196;0.0063385;0.88693
-0.28828;0.25532;1.1341;-0.67755;0.043022;0.95251
-0.028138;0.29512;0.96013;-0.94837;0.28806;1.3496
-0.22715;0.30802;1.2827;-0.49652;0.20046;1.0948
-0.25148;0.28138;1.2645;-0.51467;0.18001;1.0759
-0.29636;0.24452;1.2338;-0.5359;0.14923;1.0371
-0.34331;0.21364;1.1948;-0.5659;0.12151;1.0073
-0.33931;0.21598;1.1994;-0.58054;0.1347;1.0107
-0.39386;0.1724;1.124;-0.625;0.10416;0.95358
-0.46253;0.1298;1.0808;-0.63158;0.087514;0.91912
-0.4731;0.1181;1.0767;-0.63923;0.07951;0.91736
-0.49046;0.13409;1.1042;-0.65212;0.075425;0.9156
-0.54407;0.084835;1.0354;-0.69221;0.048017;0.86366
-0.55381;0.064592;1.0097;-0.72675;0.0062103;0.83305
-0.37207;0.13251;1.0499;-0.54726;-0.24078;0.83028
-0.40263;0.16696;0.9756;-0.6556;0.042308;0.83384
-0.43874;0.1211;0.9325;-0.70182;0.010325;0.81815
-0.48605;0.077248;0.89008;-0.7527;-0.021625;0.77667
-0.48026;0.084423;0.8879;-0.74955;-0.015041;0.75935
-0.4736;0.084542;0.86503;-0.75429;-0.034192;0.74115
-0.49611;0.023978;0.75659;-0.78206;-0.09177;0.64594
-0.55853;-0.04038;0.65792;-0.82963;-0.14259;0.56507
-0.57131;-0.045786;0.6631;-0.84536;-0.15463;0.58827
-0.54789;-0.0082527;0.7266;-0.83464;-0.12209;0.64469
-0.56757;-0.042185;0.66744;-0.8753;-0.17612;0.58106
-0.54329;-0.0082527;0.7074;-0.8437;-0.14983;0.62687
-0.52185;-0.071471;0.82643;-0.9258;-0.11285;0.71122
-0.43995;0.027983;0.80952;-0.75631;-0.10797;0.69031
-0.47562;-0.017518;0.76609;-0.78966;-0.14234;0.65066
-0.49191;-0.04032;0.74092;-0.79332;-0.14091;0.63991
-0.47012;-0.015692;0.78036;-0.75349;-0.13197;0.66282
-0.46222;-0.012403;0.7842;-0.75201;-0.12658;0.66632
-0.46697;-0.011579;0.78516;-0.78868;-0.15816;0.66107
-0.47874;-0.027932;0.77273;-0.79216;-0.18073;0.62263
-0.45106;2.9939e-05;0.79785;-0.7623;-0.14427;0.66291
-0.45586;-0.014648;0.77011;-0.80099;-0.18782;0.60477
-0.40175;0.036517;0.81251;-0.75279;-0.13364;0.66171
-0.41846;0.02369;0.79109;-0.78208;-0.1546;0.63489
-0.57344;-0.069528;0.87332;-0.96543;-0.094579;0.67522
-0.50685;0.075149;0.82992;-0.73131;-0.073236;0.7334
-0.5029;0.073565;0.83205;-0.71662;-0.061242;0.75111
-0.50092;0.087908;0.85797;-0.69619;-0.036109;0.78153
-0.48829;0.10572;0.88122;-0.68633;-0.036878;0.78975
-0.53533;0.060987;0.8278;-0.73653;-0.080806;0.72683
-0.54801;0.051655;0.81724;-0.76494;-0.10384;0.69486
-0.58208;0.019419;0.79316;-0.75612;-0.10011;0.68093
-0.59117;0.0046146;0.77898;-0.7459;-0.092629;0.69818
-0.56736;0.026153;0.80445;-0.73219;-0.07336;0.73182
-0.53597;0.053945;0.81872;-0.69989;-0.048912;0.75357
-0.53788;0.05241;0.81768;-0.70191;-0.044408;0.74912
-0.29843;0.057417;0.7921;-0.7328;-0.072356;0.85317
-0.49626;0.12861;0.89668;-0.63346;0.040521;0.81287
-0.45622;0.19162;0.96789;-0.58442;0.08669;0.90674
-0.4527;0.20719;0.99816;-0.58916;0.089991;0.93112
-0.47782;0.18371;0.96789;-0.63651;0.049052;0.88812
-0.48606;0.17016;0.96331;-0.65798;0.034247;0.86885
-0.48057;0.19339;0.99934;-0.66018;0.037254;0.90456
-0.52691;0.1321;0.92194;-0.70284;-0.017543;0.82917
-0.53214;0.12299;0.91322;-0.711;-0.033214;0.83051
-0.55281;0.097635;0.90282;-0.74951;-0.062193;0.81846
-0.54833;0.077948;0.90282;-0.79892;-0.093102;0.78511
-0.58304;0.042483;0.85683;-0.82049;-0.11258;0.72653
-0.57669;0.068052;0.76309;-0.86782;-0.091251;0.81843
-0.62292;0.077107;0.86321;-0.79157;-0.069027;0.70842
-0.61775;0.081197;0.87761;-0.7589;-0.047406;0.76982
-0.63843;0.040375;0.83588;-0.82503;-0.098891;0.71418
-0.64175;0.055885;0.84462;-0.80103;-0.088788;0.7125
-0.70846;-0.024922;0.76134;-0.88311;-0.15806;0.57635
-0.77486;-0.10928;0.65792;-0.91966;-0.21247;0.46861
-0.7883;-0.11713;0.64818;-0.92439;-0.21123;0.43428
-0.82158;-0.15977;0.61281;-0.94544;-0.23959;0.40901
-0.77781;-0.15181;0.61144;-0.93908;-0.23428;0.38876
-0.7889;-0.1581;0.58773;-0.97756;-0.24647;0.34697
-0.79119;-0.15862;0.58773;-0.98741;-0.24638;0.35292
-0.95049;-0.20149;0.57387;-1.1021;-0.36998;0.50639
-0.74792;-0.15624;0.56879;-1.031;-0.26556;0.47639
-0.74221;-0.14784;0.57075;-1.0284;-0.26192;0.46853
-0.73213;-0.13524;0.578;-1.0277;-0.25119;0.49455
-0.7151;-0.12481;0.5913;-0.99832;-0.23066;0.52942
-0.76906;-0.16535;0.54741;-1.0672;-0.26849;0.4485
-0.79838;-0.17277;0.53352;-1.0848;-0.27999;0.46988
-0.77195;-0.15052;0.55258;-1.047;-0.26545;0.4958
-0.78779;-0.18255;0.53352;-1.0886;-0.28774;0.46821
-0.82134;-0.21449;0.4886;-1.1631;-0.33696;0.42131
-0.83171;-0.21721;0.4886;-1.1631;-0.34882;0.41472
-0.76883;-0.16954;0.5411;-1.1045;-0.29633;0.49034
-0.96834;-0.21469;0.56617;-1.1291;-0.44822;0.45312
-0.78255;-0.15667;0.60783;-1.129;-0.32627;0.45384
-0.78371;-0.13098;0.63476;-1.0891;-0.29203;0.49216
-0.74488;-0.086342;0.65976;-1.0254;-0.24697;0.53298
-0.75533;-0.095165;0.66629;-1.0301;-0.25345;0.52167
-0.74932;-0.092387;0.65106;-1.0198;-0.2685;0.52065
-0.78138;-0.10315;0.63996;-1.0492;-0.30341;0.50696
-0.77865;-0.10315;0.62136;-1.0037;-0.2721;0.53048
-0.7477;-0.064075;0.65233;-0.98109;-0.24935;0.56952
-0.7629;-0.081692;0.6335;-1.0061;-0.26321;0.55745
-0.76353;-0.099217;0.61519;-1.0571;-0.30033;0.5308
-0.7575;-0.1073;0.60792;-1.0961;-0.32575;0.52268
-0.66605;-0.11652;0.57895;-1.2148;-0.18661;0.55935
-0.65;-0.069142;0.71892;-0.9821;-0.18602;0.63516
-0.59252;-0.018516;0.7855;-0.92039;-0.14917;0.70588
-0.51283;0.03783;0.84262;-0.85339;-0.09799;0.77869
-0.42497;0.098612;0.93304;-0.81394;-0.061004;0.85924
-0.45014;0.091141;0.9293;-0.83735;-0.073964;0.87118
-0.39521;0.14633;0.99765;-0.79533;-0.043198;0.94219
-0.50797;0.04898;0.8874;-0.82854;-0.099623;0.83232
-0.4865;0.062171;0.89847;-0.80363;-0.089234;0.86361
-0.53331;0.030981;0.87413;-0.83507;-0.11547;0.83578
-0.56306;0.017208;0.83379;-0.86714;-0.13464;0.78744
-0.62082;-0.020189;0.79994;-0.87927;-0.15701;0.75732
-0.46706;-0.16448;0.72648;-0.92291;-0.24172;0.69013
-0.81102;-0.037519;0.746;-0.90385;-0.17384;0.70379
-0.851;-0.06412;0.736;-0.91473;-0.18871;0.67366
-0.88962;-0.10092;0.66398;-0.95831;-0.22687;0.59783
-0.95654;-0.12696;0.63561;-0.98404;-0.25071;0.56053
-1.0236;-0.16441;0.60227;-1.0113;-0.26723;0.52212
-1.0463;-0.19142;0.57026;-1.0577;-0.33042;0.48681
-1.0895;-0.24058;0.52932;-1.051;-0.35592;0.44834
-1.111;-0.2625;0.50704;-1.0519;-0.36363;0.42948
-1.1225;-0.26431;0.49261;-1.0568;-0.35949;0.43375
-1.1596;-0.29721;0.47269;-1.1024;-0.38321;0.3972
-1.1433;-0.29849;0.46135;-1.1248;-0.38514;0.36499
-1.4262;-0.26993;0.49429;-1.1215;-0.45762;0.22668
-0.96689;-0.27745;0.44325;-1.1467;-0.40041;0.38976
-0.94544;-0.26215;0.46665;-1.1288;-0.38641;0.39833
-0.88636;-0.20369;0.52247;-1.0763;-0.34867;0.45622
-0.9252;-0.22731;0.51293;-1.089;-0.36522;0.45677
-0.96015;-0.24077;0.51104;-1.1132;-0.35657;0.46664
-0.97318;-0.25999;0.49505;-1.1413;-0.37651;0.42895
-0.91333;-0.22602;0.52885;-1.055;-0.33043;0.48825
-0.93103;-0.22951;0.52597;-1.0635;-0.34712;0.50468
-0.90351;-0.1931;0.57151;-1.0531;-0.33153;0.56195
-0.90492;-0.16095;0.60139;-1.0373;-0.31471;0.59639
-0.95246;-0.17422;0.58103;-1.0762;-0.32375;0.60631
-1.0531;-0.14382;0.51159;-1.0174;-0.56071;0.35476
-0.77841;-0.13669;0.71355;-1.1539;-0.34444;0.5886
-0.81911;-0.15878;0.67758;-1.177;-0.37804;0.57189
-0.73469;-0.095482;0.75051;-1.1066;-0.32786;0.62653
-0.66774;-0.066969;0.78336;-1.1001;-0.32508;0.62213
-0.7282;-0.10795;0.75794;-1.1485;-0.35711;0.59027
-0.74405;-0.1387;0.75208;-1.1822;-0.4237;0.55642
-0.81584;-0.21307;0.66538;-1.2281;-0.49798;0.46319
-0.8931;-0.2704;0.61235;-1.2627;-0.5214;0.43824
-0.95929;-0.31434;0.56486;-1.2844;-0.55407;0.4183
-0.96932;-0.31685;0.54443;-1.2814;-0.56298;0.39584
-1.0032;-0.3586;0.5061;-1.3085;-0.57448;0.37419
-0.99533;-0.44214;0.50139;-1.4842;-0.22984;0.3523
-1.0926;-0.33641;0.53359;-1.1907;-0.44924;0.40951
-1.0964;-0.33668;0.52695;-1.2182;-0.46144;0.39337
-1.0429;-0.3014;0.5646;-1.2056;-0.42678;0.43308
-1.041;-0.32088;0.5658;-1.2274;-0.46357;0.40441
-1.0957;-0.37356;0.52873;-1.2686;-0.49756;0.37528
-1.0722;-0.37252;0.52967;-1.265;-0.49972;0.359
-1.0469;-0.36309;0.50823;-1.2122;-0.47695;0.35847
-1.0514;-0.36808;0.49443;-1.2264;-0.49567;0.33885
-1.0326;-0.35116;0.50408;-1.2208;-0.4909;0.36209
-0.95619;-0.26695;0.58476;-1.1516;-0.43161;0.42725
-0.78948;-0.14319;0.68976;-1.0518;-0.3532;0.49849
-1.0208;-0.045717;0.7005;-0.76371;-0.64681;0.5366
-0.87223;-0.087998;0.74566;-1.0757;-0.35778;0.56077
-0.91551;-0.11146;0.72477;-1.0985;-0.36667;0.54302
-0.82475;-0.036113;0.79348;-1.0435;-0.31872;0.58916
-0.77195;0.0029425;0.81732;-1.0488;-0.32323;0.59287
-0.90933;-0.11671;0.68554;-1.1498;-0.41022;0.46772
-0.86982;-0.10053;0.71384;-1.1627;-0.42811;0.46197
-0.94335;-0.17525;0.62234;-1.2101;-0.4686;0.39554
-0.91216;-0.15748;0.63176;-1.1785;-0.44354;0.41001
-0.91088;-0.16795;0.61016;-1.2101;-0.47539;0.36085
-0.94485;-0.17933;0.56813;-1.2578;-0.5176;0.3071
-0.94736;-0.20595;0.51636;-1.2745;-0.52235;0.27655
-1.3613;-0.50305;0.3825;-1.4983;-0.19951;0.26579
-1.0909;-0.26248;0.56423;-1.0743;-0.40263;0.36391
-1.1329;-0.29635;0.51461;-1.1226;-0.4428;0.29516
-1.0995;-0.28326;0.54607;-1.11;-0.42382;0.3183
-1.1101;-0.29819;0.52952;-1.1471;-0.43369;0.30021
-1.0793;-0.28208;0.54504;-1.1375;-0.41232;0.29967
-1.0766;-0.27199;0.55269;-1.1563;-0.4403;0.28147
-1.0833;-0.29831;0.51479;-1.1821;-0.46567;0.25739
-1.0972;-0.30811;0.47744;-1.1919;-0.47697;0.21797
-1.1009;-0.34545;0.43064;-1.1998;-0.50456;0.18838
-1.0681;-0.33999;0.44811;-1.2034;-0.51441;0.19921
-1.076;-0.34185;0.42997;-1.2138;-0.52057;0.16371
-1.2664;-0.29559;0.44446;-1.1878;-0.65867;0.20726
-1.0728;-0.35376;0.41104;-1.2158;-0.52253;0.20507
-1.0559;-0.34669;0.43833;-1.199;-0.50916;0.22297
-1.0877;-0.36122;0.40764;-1.2211;-0.5405;0.17903
-1.0976;-0.37191;0.38618;-1.2234;-0.5563;0.16885
-1.0942;-0.36435;0.39663;-1.2216;-0.56043;0.21081
-1.0962;-0.34489;0.42934;-1.2316;-0.5555;0.23357
-1.1622;-0.40148;0.38867;-1.2683;-0.58241;0.19016
-1.1967;-0.43129;0.35419;-1.2697;-0.57849;0.19207
-1.2035;-0.43353;0.35243;-1.2567;-0.55978;0.19035
-1.2322;-0.47582;0.30167;-1.2936;-0.58339;0.16376
-1.2167;-0.46317;0.31883;-1.2858;-0.57886;0.19464
-1.0761;-0.38672;0.30729;-1.1999;-0.69963;0.36173
-1.1338;-0.39498;0.38328;-1.2439;-0.49659;0.29073
-1.197;-0.43964;0.34309;-1.2686;-0.51895;0.27215
-1.233;-0.47207;0.30917;-1.3046;-0.53834;0.23869
-1.29;-0.51697;0.24895;-1.332;-0.55522;0.18631
-1.3275;-0.55905;0.20976;-1.325;-0.54799;0.19386
-1.3545;-0.59201;0.1725;-1.3323;-0.55079;0.15642
-1.3958;-0.64453;0.10806;-1.3297;-0.56229;0.12381
-1.4304;-0.67271;0.076349;-1.3093;-0.54826;0.13369
-1.4189;-0.63861;0.10596;-1.2922;-0.51933;0.17818
-1.4733;-0.67386;0.055816;-1.3148;-0.53664;0.16556
-1.3662;-0.56171;0.17564;-1.2668;-0.47712;0.24335
-1.4473;-0.6773;0.31181;-1.1899;-0.56254;-0.06351
-1.2011;-0.42493;0.33371;-1.281;-0.43238;0.21887
-1.078;-0.31675;0.44931;-1.1966;-0.3524;0.30391
-1.0544;-0.30386;0.4788;-1.1854;-0.35164;0.31118
-1.0004;-0.2972;0.4895;-1.2166;-0.42067;0.26256
-1.0718;-0.33274;0.48297;-1.2465;-0.40244;0.27676
-1.1045;-0.34596;0.48567;-1.2418;-0.41424;0.27821
-1.2717;-0.49432;0.32444;-1.3171;-0.47431;0.16302
-1.3172;-0.51129;0.29671;-1.3331;-0.46291;0.17872
-1.3747;-0.56661;0.24474;-1.3737;-0.49658;0.1323
-1.3943;-0.59045;0.22338;-1.4294;-0.51076;0.10292
-1.3774;-0.57072;0.25563;-1.374;-0.46761;0.1442
-1.3958;-0.64172;0.06154;-1.4183;-0.54195;0.3351
-1.4421;-0.63849;0.064715;-1.3759;-0.46692;0.17876
-1.4356;-0.63633;0.06583;-1.3648;-0.44371;0.17907
-1.4857;-0.68206;0.034257;-1.401;-0.45815;0.17071
-1.4772;-0.65741;0.071266;-1.3852;-0.41658;0.23582
-1.4878;-0.66182;0.085813;-1.3913;-0.40884;0.24439
-1.59;-0.70426;0.061046;-1.4105;-0.43925;0.21389
-1.5684;-0.70109;0.038185;-1.3447;-0.42437;0.24603
-1.4846;-0.6442;0.092708;-1.3072;-0.39662;0.28576
-1.4724;-0.63004;0.1047;-1.3225;-0.3782;0.28431
-1.63;-0.74971;-0.0068384;-1.4192;-0.42864;0.17344
-1.7223;-0.80941;-0.080858;-1.4388;-0.42368;0.13024
-2.1806;-0.6742;-0.029466;-1.3038;-0.40939;-0.77872
-1.5219;-0.66339;-0.018668;-1.5265;-0.59396;-0.046671
-1.556;-0.69381;-0.052154;-1.5348;-0.59865;-0.049579
-1.6191;-0.74163;-0.11169;-1.5664;-0.63945;-0.084055
-1.6119;-0.73629;-0.12438;-1.5594;-0.65364;-0.11328
-1.6932;-0.8072;-0.17232;-1.6088;-0.70064;-0.16035
-1.695;-0.77538;-0.1551;-1.5584;-0.6649;-0.12386
-1.6762;-0.75933;-0.13329;-1.5395;-0.66524;-0.12629
-1.5653;-0.66113;-0.042896;-1.4953;-0.60467;-0.067791
-1.5945;-0.68131;-0.071621;-1.5327;-0.62452;-0.094326
-1.6022;-0.69832;-0.08219;-1.5638;-0.62665;-0.10882
-1.5982;-0.70331;-0.080012;-1.5519;-0.62832;-0.10894
-1.6107;-0.72719;0.098902;-1.4215;-0.67695;-0.27887
-1.2306;-0.39832;0.22745;-1.5413;-0.52069;0.0022504
-1.2993;-0.43876;0.2051;-1.6033;-0.55669;-0.016021
-1.2924;-0.4154;0.23629;-1.5966;-0.51852;0.034205
-1.3953;-0.48933;0.17134;-1.6565;-0.56118;0.00050539
-1.337;-0.42982;0.25476;-1.6321;-0.51479;0.043125
-1.2788;-0.37344;0.3299;-1.6327;-0.49437;0.089249
-1.2153;-0.31818;0.35715;-1.548;-0.40345;0.15044
-1.2401;-0.34881;0.30057;-1.5807;-0.47228;0.085631
-1.1805;-0.33358;0.30301;-1.5603;-0.48468;0.076593
-0.93756;-0.17581;0.42549;-1.4477;-0.38302;0.15673
-0.81512;-0.059267;0.51457;-1.3603;-0.33163;0.20896
-0.76817;-0.146;0.56963;-1.3842;-0.49729;0.652
-0.69968;0.0071662;0.63881;-1.2256;-0.2755;0.37096
-0.75878;-0.057136;0.58;-1.2633;-0.31863;0.31999
-0.91492;-0.15074;0.4944;-1.3325;-0.31943;0.28522
-0.84331;-0.078579;0.53946;-1.3222;-0.30123;0.31885
-0.83523;-0.095072;0.53577;-1.3697;-0.34901;0.26816
-0.90968;-0.17923;0.45548;-1.4184;-0.41206;0.21318
-1.0044;-0.30044;0.33851;-1.4633;-0.44828;0.16454
-1.0488;-0.33042;0.31766;-1.4843;-0.44434;0.15028
-1.125;-0.37879;0.2736;-1.5408;-0.4724;0.13288
-1.1451;-0.41588;0.24321;-1.579;-0.49755;0.085745
-1.0999;-0.35692;0.30012;-1.5488;-0.4464;0.15846
-0.84172;-0.48488;0.10352;-1.7603;-0.40513;0.64243
-1.1352;-0.31076;0.4985;-1.3414;-0.24679;0.33005
-1.1765;-0.34298;0.4409;-1.392;-0.25176;0.25452
-1.1838;-0.33368;0.46543;-1.3948;-0.2373;0.28129
-1.1185;-0.28553;0.53813;-1.3548;-0.19876;0.32919
-1.0843;-0.25497;0.58448;-1.36;-0.18844;0.35487
-1.2094;-0.35801;0.48167;-1.4453;-0.26726;0.26568
-1.2969;-0.42176;0.38253;-1.471;-0.26914;0.21754
-1.3415;-0.44794;0.36192;-1.5119;-0.27229;0.21145
-1.3543;-0.44484;0.36938;-1.5322;-0.25682;0.20566
-1.3577;-0.45556;0.36641;-1.539;-0.25694;0.19606
-1.3393;-0.43865;0.40109;-1.5655;-0.25783;0.21525
-1.3106;-0.43866;0.38981;-1.5751;-0.087172;-0.39477
-1.1143;-0.31372;0.42746;-1.5329;-0.29385;0.23512
-1.1051;-0.33172;0.40799;-1.5446;-0.35672;0.17193
-1.0627;-0.30177;0.44229;-1.5391;-0.34384;0.17177
-1.0309;-0.29848;0.4664;-1.5435;-0.36406;0.16041
-1.0633;-0.352;0.40704;-1.5691;-0.42147;0.074227
-1.0518;-0.33796;0.44416;-1.5945;-0.41196;0.082025
-0.96945;-0.28284;0.4856;-1.5666;-0.38672;0.098491
-0.84941;-0.1948;0.54837;-1.5335;-0.33065;0.15592
-0.80516;-0.16498;0.56404;-1.5195;-0.33347;0.14554
-0.68215;-0.1028;0.62131;-1.4556;-0.30588;0.16228
-0.57322;-0.025007;0.7015;-1.4427;-0.27845;0.20499
-1.3483;-0.2287;0.48576;-1.5658;-0.53456;0.68962
-0.80189;0.015183;0.65614;-1.3678;-0.18107;0.41286
-0.75942;0.072163;0.70428;-1.3304;-0.14276;0.42865
-0.86304;-0.015034;0.62594;-1.3517;-0.22809;0.34369
-0.83334;-0.016394;0.62841;-1.3482;-0.22315;0.35483
-0.57563;0.18598;0.81031;-1.21;-0.10913;0.47627
-0.54769;0.213;0.83218;-1.194;-0.15944;0.42244
-0.60852;0.11898;0.70719;-1.1817;-0.14663;0.38305
-0.60661;0.1209;0.69374;-1.1674;-0.15199;0.36881
-0.59573;0.13918;0.69387;-1.1484;-0.11402;0.4005
-0.52721;0.2024;0.73915;-1.1113;-0.050625;0.4495
-0.44577;0.28932;0.82627;-1.0919;0.012233;0.51983
-0.31403;0.12812;0.92954;-1.2477;0.21439;1.1387
-0.30131;0.39859;1.0089;-0.71308;0.32458;0.81863
-0.19366;0.48826;1.094;-0.60141;0.39805;0.90141
-0.062878;0.57277;1.1758;-0.45222;0.46419;0.97996
-0.19431;0.50566;1.1005;-0.6448;0.3635;0.92469
-0.1388;0.57071;1.1625;-0.59775;0.41111;0.97755
-0.059631;0.63492;1.2563;-0.56223;0.41586;1.0084
-0.2742;0.40056;0.99642;-0.66012;0.26122;0.81913
-0.3359;0.37645;0.96343;-0.73438;0.24516;0.80662
-0.40583;0.31517;0.89499;-0.76096;0.23331;0.74105
-0.46903;0.28967;0.86727;-0.81533;0.2179;0.67826
-0.55836;0.22866;0.81626;-0.8642;0.1703;0.67523
-0.64313;0.075436;0.67867;-1.025;0.23248;1.0535
-0.52372;0.2426;0.81759;-0.61802;0.24166;0.79922
-0.46927;0.29114;0.89115;-0.59018;0.26606;0.82529
-0.42355;0.33249;0.93428;-0.54843;0.29797;0.86865
-0.42331;0.30259;0.92005;-0.61001;0.24577;0.8109
-0.4309;0.2939;0.88688;-0.63505;0.21828;0.7714
-0.4088;0.3073;0.90631;-0.61497;0.2188;0.76565
-0.54638;0.14182;0.69023;-0.71637;0.085737;0.60587
-0.6082;0.078591;0.58492;-0.69785;0.073462;0.56443
-0.61561;0.068251;0.57414;-0.72422;0.048248;0.54553
-0.60382;0.079976;0.59391;-0.70666;0.048208;0.56289
-0.58681;0.10806;0.63822;-0.69468;0.073509;0.57435
-0.63936;0.095563;0.56233;-0.6692;-0.13753;0.21002
-0.63939;0.1152;0.65691;-0.76928;0.10373;0.52857
-0.60222;0.13444;0.67869;-0.76096;0.10051;0.54346
-0.63245;0.11318;0.66058;-0.78228;0.07455;0.51769
-0.60285;0.13773;0.69071;-0.75623;0.08888;0.55616
-0.62547;0.11748;0.66252;-0.73739;0.072489;0.54242
-0.6887;0.031721;0.57605;-0.78382;0.01226;0.47746
-0.69241;0.013238;0.54672;-0.71325;0.028963;0.48438
-0.68003;0.030976;0.55153;-0.68731;0.051353;0.50834
-0.68061;0.029065;0.55441;-0.66876;0.060298;0.50687
-0.6713;0.023627;0.53414;-0.65793;0.043055;0.46871
-0.65676;0.028827;0.53088;-0.63279;0.053316;0.49951
-0.85843;0.067502;0.46224;-0.62074;-0.11693;0.16544
-0.67802;0.034474;0.57919;-0.6315;0.057817;0.50721
-0.68099;0.049386;0.6024;-0.62784;0.10375;0.54384
-0.69376;0.042603;0.60405;-0.61854;0.096264;0.55559
-0.64719;0.067145;0.62359;-0.5719;0.13713;0.59305
-0.71755;0.0010221;0.56035;-0.60124;0.10993;0.55717
-0.73586;0.012165;0.55971;-0.60167;0.10611;0.55002
-0.68641;0.043972;0.57853;-0.53388;0.16682;0.5892
-0.69916;0.032588;0.56362;-0.50149;0.17425;0.61431
-0.74824;-0.018772;0.51615;-0.52045;0.14448;0.58083
-0.83046;-0.079923;0.45437;-0.62343;0.09467;0.52243
-0.88828;-0.12408;0.40906;-0.63445;0.094855;0.50796
-0.98854;-0.14095;0.51534;-0.44912;-0.026982;0.018573
-0.82776;-0.031746;0.45489;-0.73212;0.064936;0.49256
-0.90027;-0.106;0.38156;-0.76215;0.033079;0.47926
-0.87529;-0.094799;0.39298;-0.73274;0.025971;0.48334
-0.60373;0.11681;0.60582;-0.62547;0.12507;0.62103
-0.6821;0.076867;0.57453;-0.6483;0.10463;0.59819
-0.69929;0.099947;0.56803;-0.67366;0.10262;0.60653
-0.7711;0.030645;0.49108;-0.70117;0.058103;0.54799
-0.72508;0.059886;0.52177;-0.65376;0.092685;0.58407
-0.8232;-0.011876;0.45221;-0.70739;0.04168;0.51518
-0.83188;-0.036101;0.42854;-0.70573;0.038173;0.51368
-0.7945;-0.014868;0.45241;-0.67984;0.063902;0.53532
-0.94334;-0.05448;0.53038;-0.7096;-0.009342;0.37385
-0.78808;0.0037067;0.51562;-0.65396;0.068474;0.50956
-0.86953;-0.060597;0.45438;-0.71395;0.028039;0.4696
-0.87353;-0.042544;0.46922;-0.7043;0.021266;0.47981
-0.7615;0.074938;0.59444;-0.63199;0.088509;0.57422
-0.86004;0.026954;0.5373;-0.68524;0.043298;0.54113
-0.92449;-0.017924;0.50094;-0.71138;0.039586;0.52987
-0.98873;-0.088155;0.4248;-0.75613;-0.019649;0.46888
-0.9825;-0.049921;0.46111;-0.71894;-0.029548;0.47189
-0.75929;0.14264;0.67025;-0.62231;0.08818;0.61623
-0.81009;0.094101;0.62144;-0.65697;0.037714;0.56295
-0.88552;0.027242;0.55406;-0.70574;-0.0030971;0.50875
-0.82788;-0.059255;0.50071;-0.75786;0.019632;0.18728
-1.0043;0.02565;0.58069;-0.781;-0.044392;0.52536
-1.0728;-0.010748;0.55587;-0.79811;-0.044525;0.51886
-1.1197;-0.033696;0.55246;-0.8372;-0.072215;0.53417
-1.1717;-0.047892;0.53689;-0.85231;-0.097306;0.56026
-1.2867;-0.083069;0.5212;-0.95901;-0.21673;0.54275
-1.2248;-0.056082;0.54497;-0.93494;-0.16432;0.5547
-1.1744;-0.05238;0.52662;-0.87175;-0.10527;0.54237
-1.1628;-0.052201;0.51175;-0.89475;-0.10718;0.54077
-1.2273;-0.1252;0.44293;-0.92015;-0.13936;0.49385
-1.247;-0.15151;0.40923;-0.89576;-0.11339;0.48631
-1.282;-0.16088;0.40533;-0.89805;-0.10044;0.47955
-1.3288;-0.12512;0.3603;-0.9184;-0.11495;0.39568
-1.1046;-0.055131;0.50477;-0.7516;-0.0026347;0.48815
-0.99806;0.017762;0.56203;-0.66578;0.062875;0.52713
-0.87918;0.095034;0.62442;-0.59792;0.14909;0.54564
-0.97898;0.042794;0.57167;-0.67237;0.11505;0.50709
-0.98416;0.003817;0.53747;-0.70256;0.073902;0.47911
-0.95102;0.021173;0.56318;-0.66875;0.10792;0.51102
-0.89514;0.070447;0.58004;-0.64871;0.14755;0.51012
-0.80971;0.11887;0.59808;-0.55092;0.19627;0.5437
-0.78433;0.13525;0.59556;-0.52503;0.21839;0.53023
-0.84253;0.08718;0.56037;-0.5803;0.18611;0.52946
-0.80026;0.11691;0.59848;-0.53662;0.22465;0.5809
-0.91871;0.08788;0.82586;-0.43815;0.15495;0.39316
-0.61643;0.2271;0.79149;-0.5863;0.29443;0.66987
-0.68573;0.15226;0.73058;-0.68504;0.18302;0.55877
-0.7092;0.11338;0.68961;-0.69853;0.16618;0.56209
-0.85173;-0.0060135;0.58462;-0.81591;0.06318;0.47993
-0.93733;-0.074986;0.50104;-0.87045;0.052163;0.45324
-0.93907;-0.075018;0.51039;-0.8795;0.048985;0.44056
-1.0262;-0.12208;0.46576;-0.90601;0.02508;0.3864
-1.066;-0.18118;0.41592;-0.93608;0.010321;0.37614
-1.0908;-0.23936;0.3669;-0.95855;-0.02997;0.35092
-1.1636;-0.31212;0.30261;-1.013;-0.11527;0.29003
-1.2371;-0.35791;0.25856;-1.0064;-0.10881;0.29822
-1.3338;-0.30954;0.16061;-1.1158;-0.088757;0.077205
-1.3105;-0.28521;0.30927;-1.0648;-0.13437;0.32674
-1.2558;-0.25129;0.32663;-1.0478;-0.13379;0.28448
-1.2522;-0.26832;0.29259;-1.0722;-0.14531;0.28437
-1.1577;-0.22126;0.32395;-1.0347;-0.13334;0.2896
-1.2026;-0.25714;0.28661;-1.0568;-0.15029;0.29471
-1.166;-0.24091;0.29023;-1.0473;-0.13417;0.30752
-1.1131;-0.22912;0.2924;-0.99231;-0.13601;0.30346
-1.0373;-0.16784;0.3465;-0.93974;-0.086479;0.32621
-1.0322;-0.16925;0.33159;-0.95268;-0.098022;0.32735
-1.015;-0.1655;0.33932;-0.95581;-0.097825;0.31191
-0.94336;-0.097936;0.40416;-0.90037;-0.04342;0.42502
-1.295;-0.20141;0.47798;-0.82793;-0.033034;0.26505
-0.88416;-0.069326;0.50023;-0.89082;-0.083944;0.50523
-1.0051;-0.15533;0.42112;-0.99258;-0.17909;0.405
-0.97565;-0.15226;0.40236;-0.95814;-0.15977;0.37797
-0.9466;-0.14009;0.41142;-0.95988;-0.15755;0.39392
-0.89563;-0.11978;0.41644;-0.93273;-0.13662;0.39223
-0.90645;-0.12121;0.40547;-0.95541;-0.1543;0.37533
-1.0384;-0.20536;0.33966;-1.0509;-0.22932;0.32692
-1.0607;-0.23013;0.32921;-1.0592;-0.24025;0.31488
-1.0225;-0.21287;0.32224;-1.0448;-0.2315;0.29838
-0.99113;-0.19758;0.32346;-1.025;-0.22031;0.28922
-1.0224;-0.23063;0.30575;-1.0777;-0.28348;0.28701
-0.98686;-0.31852;0.45943;-1.2453;-0.41688;0.40325
-1.0998;-0.2294;0.36046;-0.96148;-0.19232;0.27625
-1.0781;-0.22403;0.36526;-0.93014;-0.17111;0.27687
-0.99388;-0.17355;0.42517;-0.88308;-0.13996;0.32613
-1.0194;-0.19396;0.40274;-0.92171;-0.16921;0.2778
-1.082;-0.25126;0.35609;-1.002;-0.22299;0.24154
-1.1245;-0.2804;0.32593;-1.0558;-0.24851;0.20263
-1.1399;-0.2904;0.30348;-1.0567;-0.25155;0.19101
-1.1983;-0.34611;0.2459;-1.1306;-0.32325;0.13092
-1.231;-0.39273;0.19678;-1.1892;-0.36785;0.10343
-1.2514;-0.39792;0.19831;-1.1913;-0.34741;0.14157
-1.2674;-0.43784;0.16981;-1.2416;-0.38625;0.097412
-1.2835;-0.3861;0.16831;-1.3167;-0.3924;0.027452
-1.2125;-0.32895;0.28854;-1.1289;-0.34831;0.12697
-1.229;-0.35018;0.25666;-1.1722;-0.4257;0.051402
-1.1357;-0.28928;0.30939;-1.0644;-0.33567;0.12949
-1.1701;-0.30791;0.29864;-1.1154;-0.37974;0.08102
-1.1617;-0.26673;0.32818;-1.1314;-0.38527;0.073413
-1.1183;-0.22435;0.3583;-1.1031;-0.3494;0.10753
-1.2333;-0.32586;0.2728;-1.2323;-0.46337;0.0060622
-1.3191;-0.3814;0.2338;-1.3016;-0.49257;0.017714
-1.3277;-0.39692;0.21126;-1.3144;-0.51076;-0.001333
-1.295;-0.3608;0.26277;-1.2935;-0.50006;0.01858
-1.2903;-0.35339;0.28431;-1.3058;-0.49153;0.032926
-1.3516;-0.59596;0.05406;-1.3066;-0.70304;0.072518
-1.4502;-0.49541;0.087312;-1.3843;-0.54607;-0.020551
-1.4685;-0.52425;0.068853;-1.4269;-0.58326;-0.038688
-1.4359;-0.49566;0.08879;-1.4031;-0.55735;-0.0068106
-1.0428;-0.15571;0.42068;-1.1384;-0.32512;0.21581
-0.95941;-0.09629;0.46297;-1.0438;-0.23293;0.28643
-1.0374;-0.15206;0.42283;-1.1296;-0.29011;0.24879
-1.0469;-0.1857;0.37199;-1.1489;-0.34319;0.17527
-1.1165;-0.24356;0.30928;-1.193;-0.37857;0.15767
-1.147;-0.26371;0.2924;-1.1586;-0.34254;0.17382
-1.1551;-0.26464;0.29195;-1.1491;-0.3603;0.17002
-1.1109;-0.23693;0.30892;-1.1422;-0.35767;0.15779
-1.2894;-0.23234;0.11617;-1.2729;-0.45599;0.33197
-1.1464;-0.33928;0.31142;-1.0641;-0.28225;0.20416
-1.1003;-0.29547;0.341;-1.0308;-0.24473;0.22547
-1.1168;-0.32082;0.32909;-1.0771;-0.27602;0.19519
-1.0849;-0.30783;0.34342;-1.0963;-0.28724;0.16906
-1.0371;-0.27038;0.39065;-1.0533;-0.26056;0.18838
-1.0733;-0.29705;0.38707;-1.0715;-0.26848;0.18669
-1.1068;-0.33083;0.34181;-1.1371;-0.33039;0.12344
-1.105;-0.3207;0.33829;-1.11;-0.30008;0.14298
-1.1272;-0.33831;0.32379;-1.1319;-0.31325;0.12153
-1.1714;-0.36836;0.29431;-1.1617;-0.35785;0.08504
-1.2018;-0.39797;0.26812;-1.2018;-0.38733;0.062025
-1.2847;-0.44555;0.25863;-1.1658;-0.33077;-0.046643
-1.182;-0.39414;0.22983;-1.2569;-0.43552;0.035941
-1.2028;-0.41628;0.20986;-1.2662;-0.45768;0.015507
-1.2083;-0.41108;0.22222;-1.2573;-0.44786;0.019587
-1.1426;-0.34485;0.29659;-1.2417;-0.40219;0.049037
-1.1465;-0.34165;0.31017;-1.2608;-0.41306;0.04288
-1.1374;-0.32404;0.33243;-1.2634;-0.43;0.022565
-1.039;-0.23812;0.42601;-1.1843;-0.36262;0.10096
-1.0562;-0.257;0.40573;-1.185;-0.37771;0.080723
-1.097;-0.29102;0.38742;-1.2232;-0.38838;0.079896
-1.0651;-0.251;0.43578;-1.2114;-0.35121;0.12985
-1.1406;-0.30756;0.39447;-1.3118;-0.42341;0.063581
-0.99751;-0.40536;0.24533;-1.3879;-0.53368;0.43765
-1.2284;-0.27793;0.44034;-1.2896;-0.34213;0.22703
-1.0688;-0.14137;0.57064;-1.1852;-0.24975;0.3374
-0.9522;-0.049074;0.66978;-1.1237;-0.20956;0.40801
-0.88813;0.01307;0.75419;-1.1257;-0.18435;0.40431
-0.97007;-0.039485;0.70859;-1.1943;-0.24477;0.36108
-1.0091;-0.063701;0.68365;-1.2239;-0.26601;0.34638
-1.0928;-0.14198;0.61124;-1.2841;-0.29521;0.30815
-1.2019;-0.23621;0.5077;-1.3523;-0.35352;0.24509
-1.271;-0.28234;0.45421;-1.3901;-0.36284;0.22181
-1.2638;-0.29467;0.44256;-1.3862;-0.36605;0.22155
-1.3046;-0.33989;0.41892;-1.4299;-0.39004;0.17669
-1.2141;-0.25865;0.34828;-1.4526;-0.34313;0.4223
-1.2895;-0.3443;0.44828;-1.3019;-0.3029;0.20107
-1.332;-0.36974;0.40826;-1.3288;-0.31478;0.18688
-1.3435;-0.37149;0.42607;-1.305;-0.31269;0.20926
-1.3721;-0.39321;0.41444;-1.3192;-0.32649;0.19319
-1.3201;-0.35211;0.47372;-1.29;-0.27461;0.25765
-1.4111;-0.4102;0.40547;-1.4232;-0.34606;0.19694
-1.4743;-0.48053;0.30789;-1.3991;-0.32924;0.16058
-1.4771;-0.50267;0.24256;-1.4007;-0.33195;0.10278
-1.4087;-0.48655;0.2518;-1.3702;-0.31565;0.13382
-1.3494;-0.45698;0.27128;-1.3685;-0.36178;0.094798
-1.3421;-0.46202;0.25522;-1.3762;-0.35951;0.101
-1.542;-0.35631;0.35049;-1.2998;-0.45974;-0.18651
-1.2742;-0.43278;0.21535;-1.4439;-0.44623;0.0055295
-1.2296;-0.41502;0.24447;-1.4297;-0.41935;0.060159
-1.2398;-0.42868;0.23846;-1.4437;-0.42545;0.050689
-1.2817;-0.449;0.22262;-1.4667;-0.41417;0.043941
-1.3715;-0.50263;0.16102;-1.5098;-0.43429;0.0061697
-1.3961;-0.53222;0.11964;-1.5148;-0.45264;-0.024846
-1.4054;-0.56524;0.058273;-1.5029;-0.46553;-0.075575
-1.3388;-0.55696;0.049943;-1.4775;-0.49762;-0.10028
-1.3587;-0.58149;0.018691;-1.4925;-0.52572;-0.12454
-1.3171;-0.55111;0.046705;-1.44;-0.51509;-0.11319
-1.3802;-0.57635;0.025217;-1.4777;-0.53376;-0.11672
-1.5479;-0.72296;0.051759;-1.5098;-0.53283;-0.30126
-1.3323;-0.5571;0.094255;-1.3739;-0.57377;-0.057206
-1.3663;-0.59923;0.063564;-1.4078;-0.60905;-0.087669
-1.3939;-0.61962;0.039324;-1.3976;-0.61018;-0.072882
-1.4311;-0.63226;0.017223;-1.4226;-0.60651;-0.077884
-1.3871;-0.60177;0.045549;-1.4202;-0.575;-0.057062
-1.4104;-0.6361;0.021177;-1.4322;-0.58985;-0.067015
-1.4256;-0.66318;-0.018096;-1.4507;-0.6276;-0.095349
-1.4156;-0.6695;-0.005381;-1.4327;-0.58959;-0.047444
-1.3487;-0.61575;0.046141;-1.3818;-0.54933;-0.00069419
-1.3358;-0.62022;0.035936;-1.3846;-0.56753;-0.013364
-1.3035;-0.59697;0.047983;-1.3977;-0.58104;-0.00088838
-1.4189;-0.73756;-0.087505;-1.4199;-0.58466;0.021952
-1.2791;-0.49603;0.11795;-1.3257;-0.51324;0.084914
-1.3476;-0.52992;0.085871;-1.3733;-0.53743;0.068095
-1.3488;-0.52035;0.098512;-1.3586;-0.50174;0.10953
-1.3489;-0.51037;0.12644;-1.3807;-0.51877;0.10952
-1.3069;-0.46707;0.17407;-1.346;-0.4679;0.14558
-1.3066;-0.47772;0.19351;-1.3563;-0.47792;0.13677
-1.2827;-0.4734;0.19174;-1.3764;-0.50091;0.10587
-1.3166;-0.49504;0.15432;-1.4125;-0.5326;0.070456
-1.3413;-0.51223;0.15429;-1.4382;-0.5613;0.06786
-1.3512;-0.53558;0.12774;-1.4565;-0.58633;0.039663
-1.353;-0.54767;0.11254;-1.4895;-0.61757;-0.0073528
-1.382;-0.67753;0.040111;-1.571;-0.65415;-0.077245
-1.4992;-0.58648;0.061536;-1.5115;-0.64477;-0.0038925
-1.5182;-0.60726;0.027962;-1.5108;-0.64838;-0.021994
-1.5353;-0.61485;0.024085;-1.551;-0.67987;-0.057119
-1.4698;-0.55672;0.076994;-1.5525;-0.65981;-0.035701
-1.5002;-0.58687;0.047406;-1.586;-0.70651;-0.058387
-1.5121;-0.60038;0.042249;-1.5839;-0.72516;-0.076081
-1.5037;-0.59833;0.048752;-1.6048;-0.75394;-0.10018
-1.5459;-0.6137;0.035422;-1.6229;-0.76518;-0.091543
-1.5616;-0.63445;0.013325;-1.6221;-0.76756;-0.090682
-1.64;-0.67348;-0.020375;-1.6488;-0.77709;-0.080588
-1.6949;-0.71247;-0.065676;-1.685;-0.78236;-0.093496
-1.7533;-0.75723;-0.06587;-1.8526;-0.69549;-0.043798
-1.4786;-0.57694;0.089882;-1.51;-0.64394;0.076453
-1.5431;-0.6135;0.049483;-1.5251;-0.67661;0.046246
-1.588;-0.62972;0.029897;-1.5882;-0.72137;0.035948
-1.5307;-0.62286;0.031778;-1.5937;-0.75258;-0.0012579
-1.5418;-0.65477;0.002545;-1.6621;-0.81498;-0.050621
-1.5461;-0.67246;-0.0064457;-1.6365;-0.79463;-0.035442
-1.5798;-0.69081;-0.033181;-1.6996;-0.84451;-0.060754
-1.5101;-0.67733;-0.032031;-1.6983;-0.84582;-0.076073
-1.4136;-0.63395;-0.0091327;-1.6349;-0.81665;-0.02818
-1.3683;-0.63352;-0.00053572;-1.6984;-0.85673;-0.039667
-1.5032;-0.71464;-0.064228;-1.7616;-0.90082;-0.074352
-1.6909;-0.78952;-0.14993;-1.8209;-1.0044;-0.22774
-1.5878;-0.78565;-0.10088;-1.8098;-0.94642;-0.1342
-1.6228;-0.81021;-0.11864;-1.7491;-0.90566;-0.10084
-1.7041;-0.87272;-0.18191;-1.7967;-0.96106;-0.14861
-1.6307;-0.82662;-0.14816;-1.7575;-0.92849;-0.10765
-1.5812;-0.80092;-0.13896;-1.801;-0.95739;-0.13459
-1.5495;-0.8005;-0.14945;-1.8086;-0.98009;-0.17001
-1.5374;-0.77338;-0.13462;-1.8372;-0.95247;-0.16221
-1.6014;-0.83254;-0.19346;-1.9056;-1.0239;-0.22564
-1.6369;-0.864;-0.2204;-1.9452;-1.069;-0.2941
-1.639;-0.87084;-0.23693;-1.9561;-1.0816;-0.29459
-1.557;-0.81299;-0.19061;-1.9279;-1.0505;-0.27544
-1.5922;-0.90399;-0.18769;-2.1271;-0.97549;-0.207
-1.555;-0.70415;-0.018972;-1.8615;-0.95431;-0.18424
-1.2673;-0.48925;0.18288;-1.7039;-0.73897;-0.062478
-1.3368;-0.52748;0.16671;-1.7759;-0.72761;-0.11721
-1.3748;-0.55814;0.14364;-1.8531;-0.78625;-0.12752
-1.4552;-0.59737;0.098411;-1.9194;-0.83318;-0.16248
-1.5164;-0.61863;0.083369;-1.9997;-0.81716;-0.19152
-1.5566;-0.62409;0.088265;-2.0542;-0.81074;-0.17913
-1.4469;-0.53805;0.18637;-2.0002;-0.80173;-0.14894
-1.4396;-0.52812;0.22047;-2.0406;-0.8284;-0.15781
-1.522;-0.61278;0.1413;-2.0566;-0.91076;-0.22697
-1.5274;-0.6084;0.10616;-2.0167;-0.89;-0.21805
-1.4543;-0.59499;-0.032174;-2.274;-0.77502;0.33341
-1.4574;-0.59388;0.14482;-1.8852;-0.70757;0.028538
-1.4107;-0.55207;0.18264;-1.8803;-0.67584;0.054415
-1.4132;-0.52701;0.23364;-1.8491;-0.60366;0.10601
-1.3944;-0.48928;0.28303;-1.9162;-0.65491;0.078394
-1.5047;-0.53098;0.26681;-1.9444;-0.62572;0.1049
-1.6577;-0.60236;0.21794;-2.0178;-0.6367;0.095803
-1.6524;-0.58516;0.22588;-1.9676;-0.5971;0.15361
-1.8925;-0.71246;0.13503;-1.9776;-0.54659;0.23102
-1.737;-0.65578;0.16163;-2.0569;-0.63255;0.12682
-1.5683;-0.58312;0.22083;-2.0124;-0.59652;0.09453
-1.4656;-0.50073;0.26686;-1.965;-0.58092;0.12397
-1.6633;-0.49087;0.42523;-2.1469;-0.50129;0.27385
-1.4431;-0.37934;0.51487;-1.9603;-0.50102;0.29142
-1.5206;-0.41105;0.46134;-2.0306;-0.57347;0.22501
-1.4378;-0.39574;0.48138;-1.9628;-0.58847;0.23275
-1.3485;-0.36245;0.50649;-1.9387;-0.57547;0.22446
-1.1503;-0.30443;0.53757;-1.8219;-0.52419;0.27294
-1.1644;-0.38105;0.47254;-1.8078;-0.58859;0.21118
-1.2755;-0.42219;0.41198;-1.8399;-0.59301;0.25335
-1.1407;-0.40983;0.42649;-1.7145;-0.58044;0.2266
-1.0539;-0.38368;0.44951;-1.6276;-0.55965;0.24525
-1.1482;-0.41815;0.40663;-1.7102;-0.60887;0.19509
-1.1854;-0.45662;0.35356;-1.7117;-0.62384;0.18219
-1.4959;-0.6834;0.1686;-1.6932;-0.8488;-0.034854
-1.3112;-0.49878;0.42409;-1.6781;-0.56575;0.264
-1.2293;-0.46847;0.44767;-1.6046;-0.51418;0.3361
-1.0364;-0.32086;0.61;-1.5169;-0.40062;0.42256
-1.1375;-0.36228;0.57873;-1.5478;-0.40441;0.47434
-1.2161;-0.42149;0.49689;-1.6243;-0.45659;0.38399
-1.2799;-0.48407;0.43441;-1.63;-0.4811;0.37803
-1.2239;-0.49305;0.41992;-1.6202;-0.45843;0.40487
-1.1329;-0.47338;0.43069;-1.5929;-0.4539;0.4311
-1.2174;-0.54218;0.34197;-1.6278;-0.50344;0.38514
-1.1757;-0.56609;0.30771;-1.5553;-0.47969;0.45477
-1.1086;-0.51958;0.34177;-1.5404;-0.47745;0.45955
-1.3525;-0.57372;0.47803;-1.4082;-0.55719;0.11016
-0.93829;-0.31047;0.46832;-1.4248;-0.42577;0.50836
-0.93133;-0.31372;0.48001;-1.4263;-0.42464;0.46272
-0.84069;-0.22582;0.5527;-1.3131;-0.31429;0.57233
-0.90669;-0.2634;0.55845;-1.4039;-0.36342;0.53764
-1.0347;-0.33297;0.48849;-1.4521;-0.42045;0.4627
-0.92985;-0.28739;0.5368;-1.3859;-0.36936;0.50866
-0.90678;-0.25728;0.55501;-1.3575;-0.3441;0.564
-0.86488;-0.2239;0.59581;-1.3433;-0.30766;0.60938
-0.88426;-0.22843;0.58922;-1.3482;-0.3052;0.61787
-0.99003;-0.31324;0.50473;-1.4214;-0.38909;0.52586
-1.1115;-0.40844;0.41184;-1.468;-0.45476;0.45003
-1.0003;-0.49686;0.23397;-1.4579;-0.52081;0.13692
-1.4116;-0.56585;0.1994;-1.4796;-0.55758;0.12066
-1.4533;-0.61121;0.14312;-1.4961;-0.57707;0.087763
-1.4287;-0.58373;0.13723;-1.4869;-0.55597;0.10428
-1.5047;-0.65665;0.038823;-1.5338;-0.62565;0.046131
-1.5287;-0.68978;0.006421;-1.5409;-0.6407;0.027245
-1.5341;-0.70909;-0.028;-1.581;-0.6871;-0.033073
-1.5634;-0.74641;-0.084855;-1.5945;-0.70632;-0.059734
-1.5664;-0.74851;-0.089323;-1.6047;-0.72718;-0.074051
-1.5717;-0.74651;-0.09078;-1.5847;-0.69488;-0.061718
-1.5343;-0.69833;-0.025753;-1.577;-0.66029;-0.0449
-1.5402;-0.70172;-0.031318;-1.5893;-0.6651;-0.05415
-1.8258;-0.77641;0.12752;-1.5333;-0.82408;-0.27268
-1.3635;-0.62908;0.031733;-1.4588;-0.71552;0.013026
-1.3417;-0.62122;0.043493;-1.4557;-0.71911;0.0072442
-1.3876;-0.65904;0.01113;-1.4597;-0.73675;0.0093128
-1.412;-0.66583;0.005732;-1.4762;-0.74013;-0.0062422
-1.4813;-0.74455;-0.077651;-1.5041;-0.78308;-0.041396
-1.5183;-0.76091;-0.11311;-1.5409;-0.80709;-0.075861
-1.4561;-0.72744;-0.08192;-1.5103;-0.78797;-0.060905
-1.4552;-0.74555;-0.11358;-1.5164;-0.82253;-0.080613
-1.411;-0.71033;-0.092747;-1.5014;-0.79126;-0.077877
-1.3363;-0.64482;-0.013526;-1.4867;-0.75996;-0.053008
-1.4034;-0.70347;-0.063882;-1.5232;-0.78619;-0.079689
-1.6143;-0.72322;-0.15902;-1.4205;-0.95584;-0.30692
-1.4561;-0.7379;-0.14746;-1.503;-0.754;-0.16364
-1.4274;-0.72147;-0.1358;-1.4849;-0.7501;-0.163
-1.4227;-0.72332;-0.1392;-1.4726;-0.76279;-0.18326
-1.3784;-0.68925;-0.1123;-1.4687;-0.73298;-0.14299
-1.4245;-0.72838;-0.11548;-1.5084;-0.76411;-0.15603
-1.4176;-0.72302;-0.10889;-1.4995;-0.76262;-0.15554
-1.4917;-0.80917;-0.1761;-1.5096;-0.79959;-0.1976
-1.4808;-0.8023;-0.16526;-1.5102;-0.79797;-0.18537
-1.5139;-0.85002;-0.2095;-1.5209;-0.80054;-0.1865
-1.499;-0.85276;-0.21791;-1.516;-0.822;-0.202
-1.4127;-0.80032;-0.17707;-1.4806;-0.7881;-0.18663
-1.4268;-0.83268;-0.30686;-1.4712;-0.86773;-0.13407
-1.4604;-0.72831;-0.087072;-1.4694;-0.76119;-0.16153
-1.4909;-0.74782;-0.1058;-1.5022;-0.77395;-0.16786
-1.4922;-0.75;-0.10984;-1.5264;-0.79009;-0.18539
-1.5407;-0.79761;-0.14326;-1.5528;-0.81369;-0.22834
-1.5536;-0.81304;-0.16705;-1.5652;-0.83175;-0.2397
-1.5338;-0.79885;-0.1768;-1.5679;-0.83129;-0.26541
-1.5447;-0.80305;-0.19102;-1.5893;-0.84064;-0.28249
-1.5358;-0.79542;-0.18627;-1.5673;-0.81001;-0.26241
-1.5409;-0.79662;-0.18574;-1.5715;-0.82145;-0.27912
-1.5496;-0.80768;-0.19807;-1.618;-0.85635;-0.31065
-1.5826;-0.83188;-0.2025;-1.6444;-0.89245;-0.34906
-1.6337;-0.90373;-0.25867;-1.6588;-0.74282;-0.5143
-1.5283;-0.69062;-0.049758;-1.5156;-0.73624;-0.19038
-1.5395;-0.69997;-0.03087;-1.5286;-0.74821;-0.18383
-1.5541;-0.69464;-0.018426;-1.565;-0.76664;-0.213
-1.568;-0.69992;-0.018806;-1.5929;-0.76547;-0.22635
-1.492;-0.61642;0.075423;-1.5546;-0.71017;-0.17149
-1.4789;-0.60103;0.086621;-1.548;-0.68951;-0.17538
-1.3782;-0.52559;0.14142;-1.4726;-0.64184;-0.12524
-1.3283;-0.48996;0.18117;-1.4453;-0.59932;-0.094449
-1.3129;-0.48912;0.18858;-1.4471;-0.56775;-0.088889
-1.3432;-0.51335;0.16693;-1.4854;-0.6179;-0.14282
-1.3892;-0.56135;0.14258;-1.5038;-0.61471;-0.17161
-1.1073;-0.40919;0.1134;-1.4423;-0.6678;0.35879
-1.3364;-0.46091;0.45044;-1.386;-0.45881;0.12081
-1.3662;-0.49975;0.38444;-1.3993;-0.46363;0.1195
-1.2489;-0.40975;0.47089;-1.2936;-0.35725;0.16886
-0.99573;-0.18994;0.70795;-1.1177;-0.16379;0.4273
-0.86641;-0.062758;0.88316;-1.0484;-0.09086;0.5827
-0.91367;-0.10059;0.83403;-1.0685;-0.091993;0.60557
-0.83633;0.018788;1.0087;-1.0212;0.022779;0.78547
-0.73003;0.14508;1.1779;-0.91976;0.16317;0.95829
-0.81527;0.053255;1.0723;-0.99598;0.08144;0.86942
-0.95864;-0.1008;0.90912;-1.0662;-0.022406;0.72015
-0.98995;-0.1272;0.89073;-1.1052;-0.081271;0.66027
-0.92735;-0.095827;0.91978;-1.1386;-0.1294;0.67574
-1.1314;-0.27226;0.44759;-1.2449;-0.2889;0.28111
-1.1275;-0.29943;0.36095;-1.2616;-0.32563;0.19706
-1.1812;-0.34481;0.28954;-1.2832;-0.36174;0.14597
-1.1085;-0.27411;0.39586;-1.2681;-0.33112;0.2341
-1.1204;-0.28681;0.36002;-1.3301;-0.37626;0.19271
-1.1926;-0.36054;0.28075;-1.3466;-0.40182;0.16868
-1.1561;-0.33088;0.31137;-1.3055;-0.36381;0.20554
-1.1786;-0.3706;0.24123;-1.3323;-0.39192;0.16362
-1.2473;-0.44212;0.15992;-1.3832;-0.45055;0.089673
-1.291;-0.49193;0.07053;-1.3914;-0.47074;0.066187
-1.2168;-0.41615;0.18269;-1.3097;-0.37528;0.15395
-1.2198;-0.30644;0.40485;-1.2365;-0.26641;-0.2984
-1.327;-0.44098;0.24628;-1.2762;-0.3746;0.13055
-1.2476;-0.3517;0.3352;-1.2313;-0.32797;0.19391
-1.3734;-0.46521;0.23342;-1.3231;-0.41077;0.12672
-1.4008;-0.49975;0.20185;-1.3681;-0.44197;0.11852
-1.4259;-0.53305;0.17822;-1.3711;-0.44478;0.12991
-1.4914;-0.6046;0.093943;-1.4173;-0.51951;0.039146