0.055056
0.027323
0.072321
-0.021121
-0.013389
-0.17186
0.038932
0.0040916
-0.13239
-0.091019
-0.026344
-0.081644
0.060625
0.10382
-0.06614
-0.1037
-0.1426
0.12927
-0.067209
0.0022974
-0.34263
0.07622
-0.092993
-0.14318
-0.010859
0.054488
-0.11507
-0.19748
-0.23256
-0.005113
0.2908
0.31189
-0.031387
-0.14064
-0.057311
0.044782
0.0097523
-0.16287
0.033435
0.32476
0.19219
0.1261
-0.10104
0.11449
-0.1106
-0.086866
0.095219
0.019803
0.12204
-0.023576
0.0047885
-0.018062
-0.073647
0.024888
-0.11451
0.057891
-0.0030045
-0.019489
0.08075
0.0038924
-0.03335
-0.018775
-0.037702
0.085443
0.034208
0.053825
0.071017
0.025765
0.02557
0.068873
0.050598
0.045069
0.064007
0.025375
0.0093561
-0.083925
0.049076
0.025668
0.062599
0.010742
0.014199
0.066817
0.032758
0.0020978
0.031983
0.012916
-0.0035061
-0.077097
-0.0086372
-0.04249
0.085168
-0.049821
-0.14549
-0.099489
-0.087411
-0.040926
0.0075713
0.056286
-0.27063
0.13593
-0.039989
0.21196
0.069433
-0.027577
0.0085632
0.074922
-0.01847
0.040182
-0.06145
0.034305
-0.12692
-0.0023026
0.066443
-0.054245
0.096945
-0.068386
0.14808
-0.0038072
-0.037494
0.02985
-0.024293
0.013607
0.018724
0.0011993
-0.24885
0.06457
0.031692
0.023717
0.022739
0.029267
-0.016434
0.006777
-0.041343
-0.014911
0.0095542
-0.054562
0.013804
0.057042
0.057797
-0.00050013
-0.0075283
-0.05319
-0.019591
-0.047826
0.0071742
-0.024395
-0.067958
-0.044056
0.059212
0.02518
0.034305
0.018527
0.02596
0.065507
0.0024969
0.049171
0.070738
0.058175
0.060248
0.0068763
0.055624
0.016759
-0.047301
0.012916
0.024205
-0.012275
-0.060281
0.061659
0.017938
0.0036932
0.024107
-0.016434
0.049742
0.054678
-0.015317
0.015775
0.00019998
0.0024969
0.016365
0.040374
0.019018
0.062317
-0.039469
0.074644
0.018429
0.0033942
-0.022348
0.059306
0.046979
0.038259
0.053067
0.011731
0.061377
-0.059644
0.057042
0.042005
0.039125
-0.039885
-0.025831
-0.066033
-0.10558
-0.014302
0.0011993
0.049647
0.014987
-0.011668
-0.017248
-0.049085
-0.01005
0.052308
0.040374
-0.017655
-0.0044097
0.024302
-0.01847
0.029753
-0.038013
-0.04437
0.07955
0.037103
0.071948
-0.00020002
-0.051714
0.0038924
-0.029944
0.058363
-0.09497
0.031692
0.0029955
-0.029944
0.040662
-0.018062
-0.027782
0.0030952
0.054299
0.026252
0.031305
0.030723
0.018625
0.050788
0.017152
0.014494
0.012126
0.039509
0.042772
-0.059644
0.015972
0.049457
0.047647
-0.0011006
0.028101
0.056097
0.056569
0.014297
-0.021121
0.048409
-0.022859
-0.025626
0.06878
0.044113
0.0091579
-0.022655
0.0058827
0.034305
0.016759
-0.025318
0.044591
-0.050136
0.03237
0.038547
0.011434
-0.0066219
-0.019183
-0.0055152
0.057136
0.030723
-0.0013008
-0.0017014
-0.013491
-0.027885
0.0070749
-0.016841
0.024985
-0.045102
0.0030952
0.046024
0.027907
0.00079968
0.051168
0.017349
0.036621
0.042005
0.031111
0.011434
0.049171
-0.022757
0.062317
-0.016333
0.091028
0.053825
0.0069756
0.03082
-0.0011006
0.031789
0.01183
0.063726
0.020097
0.0042908
-0.002002
-0.026036
0.069153
0.016267
-0.028399
0.03874
0.065975
0.005087
-0.050452
0.036525
0.049552
-0.030769
-0.050978
0.0071742
0.0045895
0.034305
-0.032627
-0.018877
0.023814
0.044113
0.035946
-0.005113
0.0088606
-0.051293
-0.059325
-0.041968
0.02518
-0.038117
0.048695
-0.0142
0.033241
0.030335
0.024302
0.029073
0.043921
0.01892
0.047456
0.027129
0.030044
0.051548
0.0091579
0.011237
0.0044899
0.037199
0.019312
0.00059982
0.033628
-0.012478
-0.045939
0.015578
0.018331
0.027615
-0.068707
0.0141
-0.012883
-0.015418
0.033435
0.022739
-0.022962
0.031789
-0.060387
-0.0048116
0.047361
0.047361
0.061941
0.036332
0.030141
0.0056838
0.025473
-0.028914
0.029462
0.026545
-0.020203
0.027031
0.0444
0.00069976
-0.036871
0.019312
-0.0047111
-0.065606
-0.088503
-0.086212
0.063444
0.02313
-0.051504
0.0021976
0.10445
0.01183
0.050503
-0.022143
0.03237
0.046311
0.019901
-0.018164
-0.0017014
0.051358
-0.011971
0.027323
-0.0055152
0.021468
0.025473
0.017054
0.017447
0.0045895
0.01725
0.014987
0.019901
-0.011364
0.030044
0.0088606
0.0030952
0.0036932
0.037874
0.0068763
-0.0097474
0.033145
-0.0044097
-0.053295
0.01666
0.030432
0.031499
0.028879
0.0030952
0.01341
0.012027
-0.0086372
-0.021121
0.024497
-0.053928
-0.010353
-0.012984
-0.078394
-0.0070246
0.04143
0.017349
0.0061809
0.082041
0.010841
0.042485
0.040758
-0.040093
0.026545
0.048028
-0.0063199
0.033725
-0.027782
0.007869
0.033145
-0.036975
-0.034177
0.005087
0.089932
0.026642
0.011434
-0.022246
0.01784
0.043538
0.0089597
0.056853
-0.034488
-0.0067225
-0.05509
0.030044
0.020293
0.0049875
-0.069779
-0.067423
0.050218
-0.022859
0.054109
-0.03273
-0.019897
-0.076125
0.055151
-0.0047111
-0.11127
-0.06646
-0.052452
0.071576
0.04879
0.046406
-0.018368
0.049171
0.058929
0.050693
0.016759
0.043825
0.032758
-0.037079
0.0030952
-0.041135
0.041622
-0.0050125
-0.041551
-0.0013008
0.08737
0.028004
0.03082
0.0086624
0.0054849
0.016267
-0.021121
-0.0043093
0.035367
-0.0077298
0.0086624
0.0486
0.011138
-0.027885
-0.045416
-0.0079314
-0.05319
-0.024805
-0.0086372
0.055435
-0.030047
0.052498
-0.00040008
-0.12863
0.011336
0.0043903
0.0023971
-0.023678
-0.047092
-0.042908
-0.023166
-0.073539
-0.091896
-0.1162
0.15324
-0.041864
-0.027371
0.13243
0.056758
0.029753
0.045451
0.053636
0.050218
-0.062301
-0.023883
-0.038741
0.054393
0.030723
-0.011061
0.11867
0.0072735
0.026447
-0.010454
-0.0094445
0.043538
-0.0062193
-0.001401
0.024205
-0.020611
0.0053855
0.059777
-0.036975
-0.015926
-0.0092426
0.0049875
-0.010859
0.050123
-0.012883
-0.013491
0.0015987
-0.040093
0.0444
0.0081666
-0.056782
-0.0093435
0.033435
0.07955
0.022935
-0.010859
0.055151
0.041526
-0.0069239
-0.11766
0.033241
0.017545
0.048314
-0.027166
0.063538
0.0084641
-0.013693
0.045833
0.014889
0.062693
0.001399
-0.075478
0.061659
0.02781
0.063538
0.0009995
-0.12806
0.050978
0.058363
0.037007
0.067098
0.023326
0.029073
0.019901
0.099845
-0.035006
-0.040926
0.015381
0.045165
-0.011364
0.013508
-0.010252
-0.0031048
-0.057947
-0.065926
0.058458
0.044782
-0.028502
-0.026549
-0.052452
-0.010151
0.042389
-0.028605
-0.02419
-0.020713
0.11244
0.01666
0.11208
0.050598
0.014396
0.041046
0.029753
0.034112
0.071576
0.013114
0.037103
-0.03211
0.0034939
0.015972
-0.028399
0.02917
-0.010556
-0.013085
-0.039885
0.013311
0.0024969
-0.053717
0.02313
-0.020815
0.10679
0.00039992
-0.00010001
-0.010758
0.023424
0.082225
0.016759
-0.0017014
-0.0022024
0.054299
0.016955
-0.00030005
-0.0048116
-0.040614
0.043443
0.066911
0.042197
0.0097523
0.069992
0.052498
-0.0079314
0.049552
0.0141
-0.061556
0.064101
-0.082295
0.048123
0.014987
-0.026755
0.12089
0.046788
0.023424
-0.017146
0.005087
0.042772
0.043251
0.036428
-0.021019
-0.25541
-0.075047
0.067939
0.043921
0.050408
-0.016739
0.01094
0.00039992
0.050218
-0.0073268
-0.028399
0.036525
0.017447
-0.016536
0.02088
0.064007
-0.016536
0.021272
0.047074
0.038547
-0.004912
0.074272
0.021859
-0.0015011
-0.029738
0.017643
0.018135
-0.072678
0.01479
0.023814
-0.028708
0.085168
-0.0042088
-0.0094445
-0.096401
-0.055301
-0.012579
0.063632
0.029073
0.047933
0.073065
0.02849
0.0032946
0.039894
-0.044997
0.045738
0.026447
-0.011061
0.017643
-0.038013
0.10147
-0.0012007
0.013311
-0.023985
0.013311
0.0063796
-0.019489
0.039125
-0.021019
0.012324
0.01094
0.039413
0.017643
0.012521
0.0053855
0.02479
-0.025728
0.02917
0.0053855
-0.00080032
0.03874
0.00059982
0.017938
-0.017757
0.019312
0.031014
-0.024498
-0.046882
0.0094552
0.0093561
-0.028297
0.030141
0.041718
-0.018571
0.014396
-0.03791
0.012521
0.020195
0.038836
0.026642
0.024693
0.033435
0.030723
0.03999
0.009257
0.035753
-0.011364
0.041814
0.015086
0.027712
0.016169
0.010841
0.02518
0.026447
-0.0083346
-0.055301
0.031983
0.051643
0.013607
0.063538
-0.011465
0.052118
-0.0011006
-0.045939
0.041526
0.069153
0.043155
0.073715
-0.036975
0.056853
-0.035006
0.029947
0.017643
0.0044899
0.070738
0.050027
0.010841
-0.026036
0.031402
-0.023678
-0.17174
0.061847
0.071762
0.060154
0.061189
0.037777
-0.038845
0.037199
0.047933
-0.020917
0.049552
-0.031181
-0.01005
-0.023064
0.060248
0.036139
0.080473
-0.040405
0.031305
0.052118
-0.061344
-0.039781
0.050313
-0.017248
0.073158
-0.052452
-0.024908
-0.10814
0.020195
0.03874
-0.10458
-0.072893
0.080473
0.010544
-0.017655
-0.01847
-0.060812
-0.09596
0.027421
0.075849
0.017742
-0.016129
-0.021939
0.04373
-0.050872
-0.010556
-0.072893
-0.084578
0.0079682
-0.10536
0.072228
0.059495
-0.054773
-0.023678
-0.01552
0.010247
0.07955
0.061565
0.016169
0.022837
0.024693
-0.0091417
0.058552
0.016464
0.044495
0.022739
0.015381
-0.010758
-0.024498
0.014002
0.02137
-0.038429
0.0026964
0.020293
0.017643
0.047074
0.034595
-0.02696
0.022446
-0.017044
-0.025523
0.037296
0.011434
0.042389
-0.0059175
0.010544
-0.021019
0.039605
0.0034939
0.039221
-0.0016013
0.01892
0.012916
-0.031491
-0.00040008
-0.0019018
0.02479
0.019214
0.036428
0.023424
0.010742
0.019214
-0.014099
0.012916
0.039125
0.038162
-0.014809
-0.032213
0.011632
0.040086
0.025473
-0.050557
-0.0043093
-0.064325
-0.022246
-0.010454
0.049932
0.023619
-0.081861
-0.013288
0.011138
-0.10336
-0.2042
-0.089159
0.021272
-0.080668
-0.10658
0.084065
0.10481
0.065132
-0.0027037
0.079181
0.031402
0.044304
-0.028811
0.055813
0.028782
-0.037806
0.034691
0.062505
0.019999
-0.083273
-0.053401
0.068686
-0.044893
0.088469
0.038162
0.0056838
0.0656
