-0.34004
-0.33447
-0.25798
-0.39644
-0.47901
-0.60822
-0.30709
-0.41323
-0.41503
-0.62527
-0.45803
-0.52468
-0.58621
-0.6577
-0.70703
-0.75596
-0.84974
-0.9397
-1.0741
-0.71608
-0.40649
-0.095246
-0.31211
-0.27643
-0.088466
-0.067855
-0.28522
-0.13671
0.38553
0.81028
0.9415
0.54966
0.35226
0.27305
0.32683
0.47936
0.45438
0.56667
0.70597
0.67732
0.3345
0.06866
-0.032556
-0.046033
-0.10263
0.004962
0.072339
0.05787
0.04196
-0.11343
-0.10863
-0.15112
-0.047615
0.06024
0.089177
0.27471
0.24258
0.27116
0.35952
0.32937
0.37054
0.4679
0.51205
0.55911
0.38974
0.40461
0.37645
0.36803
0.35301
0.34164
0.33958
0.32174
0.27877
0.24675
0.23429
0.22142
0.22825
0.17054
0.10238
0.12495
0.064387
-0.0953
-0.26161
-0.38177
-0.4248
-0.44921
-0.40584
-0.67296
-0.45994
-0.49129
-0.23684
-0.25257
-0.23033
-0.076278
0.098133
0.16708
0.24818
0.17916
0.15718
0.30088
0.16265
0.26909
0.0028789
0.030391
-0.010418
0.12909
0.050365
0.03134
0.021008
0.058166
0.037468
0.18312
0.18662
-0.12867
-0.0098561
-0.075109
0.016994
-0.10834
-0.075267
-0.054207
-0.07728
-0.094331
-0.12285
-0.13202
-0.18778
0.074872
0.067344
0.093448
0.069232
0.038964
-0.043494
-0.04665
-0.10125
-0.052735
-0.06222
-0.13973
-0.12923
-0.083819
-0.11568
-0.13917
-0.12015
-0.086657
0.03204
0.054127
0.15112
0.21469
0.29726
0.42546
0.4764
0.47281
0.46439
0.38278
0.37717
0.37541
0.29763
0.23485
0.24734
0.19454
0.14006
0.10392
0.08061
0.074728
0.11265
0.14463
0.14749
0.12349
0.13826
0.2149
0.19362
0.1947
0.25332
0.18975
0.28082
0.24951
0.19823
0.1912
0.23473
0.28151
0.31727
0.35397
0.32533
0.36769
0.24573
0.34224
0.3096
0.33029
0.28701
0.28353
0.15819
0.0056299
-0.046931
-0.098798
-0.060882
-0.10727
-0.059296
-0.13359
-0.22468
-0.27385
-0.18166
-0.11545
-0.067076
0.034097
0.072701
0.053033
0.033139
-0.019862
-0.052564
0.044234
0.13042
0.21242
0.15991
0.067825
0.089372
0.063838
0.097899
0.021399
0.023338
0.064347
0.078773
0.039885
-0.01528
-0.11501
-0.11172
-0.0057029
0.016657
0.077906
0.050266
0.16386
0.18296
0.19711
0.24155
0.21302
0.27059
0.34114
0.2784
0.24008
0.26328
0.27962
0.2478
0.25727
0.26258
0.302
0.3018
0.26856
0.27746
0.21182
0.24584
0.29865
0.29331
0.25482
0.23326
0.21104
0.18925
0.14944
0.10983
0.17554
0.076994
0.13222
0.1964
0.13905
0.088317
0.059976
0.077116
0.12837
0.12479
0.10673
0.13034
0.072263
0.094514
0.069218
0.01383
0.027381
-0.0111
0.011178
0.062718
0.033489
0.0035654
0.056034
0.075085
0.1252
0.19509
0.21912
0.2474
0.27158
0.29393
0.35315
0.29079
0.35392
0.40694
0.36275
0.37622
0.3385
0.32828
0.309
0.36129
0.33222
0.35927
0.29495
0.28524
0.26337
0.22581
0.19043
0.19835
0.26543
0.23873
0.17645
0.14924
0.1787
0.14364
0.094665
0.12788
0.063312
0.08135
0.077123
0.019506
-0.022655
0.016371
0.10277
0.06113
0.020439
-8.5489e-05
-0.0084334
-0.057576
-0.036985
-0.10941
-0.028086
-0.023409
-0.013982
-0.027759
-0.039403
-0.005217
0.029844
0.10006
0.20684
0.27594
0.2808
0.37046
0.33093
0.35636
0.32761
0.33448
0.32949
0.30101
0.29072
0.25932
0.16593
0.15438
0.14266
0.11873
0.040866
0.04373
0.026357
-0.02626
-0.012138
0.010002
-0.046588
-0.0023211
-0.016769
-0.037159
-0.0081289
0.011616
0.14227
0.1645
0.20752
0.22862
0.22066
0.16901
0.22143
0.21619
0.25637
0.28821
0.28525
0.23859
0.13978
0.12276
0.087907
0.016617
-0.097359
-0.15466
-0.12067
-0.12409
-0.15539
-0.18022
-0.12017
-0.10904
-0.021668
-0.063124
-0.026043
0.085874
0.19428
0.26233
0.19718
0.22541
0.26494
0.29007
0.1801
0.18974
0.16471
0.20391
0.18898
0.14726
0.14461
0.17776
0.19936
0.13664
0.17866
0.16019
0.1688
0.15103
0.16343
0.15325
0.12606
0.15461
0.13295
0.064672
0.061431
0.10323
0.10468
0.1247
0.1247
0.13442
0.10857
0.093058
0.081683
0.073036
0.023518
0.06646
0.036815
-0.072011
-0.11053
-0.097984
-0.08373
-0.090959
-0.020946
-0.0014673
0.062139
0.078399
0.092235
0.12913
0.19014
0.26222
0.30297
0.23376
0.22428
0.25124
0.13222
0.087205
0.049808
0.098982
0.16572
0.15061
0.080333
0.10449
0.11431
0.15105
0.20003
0.1324
0.16265
0.14174
0.1667
0.097058
0.075403
-0.0058098
-0.050987
-0.018609
-0.085007
-0.039857
-0.12944
-0.11485
-0.18425
-0.07401
-0.10877
-0.24033
-0.31177
-0.29445
-0.15545
-0.15687
-0.087609
-0.16009
-0.078185
0.00064052
0.12746
0.089067
0.1376
0.28163
0.31101
0.36656
0.25385
0.24668
0.19526
0.17207
0.1216
0.15004
0.12735
0.14142
0.10625
0.07898
0.13233
0.10811
0.14493
0.13868
0.13596
0.18618
0.23608
0.15984
0.10396
0.02772
0.011126
-0.047549
-0.088621
-0.076137
-0.016393
-0.081807
-0.021579
-0.030642
-0.20787
-0.20767
-0.1754
-0.12758
-0.14333
-0.13723
-0.15534
-0.16986
-0.29884
-0.36069
-0.52938
-0.37575
-0.28898
-0.32769
-0.19965
-0.14529
-0.091854
0.00068843
0.097231
0.17062
0.18185
0.24987
0.32732
0.22848
0.30107
0.31738
0.30362
0.25413
0.25083
0.19492
0.13184
0.12516
0.18124
0.20373
0.26667
0.19167
0.16633
0.23717
0.081521
0.058321
0.022632
0.038074
0.036659
0.043244
0.03658
0.024491
0.0018847
-0.017597
0.021417
-0.030194
-0.050001
-0.043418
-0.00074078
0.073822
0.10762
0.046634
0.11467
0.16968
0.16116
0.083597
0.072438
0.081817
0.18691
0.16909
0.19919
0.12811
0.091479
0.14817
0.10791
0.12908
0.1374
0.17958
0.208
0.21826
0.23349
0.26165
0.070053
0.11257
0.18462
0.1758
0.22801
0.18864
0.21631
0.31169
0.34988
0.28706
0.1826
0.19698
0.3702
0.30786
0.26301
0.21575
0.14555
0.064273
-0.030726
0.0078305
-0.047233
-0.040729
-0.026353
-0.094186
-0.1495
-0.095748
-0.13786
-0.1518
-0.16941
0.00097431
0.083561
0.13718
0.143
0.1859
0.25349
0.3357
0.37996
0.40915
0.45086
0.51216
0.50076
0.39182
0.39113
0.25065
0.22923
0.20427
0.15014
0.080505
0.059705
-0.0093746
-0.076205
-0.090178
-0.078883
0.024412
0.0088405
0.03714
-0.002788
0.031191
0.1265
0.18314
0.16813
0.16343
0.27145
0.26527
0.28579
0.17419
0.13317
0.17672
0.25439
0.27316
0.20069
0.25392
0.30812
0.30239
0.29764
0.29479
0.23353
0.30244
0.26076
0.26544
0.21352
0.14457
0.2557
0.2325
0.20343
0.19421
0.14975
0.17842
0.28323
0.25555
0.31683
0.013298
-0.076736
0.017958
-0.059011
-0.055391
-0.095554
-0.067468
-0.072155
-0.064709
-0.11529
-0.18011
-0.12257
0.15028
0.2088
0.16174
0.18182
0.11488
0.15289
0.18903
0.22717
0.17204
0.25364
0.3039
0.26587
0.21869
0.25287
0.25012
0.11344
0.14476
0.14731
0.071524
0.11814
0.11885
0.035131
-0.083129
-0.13693
-0.11977
-0.073782
-0.062843
0.057768
0.11604
0.12072
0.15272
0.10745
0.066658
0.12184
0.24469
0.28893
0.31915
0.21751
0.28991
0.24077
0.18102
0.12854
0.13856
0.10505
0.13055
0.12394
0.076474
0.099859
0.093155
0.17058
0.086752
0.10047
0.092549
0.14132
0.10229
0.12508
0.14995
0.11003
0.16978
0.15806
0.16506
0.10789
0.10956
0.12805
0.098167
0.026495
0.061679
0.041864
0.0081822
0.039124
0.042101
0.02293
0.019388
-0.00076493
-0.007556
-0.018375
0.044958
0.11848
0.13372
0.1578
0.21682
0.22667
0.19421
0.24853
0.22277
0.30249
0.30506
0.31258
0.28991
0.27411
0.27459
0.26761
0.22855
0.13326
0.15598
0.17187
0.19685
0.21857
0.19202
0.21642
0.19916
0.14238
0.15872
0.20143
0.25292
0.38193
0.31297
0.31818
0.26957
0.23598
0.26509
0.21746
0.2893
0.38527
0.35458
0.25939
0.24764
0.15025
0.015484
0.020479
0.12725
0.15745
0.201
0.23429
0.1247
0.11188
0.14897
0.15409
0.17224
0.16473
0.32642
0.24151
0.22999
0.20598
0.22526
0.14708
0.21723
0.23215
0.12287
0.10401
0.10477
0.1187
0.20191
0.17252
0.087368
-0.056913
-0.11719
-0.038046
-0.17393
-0.29895
-0.15713
-0.1068
-0.17477
-0.17599
-0.30996
-0.35347
-0.30114
-0.11715
-0.1196
-0.17447
-0.091829
0.024794
-0.10655
-0.12765
-0.18289
-0.249
-0.18022
-0.18962
-0.14481
-0.16117
-0.23368
-0.24123
-0.23481
-0.26829
-0.13787
-0.065749
0.023312
0.13073
0.14745
0.24367
0.23
0.18696
0.28623
0.33265
0.36355
0.34255
0.2385
0.19093
0.19614
0.13487
0.11287
0.14231
0.1014
0.13201
0.12211
0.07241
0.079475
0.073188
0.072163
0.095457
0.085521
0.16634
0.15773
0.14798
0.10931
0.10184
0.070744
0.13692
0.11288
0.14884
0.18728
0.11849
0.10666
0.06237
0.093077
0.10175
0.15919
0.14301
0.15026
0.13025
0.11776
0.11175
0.13796
0.20762
0.19321
0.16289
0.14974
0.17061
0.15965
0.085672
0.070621
-0.012919
-0.021065
-0.044436
-0.033628
-0.048172
-0.11522
-0.096298
-0.096793
-0.24024
-0.46991
-0.50852
-0.48293
-0.49928
-0.58361
-0.48909
-0.43422
-0.3927
-0.31355
-0.22108
-0.20081
-0.053147
0.12224
0.26721
0.27472
0.31759
0.45886
0.4373
0.35249
0.20408
0.15339
0.14289
0.066597
0.11076
0.17774
0.12761
0.16442
0.22223
0.22541
0.1658
0.17361
0.24208
0.2768
0.18434
0.16895
-0.0075857
0.063375
0.051573
