"Ret" "Predict" "HistMean" "Year" "OOSR2" "pENCNEW"
0.369106067829015 0.0512165572953001 -0.134624404941349 193508 1.71846257321218 0
0.35290303253795 0.0779865668643457 -0.128508711616964 193509 1.22530096992032 0
0.336696814269035 0.129910421517749 -0.122142571867178 193510 0.711529075176076 0
0.337630608341931 0.148765901217279 -0.114669697162848 193511 0.150454676935341 0
0.322066839478066 0.152584289721922 -0.107912165856036 193512 -0.422412762667479 0
0.279478119937806 0.172041120739909 -0.100744510919804 193601 -0.959034832428118 0
0.245802341941099 0.188817051685716 -0.0922916511104948 193602 -1.42091816494316 0
0.232148576465944 0.254090288554549 -0.0834449709131861 193603 -1.80966260229083 0
0.219495854742827 0.329873603185944 -0.0741733426490639 193604 -2.15902278508193 0
0.22805727252053 0.371548132265615 -0.0675784715208291 193605 -2.42262655752323 0
0.169539307626484 0.340525599687191 -0.0609365135419568 193606 -2.66268156322689 0
0.102831100633016 0.337389551645928 -0.0549380784894637 193607 -2.75094683353116 0
0.123794673274731 0.225573668153996 -0.0492077521878626 193608 -2.64813110956585 0
0.0641348368683954 0.24845420592772 -0.0438462750581851 193609 -2.71931810643629 0
-0.0915518274055235 0.227184900579837 -0.0388391291459849 193610 -2.64239044088443 0
-0.261333337109063 0.243922110697519 -0.0339499117760119 193611 -2.29703509936616 0
-0.380145659076597 0.241725668907092 -0.0293855944522417 193612 -1.58786847821923 0
-0.425568581897116 0.279578335876068 -0.0254759271814816 193701 -0.666788985474587 0
-0.453728401870541 0.224862891526301 -0.0220849488174493 193702 0.5226457756762 0
-0.408008915167149 0.217002545495259 -0.0189462633201235 193703 1.50285114561804 0
-0.677608030900428 0.237189858096555 -0.0160384326120387 193704 2.368023481647 0
-0.465903346269114 0.157287960427785 -0.0130975205020078 193705 3.85830924358284 0
-0.497226275470874 0.147111609612345 -0.0109232725480972 193706 4.55945860466066 0
-0.240465078359741 0.13357535737235 -0.00958498580478995 193707 5.2601510143584 0
-0.255354149821836 0.324712977230969 -0.00803405953642343 193708 5.59144909448692 0
-0.232806568818191 0.344516975046911 -0.00720453199154045 193709 6.62666168587227 0
-0.0787054761776139 0.336385204615444 -0.00816302398488117 193710 7.69006137820738 0
0.0973100616241377 0.289406775072957 -0.0110076342447034 193711 8.31422321147805 0
0.165888497664383 0.250394725385473 -0.0151091678539467 193712 8.41156671391462 0
0.250259591838758 0.216661304687327 -0.0196197108654101 193801 8.32633450917302 0
0.183815252066876 0.16193730428136 -0.0243382835937267 193802 8.08096196800583 0
0.161651563012766 0.162374135826622 -0.0284637742558065 193803 7.93363804262035 0
0.306020693106276 0.14684743522133 -0.035369564220111 193804 7.80888019174666 0
0.168639776917825 0.0660269506403528 -0.0399014987679953 193805 7.49968120404924 0
0.273573873295039 0.0877559323555568 -0.0446652985253169 193806 7.38766326127442 0
0.00505524492096248 0.0269736668428511 -0.0466838529565996 193807 7.16326459120378 0
0.031806851692878 0.109678976268442 -0.0488131417001225 193808 7.15567319078229 0
-0.0103731314995936 0.106323835799632 -0.0506716611659615 193809 7.15578520349752 0
0.137424259714961 0.105882227017822 -0.0509519993160781 193810 7.20165766374182 0
0.0569099323282574 0.104874095248265 -0.0494840581186502 193811 7.08052921466477 0
0.0379987829293455 0.114212355553271 -0.0473725624737185 193812 7.04934678507471 0
0.0268028354622298 0.133544391942944 -0.0444829299075779 193901 7.04568027370658 0
0.063963984326614 0.165638070403951 -0.0422877550809005 193902 7.07100251761161 0
0.0436666442629395 0.184611865418264 -0.0403454758609608 193903 7.07041938850205 0
0.191792719040587 0.181161218716187 -0.0370778704933454 193904 7.12097106520506 0
0.195791924530702 0.171449203221388 -0.0351552756577269 193905 6.93620481656989 0
-0.118166262442232 0.186947471745224 -0.0322966724266828 193906 6.74913309843114 0
0.00085969400312679 0.181804912376363 -0.0319539942858787 193907 7.07809090259108 0
-0.0654220001499371 -0.00185698717737881 -0.0313743502315264 193908 7.19919910403443 0
0.0253866805067842 0.0329912604694815 -0.0311851500627703 193909 7.21051167591381 0
-0.107057589526169 -0.000238422237330171 -0.0296797089040405 193910 7.1993997721414 0
-0.0719905365530528 -0.0642322751255435 -0.0289134288931352 193911 7.22174504865188 0
-0.0513500748875654 -0.0154446834093713 -0.0283264796666222 193912 7.21540278970718 0
-0.0743237929170186 0.00420536004494609 -0.0278470943176757 194001 7.21844663621626 0
-0.0926273906154123 0.0206966945918445 -0.0270556195017766 194002 7.23433856105767 0
-0.121429381519118 0.0245347752684482 -0.0264511557089158 194003 7.26814526590412 0
-0.133258006374751 0.0587718984893437 -0.0246016313466319 194004 7.31757298942709 0
-0.191708531469037 0.0838241402337001 -0.0227495846585871 194005 7.41667389661553 0
0.0701725673667816 0.0888775524355314 -0.0235447236401174 194006 7.60599484312668 0
0.0622666438350233 0.100845427537451 -0.0233430342381072 194007 7.57627925871645 0
0.0883837833300994 0.0616250313520839 -0.0236879437947615 194008 7.5560470462452 0
0.065216724048565 0.080270782638618 -0.0232889631093831 194009 7.51432177329622 0
0.0329606650542673 0.0678558125355753 -0.0239645165482281 194010 7.48743635780859 0
-0.0507206351206361 0.0757918075736672 -0.0243487247082667 194011 7.48061580842002 0
-0.0538763358104089 0.071431491099337 -0.0245630211382612 194012 7.53947497986854 0
-0.110573334733797 0.0809400012632919 -0.0249548382388813 194101 7.5965950749579 0
-0.0598072091229229 0.0804529120143729 -0.025483530054323 194102 7.71120682449992 0
-0.0701076418390123 0.0477774060327221 -0.0262272963447477 194103 7.7824430950403 0
-0.146529413434369 0.0351923660709719 -0.0270506094988247 194104 7.82890566738657 0
-0.134855515281538 0.00991981389123353 -0.0283075402008874 194105 7.90509369895951 0
-0.0906739470592814 -0.00899470077117259 -0.0275614787799202 194106 7.94539995740362 0
-0.120598496987202 -0.00720306616662914 -0.0268860793617627 194107 7.95693087832453 0
-0.143135738120807 -0.0432717765643027 -0.0260258565058533 194108 7.97526224344086 0
-0.12339988655835 -0.0719123548792278 -0.0253499855387835 194109 7.96509125420872 0
-0.0887051588433972 -0.0821600530973904 -0.0249212307550111 194110 7.94128061781658 0
0.0314789789592236 -0.0850698047835204 -0.0251095475751981 194111 7.92705261747169 0
0.0526640747007931 -0.0607032177041167 -0.0253180025624098 194112 7.96792704358146 0
0.152702485845367 -0.0691051024487831 -0.025931350275873 194201 7.99581866981621 0
0.213787973455925 -0.0668240451813326 -0.0261733206962091 194202 8.07218163358694 0
0.29855867354233 -0.0896308674817696 -0.0264849116262999 194203 8.17174235272905 0
0.42516256215829 -0.104739181354824 -0.0273302954418497 194204 8.37962654101448 0
0.478106521887885 -0.0992919904824227 -0.0280822200561132 194205 8.74351397423924 0
0.476217412041102 -0.0892511426174424 -0.0285168848269686 194206 9.13616775964223 0
0.467809071536204 -0.101972398819426 -0.0291519304280736 194207 9.48782140091773 0
0.384461055435163 -0.0228212351825119 -0.0299326414396677 194208 9.89462744906846 0
0.379538816711815 -0.0339454479558055 -0.0305684730391145 194209 9.93979109199364 0
0.377490734852877 -0.0411646597366193 -0.030961288483738 194210 10.0193280642457 0
0.299971746797102 -0.0660382236330954 -0.0305422262861343 194211 10.1226395509924 0
0.237573742726793 -0.122517240237613 -0.0299875176128881 194212 10.2702582352426 0
0.249297428106358 -0.127337110415896 -0.0287776500403169 194301 10.540986703687 0
0.197689748633791 -0.129085716584298 -0.0271818235699469 194302 10.8426785671109 0
0.141716188735894 -0.151278636678378 -0.0250528007130039 194303 11.099327055829 0
0.107567464903548 -0.150970268406318 -0.0221293243307227 194304 11.3538706045008 0
0.0824632245676221 -0.145276669770417 -0.0189019962906027 194305 11.5702905766894 0
0.0761085771105659 -0.180239890053103 -0.015728153929502 194306 11.7486501927997 0
0.11150794284681 -0.181478032382017 -0.01264829899023 194307 11.9916860665187 0
0.145360504589913 -0.0706463557784919 -0.0101349486457655 194308 12.2933192391655 0
0.148021522274068 -0.0305190208243576 -0.00768417024729014 194309 12.3996510158812 0
0.124312024822714 -0.0239286483555767 -0.00527682709041409 194310 12.4441407457357 0
0.137473414384505 -0.00925628881318319 -0.00338087321533636 194311 12.4745720018572 0
0.215323389919963 0.0171181091548331 -0.00189349904285408 194312 12.492014712143 0
0.193083355231331 0.0701185054519223 -0.000352450410036824 194401 12.4836059271884 0
0.195732883301102 0.0537201179019706 0.000855123974376758 194402 12.4095202767559 0
0.252365483847999 0.0585967555729825 0.00170882739717383 194403 12.3543833430144 0
0.188399268337245 0.0482358269058399 0.0023465300327544 194404 12.2804285380282 0
0.280524319247433 0.0596715416297797 0.00282627071859193 194405 12.2351170159707 0
0.248229140956339 0.0874338714157703 0.00326247492330606 194406 12.154939280894 0
0.198590436438625 0.0971587663796057 0.00390298065066407 194407 12.040735031349 0
0.191665765183786 -0.0116990274044956 0.00473508373265965 194408 11.9425661088217 0
0.236228784831326 -0.00799983598686005 0.0055730161217907 194409 11.9877220233715 0
0.282812415721179 0.00328914934339247 0.00626335919563328 194410 12.0425391035842 0
0.319365404812351 0.0209213916110917 0.00702179882100248 194411 12.0891327847583 0
0.35480237368483 0.0303059367945754 0.00821893440203098 194412 12.1033638617472 0
0.327325976455847 0.0455838696415855 0.00927530252105556 194501 12.1021362036404 0
0.36794410856684 0.0340276401612191 0.0103347205936695 194502 12.0606727629363 0
0.247569482344631 0.0529111971372447 0.0117021260357843 194503 12.0564726973484 0
0.344363292874267 0.0444796690364122 0.0126948066105116 194504 12.0081070126275 0
0.310695159320246 0.054236846976489 0.0141910608710531 194505 11.9778726500486 0
0.332084269501723 0.0614416555053972 0.0154912724270824 194506 11.926521936539 0
0.288627928076193 0.0849721458748812 0.0165028700183064 194507 11.859770598906 0
0.283300046620524 0.0501764480043938 0.0174653035082267 194508 11.7537452542109 0
0.156617031997767 0.0655969791351777 0.0186607323679157 194509 11.7179162286768 0
0.00281616375283885 0.082547139127948 0.0200963393426617 194510 11.6798117364082 0
-0.0498353720225552 0.0951013458741803 0.0217140099668222 194511 11.7070726618338 0
-0.102322714298895 0.135380113133251 0.0235048076212201 194512 11.7808495214016 0
-0.0658527623827058 0.17639210251396 0.0251295197540256 194601 11.9713274160684 0
-0.113946829371444 0.203875678813266 0.0269530016094129 194602 12.2015689066517 0
-0.0647523389051861 0.22941481191427 0.0281202845762659 194603 12.5763251687016 0
-0.138613374164555 0.241523867098131 0.0297847214620449 194604 12.9306514580213 0
-0.22920613529856 0.241267156986945 0.0312554567387894 194605 13.468758155905 0
-0.277486617911758 0.265876052674198 0.0328222734719296 194606 14.2014506651529 0
-0.186288745749464 0.267506497445148 0.0341476913714336 194607 15.1634914964145 0
-0.118474570158415 0.0666106276302676 0.0354319818624083 194608 15.9103572107751 0
-0.069475817749042 0.0704433161218927 0.0360534436579742 194609 15.9754433827682 0
0.0326299075998134 0.0732837100187612 0.0358838656992746 194610 16.0218597593314 0
0.0718155096948634 0.0639614933067275 0.0354487426651536 194611 16.0293255993272 0
0.0523307682803301 0.0552182094136339 0.0347529272259412 194612 16.0245616901976 0
0.0339710465376444 0.0536763084402571 0.034247370996752 194701 16.0234210447724 0
-0.0181124493924069 0.0348787785870653 0.0335063999949111 194702 16.0251844172589 0
-0.0516133216498103 0.0519745203328332 0.0330175505476469 194703 16.0277762241012 0
0.0433640732968518 0.0512516361866853 0.0321678925045172 194704 16.0492061944449 0
0.128860424534634 0.0367429128042877 0.0308803357173099 194705 16.0490106963403 0
0.209508642368966 0.0191021431744378 0.0293687330034419 194706 16.0509485039776 0
0.157575488728615 -0.00919349846717493 0.0283167453022082 194707 16.0919821560025 0
0.0653229316343487 0.12765922211628 0.0276041661009431 194708 16.1548252989432 0
0.0859650581119177 0.12875865058583 0.0271351806717161 194709 16.1670958545912 0
0.0610387968451834 0.125882836419136 0.0271615976281012 194710 16.162218988179 0
0.0943224522752506 0.131938068389135 0.0273752527097603 194711 16.1769970665325 0
0.0164353019348441 0.152133862201076 0.0274940884981916 194712 16.1663214033614 0
0.0185672922762727 0.162500606299379 0.0275247849817909 194801 16.2497942102519 0
0.0612265827479795 0.144106406868762 0.0273095150083277 194802 16.343925194167 0
0.0764718870907798 0.14755297990302 0.026938985258759 194803 16.3708522943248 0
0.038596422530879 0.151072183848368 0.0270157380066006 194804 16.3845330805736 0
-0.0159850863017593 0.134983747301448 0.02748943422301 194805 16.4417001618704 0
-0.115999927162211 0.133983433229579 0.0283321157422043 194806 16.5384210581896 0
-0.113901919499205 0.130540847506605 0.0289277073227868 194807 16.7442808530932 0
-0.0077311205662248 0.134700383076002 0.0290946578930233 194808 16.9396549731811 0
0.0154192015878718 0.137604199336494 0.0293543400858037 194809 17.0271894841918 0
0.0764618696802408 0.127434331903607 0.0294983603438008 194810 17.094658373603 0
0.0499822840456723 0.123881836687593 0.0297916820267486 194811 17.0981749541585 0
0.165975950038533 0.111069451114525 0.0297315181524607 194812 17.1215833886079 0
0.184391970215602 0.120450752249645 0.029681454359294 194901 17.0650171754644 0
0.198839084742329 0.0851891982031159 0.0298222808253149 194902 16.9928572972031 0
0.243228196559767 0.11307580452471 0.0300296124087169 194903 16.9433680179837 0
0.216170584837898 0.114222231345409 0.0300675186481955 194904 16.8477637720086 0
0.273640043309603 0.119534216431555 0.0298646437365217 194905 16.7630808085823 0
0.34560639547765 0.115095941392072 0.029224886846615 194906 16.6444392587284 0
0.283433669778907 0.0980866454756967 0.028599878958642 194907 16.5039942463019 0
0.24315588008238 0.119739456376126 0.0284419180911426 194908 16.411625174912 0
0.264925185138819 0.106321754712726 0.0283855426950245 194909 16.3030527249748 0
0.281552989065709 0.102516700368488 0.0285927682423746 194910 16.2018109966765 0
0.249163486504269 0.0948269076118658 0.0286845687393844 194911 16.100765690298 0
0.258637601418528 0.0997460215283303 0.0292712840440817 194912 16.0211047299357 0
0.262715949177933 0.091973377608013 0.0299313720703435 195001 15.9319757186422 0
0.301638114819318 0.101893979671635 0.0306470827172586 195002 15.8545661735484 0
0.301047214664247 0.105380997583682 0.0315440494423325 195003 15.7508728154962 0
0.266927910735331 0.112466495484366 0.032319791187692 195004 15.6420166960934 0
0.276113699179377 0.112725254845936 0.0333294993555661 195005 15.5344636222295 0
0.210508300027857 0.126253962783615 0.0346306530894082 195006 15.4241297270828 0
0.245365215079638 0.12699245909623 0.0356630307520202 195007 15.3329104635374 0
0.299183409111272 0.143903484090731 0.0365204392203275 195008 15.2215639413712 0
0.293929038293169 0.154663090229489 0.0374603764463295 195009 15.056164545984 0
0.254162947204259 0.159172948597049 0.038460756006245 195010 14.8801071975136 0
0.23077776452578 0.151500142545124 0.0393207671511349 195011 14.732178107105 0
0.209258879649957 0.157161420454242 0.0402122989977503 195012 14.6111733686511 0
0.188215539779443 0.159187324860055 0.0411131234924069 195101 14.5059340606496 0
0.147425041818192 0.174208584070347 0.0421636274896928 195102 14.4201590878707 0
0.107120104025653 0.175478363163866 0.0432033206108758 195103 14.3775591037916 0
0.172226297816329 0.177109610267156 0.0440982189713736 195104 14.3832704811744 0
0.0738157840316376 0.178853984583524 0.0450225834343537 195105 14.315004032642 0
0.129023477107402 0.177185895788535 0.0456792727859152 195106 14.3652274623758 0
0.19336967205917 0.186895394716365 0.0464685452850999 195107 14.3475661111489 0
0.135601245752754 0.233190305046836 0.0474634856938643 195108 14.2577152645755 0
0.0864230752841297 0.222050340788216 0.0484300172726851 195109 14.2716691245593 0
0.0593794568480471 0.225243184486614 0.0492336615302304 195110 14.3552990776016 0
0.078151252545671 0.229736973917594 0.0499400588181508 195111 14.4889660814253 0
0.130020463699381 0.225165576411384 0.0505575736275764 195112 14.5976566155412 0
0.126534452616122 0.224996483679111 0.0510890715663867 195201 14.6155028105859 0
0.108859481513204 0.210555761517335 0.0514595945288936 195202 14.6390833792749 0
0.132876443764445 0.203000845452217 0.0516728531859693 195203 14.6758145106509 0
0.0758024216710341 0.208017858426799 0.0521329808372302 195204 14.6723554405813 0
0.0984550943672779 0.18774019695953 0.0522154249558402 195205 14.7553272014765 0
0.0725738340685377 0.189145952527004 0.0525063645473233 195206 14.7853376342839 0
0.0162975536915059 0.177823324851002 0.0530379241983115 195207 14.8499838377352 0
0.0309336383461331 0.203459936980721 0.0533483126252078 195208 14.9717165101259 0
-0.00742217074751917 0.199084389644842 0.0534721881407843 195209 15.1149133083605 0
0.0150484205323002 0.201931465935876 0.0534942301881995 195210 15.3077311089296 0
0.0664774113821506 0.205268497076963 0.0535858919813499 195211 15.4721298658261 0
0.036515849809326 0.203517286781942 0.053868982987713 195212 15.5654894239165 0
0.00768236405282115 0.189492593300989 0.0541371212520245 195301 15.7004117227754 0
0.06055725618345 0.178917646940363 0.0543383064000435 195302 15.852928739509 0
0.0791084553230257 0.190648044330362 0.0546259918848948 195303 15.9211736205978 0
0.128308420985531 0.198872116383225 0.0547032781249902 195304 15.9794616804464 0
0.198047614815657 0.196761973348476 0.0548623756385985 195305 15.9815484138253 0
0.222088413510946 0.207216648983485 0.0549265475894317 195306 15.8973392057121 0
0.250572938846487 0.198400212353909 0.0547870927378146 195307 15.7833663524207 0
0.274563684322638 0.236005162844992 0.0547012889450388 195308 15.6383743124261 0
0.295871896392628 0.225193421016018 0.0544786242149579 195309 15.4451828094656 0
0.355065348981263 0.228724250522026 0.0543378020589484 195310 15.2268708227863 0
0.292720543254416 0.212086822838019 0.0543810035156146 195311 14.9262101301597 0
0.354242177280656 0.191528809934158 0.0543176519067271 195312 14.7184715894972 0
0.406752781563991 0.184375641698498 0.0541528629037097 195401 14.4678214549446 0
0.362456495659014 0.169535944284937 0.0541754135842722 195402 14.1822289039283 0
0.375832335794248 0.166062328255647 0.0542628979412503 195403 13.9585599645354 0
0.33861097226657 0.161222977997486 0.054521798371475 195404 13.7305294663631 0
0.327530259575884 0.141575650826696 0.0550218883242422 195405 13.5362391636793 0
0.307256317039642 0.127682315760534 0.0556019804255849 195406 13.3848035172138 0
0.360401944042922 0.13493786565615 0.0562766204201209 195407 13.2688873496923 0
0.331033527332653 0.133743792473967 0.0570293344335779 195408 13.1174935896425 0
0.35789297720211 0.136928054616136 0.0578500992513066 195409 12.9814355454457 0
0.293103986432672 0.146143316323207 0.0588679596955873 195410 12.828077195841 0
0.283915560378266 0.143755498895158 0.0596660913800884 195411 12.6913874223658 0
0.263235355140727 0.143472112412085 0.0606680508559407 195412 12.5646312467828 0
0.225688117792673 0.129886859229552 0.061841219434612 195501 12.4518769739333 0
0.190408773040938 0.138202254145812 0.0628568115840188 195502 12.376765561089 0
0.198618603284375 0.13756489123358 0.0639106012278243 195503 12.3162564710989 0
0.26491288655177 0.141675162362978 0.0648324145534576 195504 12.2522574737736 0
0.238006314448151 0.152687791467175 0.0657110026639005 195505 12.147296617753 0
0.176385599584804 0.148037240842628 0.0665161537118197 195506 12.0481785149023 0
0.148142387271409 0.148383614114351 0.0674925184637502 195507 11.9964086768636 0
0.177701189512953 0.163599279251944 0.0683651708109983 195508 11.9662012082123 0
0.143445712092695 0.184719902678237 0.0693207081258204 195509 11.9116786911035 0
0.0945753843896119 0.178735704415263 0.0700568373307772 195510 11.8951113803643 0
0.127563698678122 0.191543550177763 0.0707580134719165 195511 11.9297280708895 0
0.0636220143234119 0.196820436442914 0.0713870243924028 195512 11.9363399940145 0
0.0804947021106711 0.178939872525553 0.0718896338171594 195601 12.0297937510291 0
0.0753368610907481 0.169443409160332 0.0722744362172366 195602 12.0806520654637 0
0.0181331799473649 0.185808149397851 0.0726833170168066 195603 12.1273973045539 0
-0.0242350979445008 0.174723221235114 0.0733034124024033 195604 12.2621419883819 0
0.0151884871876886 0.156401595316183 0.0738330037273092 195605 12.4272855304898 0
0.102594398566107 0.157234107945592 0.0741616979448012 195606 12.516803123354 0
0.06144281012669 0.16087824233751 0.0743980579745986 195607 12.5288504631483 0
0.0216355933937776 0.120172706159456 0.0747270488393705 195608 12.5803585926988 0
0.00237720399246168 0.120266743624368 0.074945203325889 195609 12.6186782102845 0
-0.00565157355394281 0.121893603586057 0.07500732415204 195610 12.6678581677017 0
-0.0544566232167176 0.141347066941655 0.0751731171316175 195611 12.7238803670498 0
-0.0345682055375872 0.132670142460459 0.0751367929089502 195612 12.8492727186991 0
-0.105393370842384 0.138081339398847 0.0751535888625606 195701 12.9419190175024 0
-0.023514597079274 0.122192208463549 0.0751541615882737 195702 13.1059849588134 0
-0.0192458641005907 0.138424003162332 0.0749765261314485 195703 13.1738248838014 0
-0.00952383535788707 0.141384720694705 0.0746684154976722 195704 13.2649778601701 0
-0.0224284828520147 0.137009306118261 0.0744842671128116 195705 13.3533678211491 0
-0.0349450194192533 0.121156765934716 0.0745710267777909 195706 13.4452975514195 0
-0.000762100295929042 0.106478078398212 0.0745306322650183 195707 13.5197431593514 0
0.0333177239193205 0.148034503404609 0.0743683775445543 195708 13.554871959246 0
0.102450729935649 0.148891916783324 0.0741482210505112 195709 13.6171882688034 0
0.208712409215648 0.163720205137295 0.0739049289937904 195710 13.6249884134579 0
0.276586249763825 0.182022022410415 0.0735147723001414 195711 13.5521115556555 0
0.281836626433634 0.190777808172278 0.0731872481248755 195712 13.4094467543388 0
0.371534795275538 0.180415951135688 0.0726477296385696 195801 13.2520029571715 0
0.332474160789829 0.188401442254206 0.0723580840761665 195802 13.0315905428496 0
0.357908594833077 0.194054822786321 0.0720829971447047 195803 12.8259368636221 0
0.329848282297915 0.19373561049882 0.0718386653108646 195804 12.5852915891373 0
0.336514007601803 0.186682166947678 0.0715572708387367 195805 12.3693876073066 0
0.331914498587863 0.185124375557282 0.0712402997367784 195806 12.1559092180552 0
0.302744121288083 0.184249261043807 0.0710266427633875 195807 11.9467100280928 0
0.292738265248006 0.0332283052254772 0.0709150779147364 195808 11.7638806583083 0
0.261353372981364 0.0341419871602247 0.071008103436922 195809 11.8958609232213 0
0.168053569680081 0.0286403089008179 0.0714131161009771 195810 12.0047571469351 0
0.156990751875467 0.0188151498202294 0.0720147968448564 195811 12.0667866683141 0
0.144696714700994 0.0142394255985723 0.072628310966461 195812 12.1372772488579 0
0.119906821114388 0.00845047088649076 0.0734997584425808 195901 12.2061985031769 0
0.0419345673292629 -0.00184399348318121 0.0742525910075437 195902 12.2644813116475 0
0.0450935038159697 0.00949960922007331 0.0750747823229801 195903 12.2700167599075 0
0.027223336473917 0.00282620927127974 0.0758111219182833 195904 12.2726641796158 0
-0.0259670200660577 -0.00412975081433131 0.0765624270643453 195905 12.2644950338615 0
-0.0119412714879202 -0.0124469244803547 0.0772961973848152 195906 12.2160542026108 0
0.0109936997945758 0.0840134538342827 0.0779421799747959 195907 12.1773212735323 0
-0.0452891717502144 0.143872733982491 0.0785558830755765 195908 12.1850561045257 0
-0.00191174068753265 0.140653968950881 0.0790766736451087 195909 12.3088308405399 0
-0.0160410352122069 0.156209240076597 0.0793294489179353 195910 12.3896989152363 0
-0.0366295589582352 0.167366892964237 0.0795494526090331 195911 12.5101835404082 0
-0.0079842870406735 0.157800604747161 0.0797334844228522 195912 12.6757849351804 0
0.0120491287808096 0.141569652618666 0.0798466487515608 196001 12.7912088608749 0
0.142804846321353 0.138433004753527 0.079740154140824 196002 12.8621915768541 0
0.164738756784452 0.163304190987419 0.0796431047001381 196003 12.8430253405248 0
0.208053589735667 0.159081809063119 0.0794966807665453 196004 12.8079251394629 0
0.227959746181368 0.138483263299355 0.079202910012137 196005 12.7410375859081 0
0.220094482543888 0.131525192168505 0.0789497317301924 196006 12.6780190183512 0
0.167936652584489 0.114306976581766 0.078761487874415 196007 12.62470648671 0
0.220247228056806 0.0984604596739583 0.0784188064942365 196008 12.6019677759886 0
0.215681675418015 0.108352134678067 0.0781975102210085 196009 12.5866036964054 0
0.255751555377444 0.141663380576494 0.07793861311817 196010 12.5586050985585 0
0.287889585992057 0.138949904006343 0.0776247277152209 196011 12.4765843218599 0
0.285788544248859 0.134853953882847 0.0773908233033196 196012 12.3837850991635 0
0.23833723739097 0.0984157837810284 0.0772127805389531 196101 12.2977564902227 0
0.139420599725891 0.0824458804813909 0.0773910198481444 196102 12.2797558816827 0
0.122892904818676 0.0717873576055088 0.0776277345823891 196103 12.2790275296421 0
0.087649140701252 0.0724488123330818 0.0779802368936142 196104 12.2836241058836 0
0.0172403473301512 0.0695227644553372 0.0783844943310475 196105 12.2844653128014 0
-0.0960805392160751 0.0881055214956205 0.0787654351595766 196106 12.2813837032821 0
-0.153178387005699 0.0822084065342013 0.0790045000856488 196107 12.3215783806849 0
-0.119390099356675 0.0325823237627256 0.0793821544385128 196108 12.3677526665458 0
-0.1228035712428 0.0389370400571282 0.0797456198277915 196109 12.3022154706711 0
-0.15420348782211 0.0413332955199496 0.0802137207202108 196110 12.2462645730258 0
-0.179431471413028 0.0397194097482604 0.0807645850843271 196111 12.1891760453047 0
-0.119414389864822 0.0380033683017711 0.0813069765106883 196112 12.1236297037334 0
-0.107190635176324 0.0360841342361726 0.0817213043758078 196201 12.0625232522867 0
-0.0197124168783215 0.0477638834594287 0.081873144626729 196202 11.9999597424601 0
-0.0613475707306638 0.0732956479447072 0.0819808080393063 196203 11.9738460245833 0
-0.0239720228601791 0.0687790105135219 0.0819956466064842 196204 11.9741090882195 0
0.0883491518285343 0.0625988426969332 0.0818265727180342 196205 11.9667035204086 0
0.195999869697909 0.072548057583284 0.0813632729473725 196206 11.9703180581871 0
0.264462057863123 0.093158661829524 0.0807540738306113 196207 11.9915484182942 0
0.19981716473007 0.106039192540555 0.0802355656099188 196208 11.9894814874216 0
0.22832448806659 0.0962977322961989 0.0797109166774829 196209 11.9675014558355 0
0.266637811603935 0.0884539236719765 0.0791080445009375 196210 11.9558222038752 0
0.292449509580529 0.100918285106898 0.0784434184960173 196211 11.9603983011693 0
0.181642177068027 0.0912459856263841 0.0779360907822716 196212 11.9391860545281 0
0.190296833764387 0.0691573190630934 0.0774626208949094 196301 11.9316019641513 0
0.164876631958743 0.0583180558458427 0.0772147253903859 196302 11.9518246706156 0
0.20445104223308 0.066919963012623 0.076862149573284 196303 11.9786377607241 0
0.188940805925645 0.0762494929041384 0.0766062252777676 196304 12.005460555795 0
0.146331386989569 0.0697608314717276 0.0766359542057442 196305 12.0147980883787 0
0.143189200586497 0.058663466952011 0.0769373782347648 196306 12.0241029111122 0
0.176625748851128 0.0647351490188339 0.0774097325915113 196307 12.0433302261484 0
0.198021176713167 0.0959043945880238 0.0777172889536685 196308 12.0659564755924 0
0.134520223205467 0.100076561921075 0.0780947506055806 196309 12.0524738778701 0
0.176872960434691 0.0839014106850672 0.0785661082580764 196310 12.0430077715347 0
0.157824765463996 0.0908624472365391 0.0790994833237185 196311 12.043849054756 0
0.166537453897587 0.0872419824994083 0.0793545646514406 196312 12.0381697524955 0
0.14895328058041 0.0875503099291568 0.0796298556417953 196401 12.0358314134958 0
0.161358944623939 0.0709054518447194 0.079840862513867 196402 12.0331462089458 0
0.150891780825021 0.077587354369256 0.0801485419699638 196403 12.0468787403868 0
0.123989690204379 0.0827068221762703 0.080416503211234 196404 12.0525928398126 0
0.153725456469019 0.0910866020972403 0.0805784562426304 196405 12.052795629431 0
0.132454403018229 0.0999778557211089 0.0807319139493555 196406 12.0481958765576 0
0.0638974482640236 0.0981577307394841 0.0809663732033941 196407 12.0405585173824 0
0.060953094385032 0.0961788170257329 0.0812518727241496 196408 12.0459563951452 0
0.102762056164701 0.0976120275363662 0.0813814794163183 196409 12.0511246373267 0
0.104702485608326 0.100937374321899 0.0816132548556833 196410 12.0489152620923 0
0.124625613799662 0.0975001784271382 0.0817977863583668 196411 12.0462399127434 0
0.124924701584156 0.0952250470303843 0.0820024715456596 196412 12.0410764997839 0
0.134841482575813 0.0959421846942551 0.0821637987963458 196501 12.0367309275764 0
0.108292978203155 0.0861709565855927 0.0823541717430467 196502 12.0312700913387 0
0.0922830304780787 0.0824056418524156 0.0825185305178237 196503 12.0306668208172 0
0.0806012479825299 0.0781755270917566 0.0826177438185092 196504 12.0307473919071 0
0.0714705386029332 0.085757132490214 0.0827874519632598 196505 12.0307609718613 0
0.0221528091350609 0.0886581299634179 0.0829057066086288 196506 12.031299227551 0
0.0644751537374186 0.0911209440322514 0.0828605563512782 196507 12.0382236399791 0
0.0343421744998772 0.128915900886573 0.0828086429342965 196508 12.0406532923818 0
-0.0737605238818214 0.127677374301013 0.0828558141239665 196509 12.0811545210349 0
-0.111590327314902 0.117425183832924 0.0829073392925617 196510 12.1932679344508 0
-0.0980779124750222 0.114375310876189 0.0830054999384608 196511 12.3069292875906 0
-0.0834328852432105 0.116505488225015 0.0831039018202582 196512 12.4039308138321 0
-0.0914578948736454 0.118728665097787 0.0832250671147677 196601 12.496941464443 0
-0.020080792422766 0.130652082051944 0.0832836370004882 196602 12.6007962671467 0
-0.0001080893633567 0.142258832507615 0.0833046146076621 196603 12.6803678193023 0
0.0642899294141824 0.147856945015234 0.0832983277085339 196604 12.7647930795105 0
0.0810303658300398 0.150997062364801 0.0832708850423956 196605 12.804459384642 0
0.0941367133353402 0.157238263759738 0.0831294080148323 196606 12.8335534453859 0
0.131240463538717 0.152162099304289 0.0830863265961778 196607 12.8566112921621 0
0.191865085355152 0.0947286518992079 0.0829740128816702 196608 12.8471934861923 0
0.264009741503299 0.0983883686630849 0.0826137036017541 196609 12.8418444563045 0
0.304356487213807 0.113779286267283 0.0821682815124957 196610 12.8343965837115 0
0.234788241717887 0.1150264172202 0.0817558188260254 196611 12.7942399509677 0
0.224221807556054 0.0920550007593383 0.08137867566605 196612 12.7578143210918 0
0.252177136906619 0.0762451897886079 0.0809849704939778 196701 12.755816952729 0
0.132573509631388 0.0742163226217698 0.0807552755782579 196702 12.7881681150981 0
0.0870605481660561 0.0741981124135621 0.0805719119389345 196703 12.7945617947396 0
0.0499758926946076 0.0771291878943562 0.0805350748743989 196704 12.7953354654088 0
0.0993096828627498 0.0740575401983782 0.0805361929126735 196705 12.7948722275434 0
0.167065678623086 0.0747521298557046 0.0805668247154272 196706 12.7968576734426 0
0.151756253018694 0.0884188077732586 0.0806806980610976 196707 12.8088675797692 0
0.0813595664684666 0.0965215442907593 0.0809299904092905 196708 12.8065034190191 0
0.104623365393752 0.104538643827812 0.0813395647965254 196709 12.8078852537788 0
0.114532533012192 0.109569141998798 0.0818373704269211 196710 12.8050418338593 0
0.150466960468812 0.117025009471164 0.0821780182471683 196711 12.799582796207 0
0.200046288095097 0.126703156123344 0.0824936711122991 196712 12.7818426197943 0
0.131074144359496 0.126882415932723 0.0828699093956568 196801 12.7416539892986 0
0.161134684053773 0.119345373757655 0.0829798731129925 196802 12.7295471177736 0
0.14001082007027 0.15872222879012 0.0829888812256924 196803 12.7079499482905 0
0.164756780349365 0.162563947450183 0.0829161653919235 196804 12.6929544070777 0
0.0938896654393139 0.157302522235449 0.0829521951006506 196805 12.6577266875599 0
0.0707484624379291 0.151272282862283 0.0831366544943402 196806 12.6813411822176 0
-0.00941786838296293 0.16546680225729 0.0832868067887042 196807 12.7196272781853 0
-0.0536511233597885 0.0329653117327031 0.0832825988404067 196808 12.8588759917604 0
-0.0205950547904024 0.0488142910067995 0.0833290928851853 196809 12.8055059453426 0
-0.0881120322737957 0.0615396452423348 0.0833969264506787 196810 12.7777102886471 0
-0.0416190571862051 0.0529966446570012 0.0835424145938851 196811 12.7579679859739 0
-0.131718462572624 0.0551917365947391 0.0837945874802514 196812 12.7293987546681 0
-0.116088324323828 0.0445616280729201 0.0838967031538567 196901 12.695380123264 0
-0.1868238207018 0.0608925444556208 0.0840631643195892 196902 12.6398970461601 0
-0.0756148729784143 0.0614876306208346 0.084183481858838 196903 12.6231237151518 0
-0.111056122374258 0.068600249946853 0.084356385932852 196904 12.6015819055043 0
-0.241692266355875 0.0621193087100264 0.0843767998075982 196905 12.5948395776813 0
-0.311518035199009 0.0613602948760641 0.0843476794286032 196906 12.5909528062582 0
-0.295995716311714 0.0640717706720772 0.0841477528874271 196907 12.6038137969407 0
-0.157252333669654 -0.0146100409908365 0.0838545637890288 196908 12.624940837805 0
-0.158774693621139 -0.00927428403543684 0.083632802390771 196909 12.4324049790048 0
-0.0887718175442544 -0.0295490044924241 0.0832689362156342 196910 12.2476624324213 0
-0.162195680650518 -0.0399942565444473 0.0830049024029453 196911 12.1047974425628 0
-0.079682845553964 -0.0458284905709873 0.08255189952325 196912 11.8627772047347 0
6.6175646963873e-06 -0.0504871265622614 0.0821337095783088 197001 11.7217692672882 0
0.128851369348978 -0.0649603195177553 0.0815686727499892 197002 11.6999892590579 0
0.0901940908172096 -0.0324350096118096 0.0812391474968898 197003 11.9276905005278 0
0.138452939681596 -0.0336337883061353 0.0808368561373268 197004 12.0234530722187 0
0.283109369790499 -0.0329268501635726 0.0801635176770069 197005 12.1942770034833 0
0.311544309979618 -0.00820640690764973 0.0793475144418486 197006 12.6030938633336 0
0.367746939050502 0.0124668989705288 0.0785671750847726 197007 12.9579948726152 0
0.254027297851375 0.0632185112125505 0.0780779229919211 197008 13.3039086766537 0
0.246764268981621 0.0441610570498571 0.0775875449036953 197009 13.3659747990958 0
0.195832776370846 0.0415524501968495 0.0772438272126871 197010 13.4715948239243 0
0.172857470194649 0.0388271406179266 0.0767501375057527 197011 13.5472662999298 0
0.122690823648567 0.0346680568485335 0.0764282589397862 197012 13.6122129695288 0
0.150013404226206 0.0168446830633837 0.0762713356515416 197101 13.6506124242692 0
0.126550789487628 0.014653008493435 0.0763790816222331 197102 13.7355135915651 0
0.140023608723941 0.0218502652447832 0.076407333174779 197103 13.8029181712655 0
0.105636545592047 0.0249854926689121 0.0765339568615277 197104 13.8711669015598 0
0.0776949209461532 0.0152467503563248 0.0769546807167801 197105 13.9087906669143 0
0.130674053399774 0.00997269069961781 0.0774314889063388 197106 13.934193873423 0
0.106345391724918 0.00889826114540115 0.078020364058761 197107 14.0132269087194 0
0.143297551462596 0.058450325035273 0.0783766533984222 197108 14.0706103316369 0
0.136464359964229 0.0588555644959193 0.0787168303996003 197109 14.0939281133398 0
0.133243745264187 0.0536669135090577 0.0789529512584133 197110 14.1145191582174 0
0.183744646583335 0.0527076131393832 0.07914189395245 197111 14.1393048056977 0
0.233149460886115 0.0529079431354266 0.0792293416024422 197112 14.1900471989076 0
0.156089404947192 0.0466781833219763 0.0793711934313476 197201 14.2695029155416 0
0.0997547992065579 0.0347371983707054 0.0794655526234601 197202 14.3147790999956 0
0.0236157630332349 0.0557434463659579 0.0795864269869341 197203 14.3401120075959 0
0.00632138487170542 0.0461809707527139 0.0796383196534782 197204 14.3293132118463 0
-0.0524407846749086 0.040774872753604 0.0796344560377579 197205 14.309580660219 0
-0.0924220035814436 0.0435885997909478 0.0797357250801428 197206 14.2685909571748 0
-0.0813452173938464 0.0332664811751923 0.0797884174893404 197207 14.223243901243 0
-0.0211876988068473 0.0308201450560623 0.0799139296118172 197208 14.1631948601484 0
-0.0879756496733574 0.0286769517423394 0.080025468922177 197209 14.1232744199645 0
-0.0270664383753262 0.01525097079228 0.080130229308677 197210 14.0532208203876 0
-0.0383265842519621 0.012650790667684 0.0803337939791576 197211 13.9998973280519 0
-0.216711914166097 0.00999434566082547 0.0806334325417203 197212 13.9371185245341 0
-0.214437050418631 -0.000121858993365032 0.0807810958928073 197301 13.773140099474 0
-0.180933587920181 -0.00706923479256738 0.080818153907092 197302 13.5780016379005 0
-0.134518224056615 0.0110794991934633 0.0807066482718603 197303 13.3835536485759 0
-0.148940574389174 0.017458363500214 0.080561929860576 197304 13.2561961236087 0
-0.142424524008628 0.02044424695228 0.0803036721624488 197305 13.134619409406 0
-0.157813415356759 0.0367100023775736 0.0799689324807746 197306 13.0223569827665 0
-0.169810305887754 0.0352525194515181 0.079656912848522 197307 12.9452253428612 0
-0.301397013370455 0.0658901206366035 0.0794622321310405 197308 12.8623780693055 0
-0.361060657882937 0.0528683070165699 0.0791396157884502 197309 12.9210528203986 0
-0.530022176504506 0.0469416488278334 0.0789353733765968 197310 12.9392281690181 0
-0.374255120868485 0.0328323997296311 0.0787103024406494 197311 13.0113166535634 0
-0.284883743352175 0.0324395201651005 0.0781443594969583 197312 12.9183240652207 0
-0.324792304162468 0.0545248700684626 0.0775849304149018 197401 12.8147964058521 0
-0.196250443893092 0.0378209381928585 0.0770915744638806 197402 12.8350673466636 0
-0.139075380175103 0.0716807543211642 0.0766885081809844 197403 12.7576644569119 0
-0.0860802099918769 0.072336143005001 0.0762595555525241 197404 12.7862440685272 0
0.00602502229716497 0.0815404553756153 0.0758445952497515 197405 12.8021403938829 0
0.100786266360508 0.092328923076557 0.0754020611387543 197406 12.8130761145775 0
0.174316915595649 0.0924343774986145 0.0749385216925794 197407 12.8093831817998 0
0.187611847134736 0.164335017487711 0.0742284546452907 197408 12.7950137245949 0
0.255193677909715 0.173964838557435 0.0734087011377046 197409 12.7145114476143 0
0.333264714732301 0.18752255110805 0.0722744325707079 197410 12.5462370170658 0
0.236641607555348 0.204575832609778 0.0714366660539365 197411 12.2548044110088 0
0.307292307805545 0.168915155134783 0.0707693993696554 197412 12.0801732649208 0
0.323811496539285 0.167560631712064 0.0700300316995019 197501 11.8503361566079 0
0.309618108007616 0.158469512190503 0.0695332397674261 197502 11.601507813602 0
0.258021859316667 0.168626603466254 0.0691447693392277 197503 11.3844050008373 0
0.254717677496138 0.159220477654792 0.068856247072813 197504 11.2014473647274 0
0.198317662964476 0.165194862510005 0.0687396770825057 197505 11.0340470097712 8.16591699446412e-320
0.133697091062683 0.158496422254467 0.0687990226182057 197506 10.9264186999762 1.70772713421919e-316
0.126544325838083 0.159148135022393 0.0689940649342454 197507 10.9020200914951 1.34218495674321e-314
0.183572555230155 0.124180310075491 0.0692129169309252 197508 10.887330384305 7.50950822149321e-313
0.206156937065038 0.143375473543303 0.069555422936411 197509 10.8240328305183 6.26372062374964e-311
0.268862991853626 0.139750907923118 0.070040182663977 197510 10.7249823237787 3.44501222940729e-308
0.191516498146064 0.142660968288333 0.0703458733518511 197511 10.5792888172053 5.89024978936004e-305
0.168946606730396 0.136483484024441 0.0707798411805209 197512 10.495143504632 1.90175775158441e-302
0.238950294031707 0.134262379629373 0.0712424219032974 197601 10.4357900342177 2.08282665697768e-300
0.0824143395448742 0.135535081769199 0.071677414031225 197602 10.3239837730871 1.01567790766962e-297
0.059706642254868 0.137450283399272 0.0720168392503241 197603 10.3453411042443 5.37081970446744e-297
0.0228233101611189 0.159554690027613 0.0723490225925893 197604 10.3917594227761 1.09384573734831e-296
0.0388669712433165 0.15646199562357 0.0725776408146798 197605 10.5213988049445 1.72750628257139e-297
0.0377554670617889 0.158707275127053 0.0726883644564334 197606 10.6220836928819 7.88293266400901e-298
0.043767222368931 0.154227257174121 0.0727857531750259 197607 10.7284914059163 3.14538161335653e-298
0.0370039603297609 0.152125127175149 0.0729857293520207 197608 10.8184867258168 2.02584325737798e-298
0.0252183794412134 0.157487655036461 0.0732256774740262 197609 10.9135895666346 9.6188493804374e-299
0.00212448821453908 0.158530607926247 0.0735775431473708 197610 11.0349989878716 1.93095500373895e-299
-0.0172475755979951 0.151720829193968 0.0737892827434187 197611 11.1916845123496 9.14334964300319e-301
0.0191980443224611 0.158445916236796 0.073959815582105 197612 11.3584632760019 2.02266778627246e-302
-0.0319711852038209 0.161337235309685 0.0742549684952528 197701 11.4901828927704 2.75040816244799e-303
-0.0511551688874869 0.167743405026306 0.0742695388006986 197702 11.7059274476643 1.210196273817e-305
-0.0442683683245359 0.190220311106755 0.0742435799833263 197703 11.9743717213663 8.0409966473527e-309
-0.00107770369106581 0.200033729393507 0.0741520848412939 197704 12.3109963393583 1.25871240554414e-312
0.0744786797237976 0.201201190934225 0.0740894114601252 197705 12.591365535205 4.1719393643208e-315
0.10788470878997 0.206777107946097 0.0740249895728941 197706 12.7182514897768 7.3013927357627e-315
0.0464808375713326 0.214758596506619 0.0739714360026216 197707 12.7876253531209 1.7165866221483e-313
0.114413016400914 0.206225867341266 0.0739061224413621 197708 13.0062003776661 1.97425246937983e-314
0.169796626904878 0.214758701955098 0.0738202534060885 197709 13.0615437445287 7.79064412650512e-313
0.160064922310992 0.214651084361458 0.073694028467371 197710 13.0141919768704 2.65373571208421e-309
0.0806203085560265 0.215413391157948 0.0735342013951999 197711 12.9864178313984 4.46178873534754e-306
0.0701349063480446 0.224724432836359 0.0734388748038442 197712 13.129866042246 1.10554534925611e-305
0.0790273668823915 0.224222396890157 0.0732542687442861 197801 13.3189234456354 8.9648768092565e-306
0.184599545150808 0.22614434683955 0.0730367697274474 197802 13.4855387976768 1.72554852728551e-305
0.165133962380997 0.24381479780564 0.0728320487186306 197803 13.4139093188383 3.77313065826454e-301
0.194773526640396 0.250787363313865 0.0727032860837705 197804 13.4045062699413 3.3773217442794e-297
0.121303893125708 0.251773291491583 0.0727063737248836 197805 13.3269948239333 7.82433075038854e-292
0.0848601946520246 0.235908356998587 0.0727674472232605 197806 13.4458719486383 1.05669374605992e-289
0.14197364597946 0.238626766977723 0.0727218898408482 197807 13.6259840698445 3.24478975963954e-289
0.102597720629975 0.210564046911199 0.0727940198175957 197808 13.6672749993675 3.01582588980072e-286
0.121495771289997 0.200975617161019 0.0729615545448621 197809 13.7537611727038 5.62710918754966e-285
0.129728749520519 0.199571155510492 0.0731117327651486 197810 13.7878021702431 4.34395450608592e-283
0.173803306105472 0.205630066696634 0.073124656303515 197811 13.8046022573865 6.00014359283544e-281
0.200425745716426 0.203823756157764 0.0731195192761001 197812 13.7431826047207 2.56549463775658e-277
0.210993358736792 0.200510249163845 0.0731296528054419 197901 13.6319685341709 6.60370293242883e-273
0.223392362879782 0.194361874678414 0.073320525908773 197902 13.5019458025091 2.83748700475551e-268
0.2487950700078 0.197752459467288 0.0734774719540247 197903 13.3530569720953 1.66917176699556e-263
0.061597337461218 0.205314255830859 0.0736844618084383 197904 13.160647832939 6.25251484089583e-258
0.105202827896434 0.196942930420184 0.0737655852008016 197905 13.3250383963153 3.53293189343483e-258
0.178129405069575 0.199280272954072 0.073784453584222 197906 13.3855825663372 7.50498181068951e-257
0.168625181460534 0.204026239388817 0.073900224708832 197907 13.3135752376623 3.40105307180834e-253
0.220695809240239 0.19052837615935 0.0739488645324271 197908 13.2612342554279 9.93409836989229e-250
0.183707785223662 0.187369168406159 0.0740293161513063 197909 13.1184526110966 3.8616510951808e-245
0.212583898459846 0.179757856541744 0.0741234030319975 197910 13.0344976331809 1.33122818627063e-241
0.307531434489093 0.174490374640014 0.0742914973036222 197911 12.9088698514955 1.42257880758877e-237
0.34767523298471 0.173082312805572 0.0745038445231724 197912 12.6687368870243 6.7629607047811e-232
0.288017391106585 0.163936107390982 0.0747332386647079 198001 12.3863803894688 1.19095606480116e-225
0.186006228273907 0.16271542737452 0.0749826667254715 198002 12.1865331961841 7.20325437315696e-221
0.205480266444218 0.161626655176407 0.0752738097795457 198003 12.102441697013 6.23717160333204e-218
0.37639438632838 0.160724403033403 0.0752509394244983 198004 11.9961434200716 1.14877115823741e-214
0.3151637650994 0.163165020134375 0.0753009425772061 198005 11.7214125183361 5.76628023802956e-209
0.268755978123784 0.160321627412192 0.0754723233480267 198006 11.4918669250431 8.61128198149846e-204
0.222562035720479 0.153793219292435 0.075627319784154 198007 11.3146626578415 1.81303066935507e-199
0.151711979805113 0.137912597135426 0.07586829734139 198008 11.1945398971608 3.55300144957672e-196
0.0683855448019089 0.128344563536157 0.076047135629752 198009 11.1535465914986 1.93777978568801e-194
-0.0217215634388396 0.128615382485729 0.0762731898728482 198010 11.1830789360431 4.96615601132121e-194
0.0178723466404639 0.118670330705547 0.0766554349052717 198011 11.3004721371702 3.28298238232755e-195
-0.0390785701715341 0.12479774383159 0.0771026622948418 198012 11.3596796467041 1.87990904331389e-195
-0.0346458017152219 0.09560818725608 0.0774501330177606 198101 11.4840775175129 7.96451164829786e-197
-0.0185264198353386 0.102306475842877 0.0776286792270635 198102 11.5329468992453 4.09051477982706e-197
-0.0853569157991503 0.122519211835067 0.0778386161518864 198103 11.5866870767757 1.98304638259979e-197
-0.140894042745407 0.117127691098065 0.0783280518407003 198104 11.7516419495839 1.32277474015325e-199
-0.0875821768206085 0.123757954174423 0.078715671666001 198105 11.9551546143337 1.22910297196338e-202
-0.129841275638237 0.141268059218256 0.079026195042566 198106 12.1266534678024 6.56308007140645e-205
-0.141220043132224 0.142645084346315 0.0792603481268693 198107 12.4246000840863 3.15021948054903e-209
-0.15984783423904 0.154905598432976 0.0793783475269967 198108 12.7479636267286 5.52876986284376e-214
0.0118069547507198 0.150895730640028 0.0793604730510209 198109 13.1680523885188 3.10504112213003e-220
0.0907778728832822 0.161535818162241 0.07919637883594 198110 13.2996216682216 2.99769776302878e-221
0.143629360929181 0.167859193497424 0.0790969881840835 198111 13.341448855298 1.70282643157831e-220
0.151925789577653 0.157015960441433 0.0789057655977475 198112 13.3155948627093 1.77960671162176e-218
0.192245703746276 0.159503253808139 0.0787223220318138 198201 13.2762533446522 1.89090678340956e-216
0.258953610531678 0.160922313730623 0.0785654692223507 198202 13.1896644801983 1.29207002381907e-213
0.341211086923656 0.171525665086891 0.0783015040290793 198203 13.0295039902804 1.27590187200279e-209
0.384069146696591 0.18808392494454 0.0779490996130432 198204 12.7587354410093 9.60110208878359e-204
0.412213416242477 0.188355227688669 0.0776833993298431 198205 12.3809895321513 8.57386883037964e-196
0.453978614719151 0.178071338248603 0.077350827735343 198206 11.9590459732898 3.28140726771453e-187
0.512226316204678 0.184628631697103 0.0770011143419548 198207 11.5244805542527 6.80014609338001e-179
0.499991546820214 0.172425362253983 0.0766227613889501 198208 10.9781011293563 7.17370720446653e-169
0.390152743337692 0.174195180253258 0.0765193868967041 198209 10.4964797030011 2.98710133584812e-160
0.388973266102468 0.153027088121268 0.0765420914922241 198210 10.1114535599457 9.67048378032817e-153
0.24946153819816 0.153775758182385 0.076648748518356 198211 9.81046560768236 3.86210233484431e-147
0.226016959405 0.137925777016403 0.0767682358851168 198212 9.64315090254127 2.61672913483226e-143
0.203335265667643 0.137883772847487 0.0769512429657208 198301 9.52651991120783 1.46972127475513e-140
0.149662166654931 0.138790034644912 0.0772392213954138 198302 9.43048942305167 4.04522660427676e-138
0.0760981202426788 0.140873038299202 0.0776562385605453 198303 9.3867163076545 1.88712916278674e-136
0.0556882520640105 0.142830755047599 0.0781395396774791 198304 9.42634431467794 4.67368932839197e-136
-0.0126197038302962 0.149582405316831 0.0786656402704949 198305 9.4937923118318 4.39813118903478e-136
-0.0779423811012382 0.146479698635103 0.079255755010194 198306 9.67128827513888 8.56898902356938e-138
-0.0892846577051728 0.156730984263784 0.0799354576180347 198307 9.93713654524949 4.52222950067886e-141
-0.0748043019937856 0.111263367894344 0.080593852742176 198308 10.2672992074369 3.20901670226804e-145
0.0279495877667745 0.127206208811993 0.0810782954504632 198309 10.3906979124 1.11701373748697e-146
0.0118889669456348 0.132809923518429 0.081559381342107 198310 10.4604810769597 5.40494446861203e-147
0.0406533563821015 0.131737156005046 0.0818213191843161 198311 10.5584529143044 1.05665963232521e-147
0.00210128994393112 0.140314319923804 0.0820459229852829 198312 10.6231101586276 7.10556901154036e-148
0.0371542754838351 0.134790796763702 0.082234553378257 198401 10.7508798046141 5.84762580032313e-149
0.131691558173812 0.140180323686243 0.082339254641109 198402 10.8245479487114 3.10191300594809e-149
0.191499961124644 0.155203937558416 0.0823295784637471 198403 10.8045023461451 6.05453940248758e-148
0.175789187544652 0.163736581921531 0.0822883380204038 198404 10.7155005008853 2.29757547434582e-145
0.170490499816316 0.163934930274646 0.0821416486203255 198405 10.6422319327799 7.39434373637136e-143
0.279693428812836 0.163596227521984 0.0818946053645823 198406 10.5758815633067 1.85773282035879e-140
0.272354484967706 0.169558112315308 0.0816308468698678 198407 10.3692368839782 4.74125272958612e-136
0.290540478191377 0.152904793899099 0.0813901774100775 198408 10.1567721241862 1.94256881931232e-131
0.180478882853432 0.155750384759429 0.0813080874106254 198409 9.95966646116682 1.79604365525005e-127
0.139681873030052 0.137083468096947 0.0812016163669675 198410 9.87977108804041 4.29580753978153e-125
0.183725509545056 0.148029571987885 0.0811395210224271 198411 9.84995676453325 9.20184947094822e-124
0.26257833804924 0.143558540861163 0.0810186674580869 198412 9.77025162873004 1.5044305816042e-121
0.282384792005376 0.148099875518539 0.0809516989207216 198501 9.61859184393492 1.87253311780788e-118
0.2115426943958 0.139769716013594 0.081029046267144 198502 9.43639610228844 6.79315986004889e-115
0.267510703412189 0.127314006422979 0.0811971907342026 198503 9.33579584880192 1.37671544567751e-112
0.323064302464384 0.128488642157183 0.081340947568261 198504 9.21970545849816 2.53940285942838e-110
0.317535816754414 0.132977277083491 0.0814762276171959 198505 9.06968106867571 1.1037510625082e-107
0.311465419663289 0.133787402374401 0.0817765567099166 198506 8.90466922688828 8.63940869107767e-105
0.308810159215493 0.118425991339995 0.0820648743018345 198507 8.73997257281501 6.53802382215752e-102
0.248879879787781 0.130563521887235 0.0823797921324834 198508 8.63281400293092 4.87282386046619e-100
0.316847409152915 0.134585594820947 0.0825277545619267 198509 8.5187467592449 7.50719388630701e-98
0.272031224577371 0.144654109627458 0.0826138300415474 198510 8.34655722945432 5.86281250932959e-95
0.276321235446879 0.150556530071503 0.0827658776798986 198511 8.17729296708756 6.50517399134718e-92
0.223301389870573 0.143120552487213 0.0830358663591318 198512 7.98775843740477 1.50259680364826e-88
0.150803729943267 0.133453785027998 0.0833347403106254 198601 7.86845535620522 3.29979390352625e-86
0.260020057015912 0.127129338632303 0.0835266683856032 198602 7.82865315283027 5.22716368125286e-85
0.233286537257121 0.12958142654945 0.0838016818908747 198603 7.71529873267899 4.85430206412881e-83
0.200815839339482 0.11808833121667 0.0841587902797904 198604 7.61386049880867 3.4619452618972e-81
0.191906192469736 0.115043411561586 0.0845065950882473 198605 7.55488165758608 5.65545378157476e-80
0.14695699169534 0.113242906272644 0.0848443314343411 198606 7.50586693319412 6.48291966035279e-79
0.174826931651353 0.106560601057472 0.0851771186970174 198607 7.48079207747419 3.77474434728018e-78
0.278154980355372 0.0869195218331688 0.0854200011318702 198608 7.4521485262751 2.11215945008527e-77
0.254023085404407 0.0976186267373594 0.0857628565511606 198609 7.47486162181469 1.75791112710272e-77
0.31740415960425 0.0873421750301079 0.0860384014742763 198610 7.45685655954371 5.40502405980999e-77
0.010771456012989 0.110439606381933 0.0863194691758607 198611 7.49227672045243 2.65896054936402e-77
-0.0818051652203643 0.0953253580645793 0.0865215074069738 198612 7.54093028485424 1.68047947285612e-77
0.015914631799028 0.087782028471926 0.0866161793105619 198701 7.59522418040425 6.3401313740766e-78
-0.061312190069562 0.0918655190233366 0.0868711850130697 198702 7.6009509832428 1.2037485879653e-77
-0.0575984306233858 0.0700805809555478 0.0870861855303151 198703 7.63432779917971 8.80610456369863e-78
-0.0969484244864022 0.055283938994438 0.0872529445534957 198704 7.60235876953449 4.5513602050673e-77
-0.0699590762385605 0.0548931381646452 0.0874061703923188 198705 7.51588775707777 1.16860671177786e-75
-0.0726495267678492 0.056724536010377 0.087493232996563 198706 7.43832436450703 2.49834587436503e-74
-0.0644472871732485 0.0501794934470843 0.087620727447154 198707 7.36388905504236 4.57903507866428e-73
-0.114071851701833 0.085060452380021 0.08789847417151 198708 7.27560458461611 1.38107389425982e-71
-0.180773174156118 0.0805710730345616 0.0881402858326932 198709 7.29519095447537 1.22743485485748e-71
-0.120689687654751 0.0732690926376928 0.0884735182073612 198710 7.30880527153464 9.56723216134016e-72
0.153457560792022 0.0785909120884985 0.0883607430808091 198711 7.27702458348944 3.56684191389855e-71
0.213204972841876 0.104950716159583 0.0881141258224016 198712 7.29519916092716 4.84144404687726e-71
0.164657316578457 0.122336050843226 0.0880096403028309 198801 7.26491950117714 2.2959125012772e-70
0.185022690090951 0.0987645635743343 0.0877938573109633 198802 7.22516546238738 1.93395831037968e-69
0.117698554618746 0.102469225879386 0.0875840560296727 198803 7.21069298548737 5.99922251722775e-69
0.158320875543541 0.0965427738190583 0.0873181590836841 198804 7.20405916037569 1.67798474004898e-68
0.196962708661158 0.107461294217633 0.0870918609033644 198805 7.19467647802444 4.66825368765373e-68
0.235331086864333 0.108578820183686 0.086862347415331 198806 7.15986669436688 2.56877345310182e-67
0.177457237472494 0.110265256313497 0.0866452604216602 198807 7.11179202130476 1.82222155000616e-66
0.260919439577288 0.134053773237621 0.086357700089105 198808 7.07738138399181 1.04164639316443e-65
0.310061985262083 0.141766904459573 0.0859755386094981 198809 6.94325100896773 9.45532811717954e-64
0.270510193443798 0.149835619334906 0.0856803025719778 198810 6.74011793649579 4.6412353167916e-61
0.222707159825178 0.142164718511188 0.0857769891029621 198811 6.54848892832921 2.23299326198894e-58
0.257110552726118 0.132940565052617 0.0859585104473196 198812 6.42598225194432 1.63022698115286e-56
0.253677325556675 0.134199127364625 0.086070457539967 198901 6.29241112943783 1.04284513279628e-54
0.113709079670812 0.129758671583367 0.0862110146884769 198902 6.15778522260082 6.60180830612097e-53
0.146905489204019 0.119890699917176 0.086255677865683 198903 6.15273474129769 2.22623726560888e-52
0.149152571386421 0.129031831968742 0.0863577532165015 198904 6.12230399047951 1.09156852848091e-51
0.0732994876672996 0.125577003095701 0.0865141958691813 198905 6.08543328648832 7.16190120633528e-51
0.119828232771572 0.120472921146784 0.0867243892180445 198906 6.11416314637093 1.00572379783093e-50
0.121638188016811 0.118128819094085 0.0868523622057095 198907 6.10266005074088 3.1898139286276e-50
0.0333284708652008 0.117734078117881 0.0870975271034159 198908 6.09008768938746 9.91084925924374e-50
-0.0878366722721145 0.102469322294851 0.0874111198715716 198909 6.13942765895639 7.50721234061692e-50
-0.143518080927066 0.0975412189885593 0.0876682814917573 198910 6.2224086466581 1.83007366542863e-50
-0.125639482423279 0.0970594302254777 0.0878576768330384 198911 6.31264637018282 3.06382807938047e-51
-0.0757825317064802 0.0969622333581894 0.088094725678827 198912 6.39089465200953 7.1408299725974e-52
-0.0631865540102422 0.0914300964925551 0.0883263097346002 199001 6.44444103810198 3.40072822541552e-52
0.0631875997784579 0.0836652408236421 0.0883617605306005 199002 6.47218536327363 2.96122158960299e-52
0.120427966724885 0.0931883915477353 0.0884434114771464 199003 6.47020521662447 6.09353664033826e-52
0.126460287021552 0.093800287856441 0.0885279646246524 199004 6.46775154204584 1.26117262067028e-51
0.156020086769828 0.0856721186508934 0.0885067845454349 199005 6.46456296217809 2.64260243356513e-51
0.109203226417464 0.084295363804994 0.0885502865568601 199006 6.47239728985097 4.20531945449191e-51
0.0675604544576856 0.0639416205126379 0.0885961782371097 199007 6.47492864951742 7.80035911123335e-51
0.126050909130261 0.0817120311220524 0.0885196301659575 199008 6.47034777888852 1.92873036205143e-50
0.253070869929008 0.0801343636045727 0.088275707202696 199009 6.47776151019523 3.20344072949691e-50
0.298488553948943 0.0915562893087147 0.0879555500367709 199010 6.52946858431766 1.66349338399336e-50
0.327823192526478 0.0970683753102957 0.0876609361988949 199011 6.54550157312457 1.61698441765448e-50
0.222171658927421 0.0896570971404749 0.0874358074552236 199012 6.53790321995266 2.38802014065e-50
0.298280621858093 0.0668000685816572 0.0872286240144183 199101 6.54480152751304 3.49762895050955e-50
0.24498932480787 0.0582317406325523 0.0871956006294788 199102 6.68454815232917 2.60066795745667e-51
0.184695520374552 0.0514829868146382 0.0872411868655493 199103 6.82104938164011 2.67508432327976e-52
0.13089232693111 0.0491827309199281 0.0872949116602836 199104 6.92545375585277 6.97113409259955e-53
0.142298351901515 0.0506132543198997 0.0873889269477111 199105 6.9830595372247 5.61623097566362e-53
0.107803750158672 0.0527744658871134 0.0874187279032709 199106 7.04883870763386 3.68890608406771e-53
0.133650324898471 0.0447955573328582 0.0873916361250368 199107 7.07986430987298 5.10818522201415e-53
0.127424549317667 0.0828405536596638 0.0874443054343082 199108 7.14924760189395 3.51220848733381e-53
0.0785760063280542 0.0726941711032603 0.0876696476989269 199109 7.15516402369954 6.37679905391323e-53
0.104336216690836 0.0737998804521916 0.0879560864302448 199110 7.15466844878699 1.40733524479585e-52
0.0999016196229706 0.0745515866982225 0.088281550617621 199111 7.16269721344852 2.56792280494113e-52
0.181318722219838 0.0758011982198817 0.0884629735286099 199112 7.16877472471951 4.87523953184563e-52
0.0930067475081913 0.0817553546111533 0.0887468945682979 199201 7.20558544315519 4.4944345803018e-52
0.107043113539983 0.0562200730766995 0.0889580329875406 199202 7.20687628893983 9.18263552309385e-52
0.0969299993880217 0.0819460773370153 0.0890872333753773 199203 7.2336866646858 1.37355852252911e-51
0.14548128424156 0.0914280546474839 0.0891435744718136 199204 7.23565625733026 2.76518364746833e-51
0.103076018599857 0.0976533416543588 0.0892151152220555 199205 7.23539115924079 5.62783504671371e-51
0.127821978878952 0.0919110770564306 0.0892400999464327 199206 7.23364011195033 1.22440428450823e-50
0.153813166950515 0.0930620955453775 0.0892997109866367 199207 7.23256575811461 2.56028870646427e-50
0.112823018400773 0.0783260504858629 0.0893508166680456 199208 7.2305609108598 5.34478866914563e-50
0.173183175816181 0.0698554835759671 0.0893363925578181 199209 7.23855530505553 9.57112877675136e-50
0.160186316446156 0.072765564278605 0.0893564457986376 199210 7.28752330587396 7.54878669509335e-50
0.163932377609183 0.0710242071066169 0.0893705248024084 199211 7.32279363174233 7.83743475632135e-50
0.104720134688647 0.0664157907844702 0.089493122398965 199212 7.36385043939081 7.34368710817979e-50
0.105407453680799 0.0642723775341861 0.0894978009943168 199301 7.37862882589155 1.26895891301931e-49
0.124597390509966 0.0692174275645479 0.0895211325269573 199302 7.39582925608221 2.13632538302945e-49
0.0973229725903071 0.0803626762240136 0.0895309716595749 199303 7.4185782766417 3.05559777226434e-49
0.0259940180340285 0.0864964843393048 0.0896051763181717 199304 7.42130970958934 6.12034261666662e-49
0.0639515372774959 0.0857735867870894 0.0896230184933793 199305 7.42029973406435 1.26005582276189e-48
0.0422829606748696 0.0917015141464229 0.089673546218757 199306 7.4187183312885 2.68757412608884e-48
0.00912181461073441 0.083014311275478 0.0897582749119297 199307 7.42300522579561 5.03859873084403e-48
0.0406515199791407 0.077180897773742 0.089788703333419 199308 7.41639185753968 1.13845810939828e-47
0.0445872102045291 0.0822115731238837 0.0898985774737125 199309 7.40573840123703 2.91916828448871e-47
0.0235975395258175 0.0784619279737888 0.0899910613407815 199310 7.39999669917741 6.67263884152131e-47
0.0244827129300614 0.0816206354046931 0.0900882246998727 199311 7.38731403421219 1.72947422725711e-46
0.0036282923516019 0.0829648350965748 0.0901074266814852 199312 7.37877349524759 4.08252252384533e-46
-0.00208094650501669 0.0838375856721769 0.0901274791415106 199401 7.37127837871716 9.17448659895508e-46
-0.010846951795815 0.0805515053188288 0.0901725968265478 199402 7.36542276249723 1.97583500260787e-45
0.0524427099643009 0.0847262890032293 0.090181943722971 199403 7.35236361756133 4.83595371087637e-45
0.124648900309571 0.090312845708888 0.0900981474753353 199404 7.34906982107659 1.0357438811862e-44
0.140374040069114 0.0944185479011909 0.0900640580226654 199405 7.34993631878247 2.04429220788072e-44
0.165334960112428 0.0938041191502876 0.0900018430521604 199406 7.34716571894098 4.277751081093e-44
0.224313491022194 0.0886234621739038 0.0898966674625097 199407 7.34548359225028 8.56848062419973e-44
0.234638279995637 0.104969357050141 0.0898327127255183 199408 7.36539744764706 1.07163054371027e-43
0.201918710820277 0.0979874707554908 0.0897740285458543 199409 7.33421433218855 3.39010795902591e-43
0.258612448536783 0.088308318747712 0.0896883077051547 199410 7.32401634796956 7.56016269933153e-43
0.231003180031439 0.0943852756033025 0.0896039537662477 199411 7.35472749732992 7.31982253724787e-43
0.311165661093867 0.0881506097449513 0.0894928741003373 199412 7.35642671813767 1.25194410363778e-42
0.313335073245362 0.0936654734855193 0.0893747143318143 199501 7.40741454627245 7.47595810684016e-43
0.317922461115432 0.0890992367628655 0.0892455627002065 199502 7.42948381776591 7.35593664968665e-43
0.295467082586547 0.0908202325503203 0.0891981973813701 199503 7.47792858476036 4.52009298811797e-43
0.280547292677713 0.0852313603261159 0.089243763837576 199504 7.50892067780663 4.02897958584048e-43
0.280254709655194 0.0780978852750652 0.0893093996222121 199505 7.56213853064583 2.57260764980214e-43
0.273853756755676 0.0799859966824683 0.0894068682895073 199506 7.65122348142514 9.12070588771953e-44
0.235024477787347 0.0761209316344584 0.0895796040420459 199507 7.72823239150531 4.04426470197881e-44
0.137388469680097 0.0709623248446961 0.0897651010701196 199508 7.79998547101473 2.20517047275374e-44
0.158448065752475 0.0666558298594401 0.0899083368424697 199509 7.82905755739458 2.97848479211953e-44
0.174506525915205 0.0763180406217752 0.0901235206584064 199510 7.88038398861303 2.81317663806743e-44
0.197780812262496 0.067709405941137 0.0903029851926395 199511 7.91903460262812 3.05066593641993e-44
0.219484739602992 0.0641357376767206 0.0905839809635062 199512 7.99793811089541 1.73022475441266e-44
0.191921580673838 0.0585615344682707 0.0908670192002049 199601 8.109291099285 5.70037984318639e-45
0.218348910217832 0.0630076417476302 0.0911551606239552 199602 8.21516902373167 2.32098501019651e-45
0.200294655318421 0.0560207709045134 0.0914141110953907 199603 8.33238579970297 7.17826905765457e-46
0.142065303374114 0.0530689147267195 0.0916535201860012 199604 8.45820236042328 2.17489443860165e-46
0.16090735072766 0.0602658617018208 0.091891954053851 199605 8.52897585010705 1.90098520654063e-46
0.203292629395631 0.0623558682084115 0.0921217038047371 199606 8.60204372190354 1.44400572849845e-46
0.254449908085753 0.0616685600448452 0.0923019090682713 199607 8.71067076107865 5.60397421902785e-47
0.385968268298754 0.0504739036197934 0.0923586931496464 199608 8.87812421458386 7.35739251093473e-48
0.316643019061433 0.0641520727677428 0.0924418244359393 199609 9.31550007969145 6.74951963525549e-51
0.319767281957793 0.0590894977799807 0.0925449207945816 199610 9.55071109150744 2.13550532017421e-52
0.272664082688187 0.0468499498165303 0.0926769608089704 199611 9.82772492900387 3.31287411075436e-54
0.241332662096125 0.0496629771902602 0.0928358677999404 199612 10.1128039172151 6.11227222713896e-56
0.271650101735568 0.04097789538412 0.0929598799562281 199701 10.3348545226704 3.60939007570855e-57
0.22446146172519 0.0515336693844992 0.0931166162440551 199702 10.6588586305735 3.58167502121371e-59
0.297038160547995 0.0462968893547541 0.0932504215362828 199703 10.8503181730352 3.72855585504455e-60
0.394347484242463 0.0477525103205355 0.0933112879724896 199704 11.1937030587658 2.07042078109398e-62
0.362150957194811 0.0576341795814966 0.0933954673781622 199705 11.7268579285845 1.89209711347126e-66
0.265282163401159 0.0475847418173377 0.0935321553906218 199706 12.1202474820694 2.18898463877972e-69
0.256823014621753 0.0364826766194588 0.0937320532200567 199707 12.4129442809349 3.0084813439425e-71
0.161271528793816 0.0523445436561066 0.0940946291692859 199708 12.7584759892679 1.91056406940836e-73
0.0291934739108303 0.0443892802693087 0.094370401647467 199709 12.8670222406528 1.16149804477287e-73
0.0369147928745309 0.0574906806399281 0.0946493581825045 199710 12.8194785404953 1.87968383058977e-72
0.14315465683679 0.0559044036933029 0.0948694011052557 199711 12.785453106536 1.78140611512298e-71
0.172139429710037 0.0673789070524949 0.0950502199459851 199712 12.8619439178202 2.01222438324531e-71
0.217649827082467 0.0590071596071518 0.095267975657193 199801 12.9414765599866 1.77518738084067e-71
0.24964394666077 0.0602899927396698 0.0954270809356019 199802 13.1082351754895 3.06223539270481e-72
0.140054305973332 0.0575622127868351 0.0956750650433662 199803 13.3177674609678 2.12904399488928e-73
0.12790279061917 0.0476231616711245 0.0960419844772717 199804 13.3881069585091 2.83624044384321e-73
0.162298486693897 0.04161920113867 0.0963684985542258 199805 13.4649132321532 4.13554557176985e-73
0.167933458829966 0.0465684795672743 0.0965755005944793 199806 13.6140721143488 1.69036383011008e-73
0.183070747291892 0.0523028071370343 0.0967716419825176 199807 13.7568235687071 7.06124986716784e-74
0.172498413764179 0.039700875680427 0.0968504926998908 199808 13.9045155565293 2.37818021278203e-74
0.332744459906625 0.0380696038289583 0.0967678833973401 199809 14.0804405946783 6.35742959194233e-75
0.244239698331933 0.0602085859773223 0.0966948918235318 199810 14.6243717494031 9.29278810155932e-79
0.235546836189145 0.0528009352609818 0.0967514810622812 199811 14.8382134118606 6.93223485493675e-80
0.210038648179241 0.0402608234634492 0.096843193895186 199812 15.0766087816369 3.76788280855871e-81
0.225129758985042 0.0353409716346877 0.0969899820278559 199901 15.3288255085601 2.21311220954834e-82
0.143086978352997 0.0234799450633077 0.0971752416936725 199902 15.6404310295474 4.4834240267568e-84
0.209493495052431 0.0246641753515517 0.0972272163170418 199903 15.8169852879077 2.22289978209445e-84
0.226578138710822 0.0230848468879273 0.0972643538161969 199904 16.1494941065444 4.37201679282242e-86
0.119411897351233 0.00827575173728079 0.0973429924291083 199905 16.5370798921892 2.90103900009372e-88
0.10085083654849 0.00929354308808261 0.0974282466155827 199906 16.7061296567035 3.20339171925484e-88
0.099613978011094 0.0215544608021827 0.0975315548190524 199907 16.8246296698522 9.57007906558787e-88
0.110492574621186 0.0337977503278666 0.0976218763358537 199908 16.9108149574224 3.46948232152381e-87
0.193041597889198 0.0414328736973542 0.0979048156662638 199909 16.9921162715238 9.41540644573401e-87
0.16687731468737 0.045895623196857 0.0980806989386985 199910 17.2113746801412 1.27631351553627e-87
0.0814691307824103 0.0462588456820054 0.098245724313549 199911 17.3633660364295 6.23019302357125e-88
-0.0628486281286092 0.0260368027523481 0.0983797685867692 199912 17.3776490958394 4.87344939269774e-87
-0.124531270620217 0.0217495541831216 0.0985315649824558 200001 17.1844019258931 3.3624145447846e-84
-0.0442232629752723 0.0236756797786953 0.0985848609314636 200002 16.9004424114735 1.20166935196079e-80
-0.174316892302829 0.0366684857369606 0.0987173682601625 200003 16.7230673238117 5.37924629872424e-78
-0.300319477739629 0.0445145879035344 0.0988699467451871 200004 16.4677769790915 4.74296804601807e-75
-0.159070230299054 0.0287742083658405 0.0988944305957307 200005 16.256516884975 8.92287678651514e-73
-0.108734930028547 0.0325459521645315 0.0988967596504364 200006 15.9493452236273 2.00561986673261e-69
-0.174645298039294 0.0324835291257814 0.0988976124665608 200007 15.7032011448568 1.30796692833763e-66
-0.172605937691415 -0.0152315133368489 0.0989113832054618 200008 15.3946007417123 1.82507663752803e-63
-0.308678053061332 -0.00314484283202049 0.0990230441955967 200009 14.8127668269359 1.04496686475077e-57
-0.351997201729998 -0.0135731143338916 0.0991034402506817 200010 14.0465755612573 2.22975463898674e-51
-0.30330442276783 -0.00763133420165368 0.0990825712453938 200011 13.0557456356077 6.45399774616901e-44
-0.121335602937869 -0.00777583927025416 0.0988911632083087 200012 12.1562812602419 1.34236789000649e-37
-0.120647473149103 0.0140389431813789 0.0986273822946977 200101 11.6513134608618 1.09184594436098e-33
-0.169775304044687 0.0179017780393413 0.0984589263450869 200102 11.2342022004266 9.41777017225836e-31
-0.0899114438275226 0.0244270106449622 0.0981376356281871 200103 10.7371842620679 1.15103452148132e-27
0.0237123889882976 0.0500461441043547 0.0976688625536368 200104 10.414333570589 1.42021985924988e-25
-0.108119297710883 0.070073393584959 0.0973671714927053 200105 10.3408237458755 7.74688165712461e-25
-0.13094311127614 0.0575685603940341 0.0971252676176803 200106 10.2333315026978 4.2570137449966e-24
-0.187635065357725 0.0721636800751061 0.0968066620307437 200107 10.0351177650989 5.94565605225152e-23
-0.252873298147549 0.0551841011723917 0.0964911906024976 200108 9.9397074410232 2.45572594926883e-22
-0.183021268227937 0.0587361862446435 0.0960173084461656 200109 9.66276981578669 5.56220088296135e-21
-0.196736780212417 0.0748240761099849 0.0954939270090439 200110 9.44037233341308 7.06201355156299e-20
-0.146408111425215 0.0836680947166261 0.0950285847105878 200111 9.37211662856625 1.94037052251766e-19
-0.161657015350342 0.0708914772804642 0.0947764119977108 200112 9.37416419128635 2.90469949676279e-19
-0.237262843127595 0.0685898493273263 0.094525627498122 200201 9.26682232081248 1.12293982748007e-18
-0.249187766583107 0.0731669486658774 0.0942183008335373 200202 9.14079198483687 4.63762009344761e-18
-0.245413214792341 0.0871526497790321 0.0940044451486813 200203 9.07489046524896 1.10197164246061e-17
-0.276355554882633 0.0910405909476742 0.0939228998399105 200204 9.19691051519755 5.64482481830496e-18
-0.144616182976963 0.0917325695337294 0.0936887837361437 200205 9.42199550718581 1.22000855375676e-18
-0.0725498700541928 0.106408239505414 0.0934287931169165 200206 9.5181146048809 8.38603352580318e-19
0.0159670454497311 0.104825520368123 0.0931038638007609 200207 9.67335147894612 3.90331582122503e-19
0.123586614569529 0.0936248470508063 0.0927043520664095 200208 9.72855617900544 4.21349280258439e-19
0.141021185704745 0.0852693509456928 0.0923863294363122 200209 9.72936156561998 6.93988283311079e-19
0.237049956292437 0.081249662010012 0.0920532382961639 200210 9.75068223059575 9.76706457618783e-19
0.219957119651561 0.0922797764928194 0.0917788293781876 200211 9.86734150022679 6.41927788795235e-19
0.175033903580882 0.0716810452604679 0.0914875238095341 200212 9.90032556457535 8.07118740243568e-19
0.275964909598283 0.0637883929423754 0.0911100836637969 200301 9.99752443448838 6.69621972956166e-19
0.322932239954493 0.0727600837945905 0.0907198338355321 200302 10.3155389988514 1.01131325032455e-19
0.355488828923354 0.0747521002987467 0.0903348017065196 200303 10.6365671435788 1.31945602802211e-20
0.331282806101721 0.0688418056357491 0.0899152475227792 200304 11.0030993981808 1.10733113662856e-21
0.233708247687127 0.0690258820318353 0.089647211602208 200305 11.3988235320966 7.39012154092881e-23
0.186344425898039 0.0636851583730353 0.0894620551162989 200306 11.6027534447753 2.61922122412956e-23
0.190473007403802 0.0576793071947325 0.0893782523686745 200307 11.7606917398673 1.47603662080024e-23
0.12615577272245 0.0716141459496683 0.0894172140568304 200308 11.9628291831664 6.11232939744641e-24
0.104239791906276 0.0747865407097356 0.0894759216468736 200309 12.0047558766129 9.02823921539639e-24
0.132863037423371 0.0751605690426603 0.0896436194135162 200310 12.020613894386 1.63845228480678e-23
0.0884626587933543 0.0851053334694313 0.0897915348507898 200311 12.0602051631549 2.42984759268763e-23
0.120195950757745 0.0849909190706414 0.0898881815273546 200312 12.0604333552003 4.85023700301991e-23
0.112694472995795 0.0874871929174346 0.0900989139487259 200401 12.070569751754 8.89040010273378e-23
0.064393330304151 0.0881096308282536 0.0903623000641171 200402 12.074949601078 1.69936079484454e-22
0.0701915874214609 0.0937734338452468 0.0906618780628281 200403 12.0742332914902 3.36895701057144e-22
0.0648111369002573 0.0925830058963936 0.0909334592457162 200404 12.0786422370554 6.39945469342653e-22
0.0581733795699334 0.0951283036709659 0.0910944229305431 200405 12.0826678724155 1.21352454380239e-21
0.0841108710417133 0.0867578781852889 0.0912016864473984 200406 12.0923705963262 2.20062113042041e-21
0.0728648217670858 0.0835892169793211 0.0913133527251896 200407 12.0914964248754 4.31906761019542e-21
0.154028228874293 0.0985571678763798 0.0913525015117034 200408 12.0871671195029 8.70554552002678e-21
0.14288745022428 0.105422596553731 0.0913669653617534 200409 12.0783115930001 1.79136331863046e-20
0.133701746839227 0.106992882035023 0.0914134856219122 200410 12.0564142056572 4.1160247634042e-20
0.100764188069349 0.104420253919455 0.0914101812245677 200411 12.0361754001256 9.33116873958773e-20
0.0933819581004298 0.100166150209982 0.0914423800719203 200412 12.034677487358 1.82694094713798e-19
0.0588110991327837 0.101805913324211 0.0914661254271425 200501 12.0356835515353 3.45381415891e-19
0.118493134082896 0.0994863185628677 0.0914359102540142 200502 12.0571344573771 5.68326596079375e-19
0.0986003508364606 0.102758460739457 0.091412226505037 200503 12.0504765641429 1.12007113717873e-18
0.134491642621202 0.1033226378231 0.0913826039108223 200504 12.0498132079814 2.13090486681803e-18
0.169625358368122 0.108039376418851 0.0913456637280182 200505 12.0341855129383 4.43743683958084e-18
0.0995593482607645 0.10452424508387 0.0913376250694778 200506 11.9964742342348 1.06586054462178e-17
0.0920910536532386 0.102462158481823 0.0913171225130934 200507 11.9956518145577 2.00133450313325e-17
0.0475258228381167 0.0985297041007821 0.0913866470212544 200508 11.9981785829848 3.6410425678127e-17
0.0809730929018666 0.0984105666896578 0.0914436800259089 200509 12.0196343116034 5.82082097805693e-17
0.0954539645723257 0.103182266471872 0.0914904256750387 200510 12.0245378024166 1.02780928372656e-16
0.148862069516864 0.102716513419505 0.0915006729263031 200511 12.0256220507617 1.86890514110616e-16
0.131487208744528 0.10157605043636 0.0915027494000052 200512 12.0075340116511 3.75467092981991e-16
0.143407484986357 0.0910644544554185 0.0914667056841648 200601 11.9954246088444 7.22899608815355e-16
0.128302193636906 0.0913620226044326 0.0914964704731502 200602 12.0040743692812 1.21686746101261e-15
0.11197612306532 0.094767077064232 0.0915042855230549 200603 12.0081579457582 2.09748365309272e-15
0.104880399985054 0.0942189216038856 0.0915515243770089 200604 12.0064389631986 3.72435876254209e-15
0.132586786419418 0.0968188911210938 0.0916372256217851 200605 12.0054290765394 6.55691896368489e-15
0.200339988326123 0.0992172496382043 0.0916459121597664 200606 12.0007825293271 1.1714008947218e-14
0.184117152819236 0.107101561391754 0.0916463997189049 200607 11.9967269999634 2.05936008723846e-14
0.154057321650613 0.100029985842621 0.0915981277529522 200608 11.9588046855098 4.35864631351913e-14
0.143163647013468 0.103693277629323 0.0915865156930057 200609 11.9465222859121 7.94765964005001e-14
0.155700863564312 0.100390106337858 0.0915907377987691 200610 11.927825106311 1.49727506613404e-13
0.140926100243686 0.0956740047114407 0.0916531929042414 200611 11.914451334214 2.70659289344158e-13
0.0739105427003246 0.0936312957287387 0.0916965850783594 200612 11.9122837273564 4.59613861585388e-13
0.0552724390186594 0.0953136804221233 0.0917528537398479 200701 11.9149156433917 7.60824638081825e-13
-0.0264327521979738 0.0957369375116817 0.0917925812832143 200702 11.9252091048403 1.21242432701266e-12
-0.0405535230000112 0.0918296922010022 0.0918144960951384 200703 11.9878652833235 1.51574617436784e-12
-0.0592213972797188 0.0971039394748044 0.0918286673574919 200704 12.0385008206564 1.99542166525616e-12
-0.0510760788999753 0.0989605384234374 0.0918728256663347 200705 12.1441851126163 2.07891814485806e-12
-0.0667310245081532 0.0899692442141655 0.091990214370512 200706 12.2550136839142 2.14643989298511e-12
-0.137328770509444 0.0833308663702458 0.0920898110607268 200707 12.3149475776554 2.7439791367786e-12
-0.109681000811784 0.0786963244796792 0.0921567306185993 200708 12.3778844067125 3.41252205217184e-12
-0.106528288840791 0.0690993837919019 0.0922117542608807 200709 12.372629559075 5.7360648229377e-12
-0.23661629418078 0.0654084642629905 0.0922801692493542 200710 12.2774119534411 1.41130104947969e-11
-0.445733142681491 0.0548719582837471 0.0923325330071522 200711 12.1819222886971 3.23819468074e-11
-0.481329398722564 0.0530834959856627 0.0923127244154244 200712 12.0795699641958 6.62041351651196e-11
-0.458060972990473 0.0474741531881641 0.092272938931647 200801 11.9643761153709 1.31524499255915e-10
-0.479275358202094 0.0481092732422789 0.0921455723102633 200802 11.586088773658 6.63652007865409e-10
-0.555589452841207 0.0548526914675257 0.0920033439122887 200803 11.1798654011181 3.09360010416058e-09
-0.462057996676012 0.057772118415136 0.0918414330544814 200804 11.1866981093457 2.67558947838217e-09
-0.411624013937272 0.0639801995048722 0.0916885801005195 200805 11.0660039937313 3.55870191070634e-09
-0.381030554390686 0.0555820273017231 0.0915193283861939 200806 11.1221207288462 2.50281528279097e-09
-0.290319499622866 0.0542713518734222 0.09127509348876 200807 10.5606731043602 1.18422861917863e-08
-0.20964228889094 0.0612846666713592 0.0910608545822562 200808 9.64132377124293 1.60271812293348e-07
-0.193251678050657 0.068900446044034 0.0908504295093882 200809 8.92540688130676 1.08722828236962e-06
-0.0578657746570473 0.0788511454573373 0.0905020606543987 200810 8.48185439435406 3.13253971678698e-06
0.104031356253245 0.100795568548659 0.0899322039027133 200811 8.34426541407714 5.22136197883323e-06
0.239676169882796 0.116324137138649 0.0893257690803935 200812 8.32801636415432 7.27663005021582e-06
0.249651802729859 0.113458161945047 0.0887452953348253 200901 7.79555672380389 2.8800258022283e-05
0.300161159095467 0.108999599559244 0.0881435785408243 200902 7.2675831819546 9.68733273274036e-05
0.439956951173114 0.0944683012387726 0.0874623795658168 200903 6.73386918446162 0.000266011299188074
0.415337750589309 0.0862138890752605 0.0868814912188382 200904 7.14821327544343 8.93708562971998e-05
0.338111701564922 0.104449798432027 0.0863550862503523 200905 8.26281582719014 6.66724000151519e-06
0.20524542369721 0.0958375408766368 0.0858620634226719 200906 7.73182539161222 1.54901750111988e-05
0.143755483355345 0.0897176752384577 0.0854656655690939 200907 7.55124580132315 2.5522264183311e-05
0.136395315969829 0.090950832272828 0.0851550256170307 200908 7.51725065796886 3.44226212807397e-05
0.0547708147294526 0.100084117379534 0.0848622740884632 200909 7.46119924566828 4.84667534428536e-05
0.105895971243551 0.110872987458263 0.084712349667512 200910 7.64912993212532 4.77535038835238e-05
0.170299743543127 0.111183951814735 0.0847326214477699 200911 7.58883667247334 7.9481177118205e-05
0.122271888211963 0.107920298637125 0.0848950360687709 200912 7.07682605726642 0.000244982555770089
0.161114501928076 0.0997146832559924 0.0850675562432852 201001 6.90551178184006 0.000429193934201199
0.215094581025842 0.104926524640806 0.0852925495517079 201002 6.65005796378463 0.000746199203359699
0.216061231656937 0.110286950988393 0.0856631497623886 201003 6.06604697837622 0.00180512627396899
0.159367455573846 0.115518214668506 0.0860072777381996 201004 NA NA
0.168054250719422 0.113076433094466 0.0862701603490721 201005 NA NA
0.237351027390296 0.120826162177602 0.0863940929150597 201006 NA NA
0.276795684192148 0.114724430877192 0.08645378218711 201007 NA NA
0.185815000196322 0.105578511461795 0.0865056964633914 201008 NA NA
0.172922504173645 0.103351683498752 0.0864727422767518 201009 NA NA
0.00277663603211826 0.0989341119311266 0.0864928908545182 201010 NA NA
0.0721223826530546 0.0959348100959544 0.0865797373339882 201011 NA NA
0.0632369850044524 0.0947679628267614 0.0866166857303423 201012 NA NA
0.00454113936416084 0.0960276670767162 0.0866937258711879 201101 NA NA
0.0340047533708992 0.0948927115820445 0.0868263713827113 201102 NA NA
0.0428543686478818 0.0875603775195112 0.0869597406915598 201103 NA NA
0.0688911098558353 0.0904824814677227 0.0870343878203045 201104 NA NA
0.0317673219816365 0.0956577414252975 0.087117827431941 201105 NA NA
-0.0192434767414097 0.0888424521843963 0.087272388337248 201106 NA NA
0.0365739195916599 0.0867601382632128 0.087467170758476 201107 NA NA
0.0683258184336871 0.0848816457267117 0.0875681438893157 201108 NA NA
0.155266286010063 0.0898752710200129 0.0876556868229407 201109 NA NA
0.261232613149235 0.091825987913876 0.0875687205823763 201110 NA NA
0.136069470195229 0.0929541886487322 0.087552910615202 201111 NA NA
0.146742355906659 0.0841025320387774 0.0875280477055795 201112 NA NA
0.151199353330823 0.0859721062537371 0.087443280689909 201201 NA NA
0.156137166041417 0.0898591586640171 0.0873887515803998 201202 NA NA
0.125703627757716 0.084620982967332 0.0873433546559019 201203 NA NA
0.134586567310668 0.0740755211784946 0.087324564182582 201204 NA NA
0.158602469181341 0.0717772698886908 0.0872680461335475 201205 NA NA
0.250009769302094 0.0713754429726697 0.0871598027159916 201206 NA NA
0.199774726973476 0.0762919842052824 0.0871084464894695 201207 NA NA
0.246867326668755 0.0938066882326464 0.0870893971709545 201208 NA NA
0.194115542483731 0.0921021060938276 0.0871584720330002 201209 NA NA
0.204090929061796 0.0869849507024381 0.0873346604349397 201210 NA NA
0.262695850629471 0.0897957234547232 0.0873839372901068 201211 NA NA
0.285550064893616 0.0893663952767985 0.0874438952887094 201212 NA NA
0.301432751706575 0.0849202362644342 0.0875082297569658 201301 NA NA
0.213465067540254 0.0861912663280957 0.0875774121524139 201302 NA NA
0.246098826733557 0.0818355614754069 0.0876158071328824 201303 NA NA
0.210880475056 0.0802611783015902 0.0876630614187756 201304 NA NA
0.193499096918018 0.0807922871361925 0.0877343573059741 201305 NA NA
0.186274619532778 0.0808635467149188 0.0878972844264522 201306 NA NA
0.224112408653074 0.0756502716582898 0.0880094985112536 201307 NA NA
0.148539896674975 0.0800181837167627 0.0881686746917721 201308 NA NA
0.21744368343887 0.0799059313608016 0.0882747276124848 201309 NA NA
0.160540326095318 0.0797094379688325 0.0883905438139341 201310 NA NA
0.144478055274142 0.0792062232668052 0.088564674989574 201311 NA NA
0.1389351811616 0.0740633479329807 0.0887612671950671 201312 NA NA
0.110622562523032 0.0725376388938559 0.0889733025734435 201401 NA NA
0.112792321084662 0.0685992632857642 0.0890972983552829 201402 NA NA
0.126835629966385 0.0652643300359947 0.08925351878153 201403 NA NA
0.111281656270518 0.0613865528785989 0.0893744203285225 201404 NA NA
0.11906612671827 0.0670330666461919 0.0894778211990185 201405 NA NA
0.112183787095328 0.0627611312372167 0.0895738497687941 201406 NA NA
0.0710003264809208 0.0598599592235801 0.0897071882810679 201407 NA NA
0.106893903916202 0.0649677020831006 0.0897654384873985 201408 NA NA
0.00316306795568324 0.0633476961879496 0.0898917275526324 201409 NA NA
-0.00812141781343485 0.060132519899988 0.0899615384207575 201410 NA NA
0.041634409674552 0.0522424387615388 0.0900153553179475 201411 NA NA
0.0220384894381543 0.0548274876760835 0.0900635997221325 201412 NA NA
0.000801974901012368 0.0448000098072885 0.090083854857897 201501 NA NA
-0.0269296195926238 0.0481272458793991 0.0901062057104824 201502 NA NA
-0.0869243164199457 0.0461869636589359 0.0901423211718943 201503 NA NA
